leadI,leadII,leadIII,leadaVR,leadaVL,leadaVF,leadV1,leadV2,leadV3,leadV4,leadV5,leadV6
1,-2,-3,0,2,-2,-1,0,1,2,1,1
3,-2,-4,0,3,-3,-3,0,2,4,1,3
4,6,3,-4,0,5,-7,-2,0,2,-1,1
4,21,17,-12,-6,19,-12,-6,-4,-1,-6,-3
4,34,30,-19,-13,32,-17,-11,-8,-5,-10,-7
4,41,37,-22,-17,39,-19,-13,-10,-7,-12,-8
4,38,34,-21,-15,36,-18,-12,-10,-6,-11,-7
5,27,23,-15,-10,25,-15,-9,-6,-3,-7,-4
5,13,9,-9,-3,11,-11,-5,-2,1,-3,0
5,5,1,-5,0,3,-8,-3,0,3,-1,2
5,7,3,-5,0,5,-8,-3,0,3,-2,1
5,18,14,-10,-5,16,-10,-6,-3,0,-5,-1
5,31,27,-17,-12,29,-13,-9,-7,-4,-9,-5
5,40,36,-21,-16,38,-14,-12,-10,-7,-11,-8
5,40,36,-21,-16,38,-14,-12,-10,-7,-12,-8
5,30,27,-16,-12,29,-11,-9,-8,-5,-10,-6
4,17,13,-10,-5,15,-7,-6,-4,-1,-6,-2
4,6,3,-5,-1,5,-4,-3,-2,1,-4,0
4,5,2,-4,0,3,-3,-3,-1,2,-3,0
4,12,9,-7,-4,11,-4,-5,-3,0,-6,-2
4,25,22,-13,-10,24,-6,-8,-6,-4,-9,-5
3,35,33,-18,-15,34,-8,-10,-8,-7,-12,-8
3,38,36,-19,-17,37,-8,-10,-9,-8,-13,-9
3,31,30,-16,-14,31,-6,-8,-7,-6,-11,-8
3,19,17,-10,-8,18,-2,-5,-4,-3,-8,-4
3,7,5,-5,-3,7,1,-2,-1,-1,-5,-1
3,3,0,-3,-1,2,3,0,0,0,-4,0
3,7,5,-5,-3,6,3,-1,0,0,-5,-1
3,19,16,-10,-8,18,1,-4,-3,-3,-8,-4
3,30,28,-15,-13,29,0,-6,-5,-5,-10,-6
3,35,33,-17,-15,35,-1,-6,-6,-7,-12,-8
3,32,30,-16,-14,32,0,-5,-6,-6,-11,-7
3,21,19,-11,-9,21,3,-3,-3,-4,-9,-5
2,9,7,-6,-4,8,6,0,0,-1,-6,-2
2,1,0,-2,0,1,8,1,1,0,-4,-1
2,2,1,-3,-1,2,8,2,2,0,-4,-1
2,12,10,-7,-5,11,7,0,0,-2,-6,-3
2,23,22,-12,-10,23,5,-1,-2,-4,-9,-6
2,31,30,-15,-14,31,4,-2,-3,-6,-10,-7
2,31,30,-15,-14,31,4,-2,-3,-6,-11,-8
2,23,21,-11,-10,22,6,0,-1,-4,-9,-6
2,10,9,-6,-4,9,8,2,1,-1,-6,-3
3,1,-1,-2,0,0,10,4,3,0,-4,-2
3,0,-3,-1,0,-1,11,5,3,1,-3,-1
3,6,4,-4,-2,5,10,4,2,0,-5,-3
3,18,16,-9,-7,17,8,2,0,-3,-7,-5
3,27,26,-13,-11,27,7,1,-1,-4,-8,-7
3,30,28,-14,-12,30,6,0,-2,-5,-9,-8
3,25,22,-12,-10,24,7,1,-1,-4,-8,-7
3,13,11,-8,-5,12,9,3,1,-2,-6,-5
3,3,0,-4,0,2,11,5,3,0,-5,-3
3,-1,-4,-2,1,-2,12,6,4,1,-4,-2
3,2,0,-4,0,1,11,5,3,0,-4,-3
3,13,10,-8,-4,12,9,4,1,-1,-6,-5
3,23,20,-11,-8,22,8,3,0,-3,-7,-6
3,28,25,-13,-10,27,7,2,-1,-4,-8,-7
3,26,23,-12,-9,25,7,2,-1,-4,-8,-7
3,16,13,-8,-5,15,8,3,0,-2,-6,-5
3,5,2,-4,-1,3,10,5,2,0,-5,-3
3,-1,-5,-2,1,-3,11,6,3,0,-4,-2
3,0,-4,-2,1,-2,11,6,3,0,-4,-2
3,8,4,-5,-2,6,9,5,2,-1,-5,-3
3,18,15,-9,-6,17,8,4,0,-3,-7,-4
3,25,22,-11,-8,24,7,3,0,-4,-7,-5
3,25,23,-12,-9,24,7,3,0,-4,-8,-5
3,18,15,-9,-6,16,7,4,0,-3,-7,-4
3,6,3,-5,-1,5,8,5,1,-2,-5,-3
3,-1,-5,-2,1,-3,9,5,2,-2,-5,-2
3,-3,-6,-2,2,-5,9,6,2,-1,-4,-2
3,3,0,-4,0,1,8,5,2,-2,-5,-2
3,14,11,-8,-4,12,7,4,1,-3,-6,-3
3,22,19,-10,-7,20,7,4,0,-4,-6,-4
3,25,21,-11,-8,23,6,3,0,-5,-7,-4
3,20,16,-10,-6,18,6,3,0,-4,-7,-4
3,10,6,-6,-2,8,7,4,0,-3,-6,-3
3,1,-3,-3,0,-1,7,4,0,-3,-6,-2
4,-3,-7,-2,2,-5,7,4,0,-2,-5,-2
4,0,-3,-3,1,-2,7,4,0,-3,-6,-2
4,9,6,-6,-2,8,6,4,0,-4,-7,-3
4,18,15,-9,-5,17,6,3,-1,-5,-7,-4
4,23,20,-10,-6,22,5,3,-2,-6,-8,-5
4,22,19,-10,-6,20,5,3,-2,-6,-8,-5
4,13,10,-7,-3,11,5,3,-2,-5,-8,-4
4,3,0,-4,0,1,5,3,-1,-5,-7,-4
4,-3,-6,-2,1,-4,5,3,-1,-5,-7,-4
3,-2,-5,-2,1,-3,5,3,-1,-5,-7,-4
3,5,3,-4,-2,4,5,3,-2,-6,-7,-5
3,15,13,-7,-5,14,5,3,-2,-7,-8,-5
3,21,19,-8,-6,20,4,2,-3,-7,-8,-6
3,21,19,-9,-6,20,4,2,-3,-8,-8,-6
3,15,12,-7,-4,14,4,2,-3,-8,-8,-6
3,5,2,-4,-1,4,4,2,-3,-8,-8,-6
3,-1,-4,-3,0,-2,4,2,-3,-8,-8,-6
3,-2,-5,-2,0,-4,4,2,-3,-8,-8,-6
3,3,0,-4,-1,2,3,1,-3,-8,-9,-7
3,12,10,-7,-4,11,3,1,-3,-8,-9,-7
3,19,17,-8,-5,18,3,1,-3,-8,-9,-7
3,22,19,-9,-6,21,3,1,-3,-8,-9,-7
3,18,15,-8,-4,16,3,1,-3,-8,-9,-7
3,8,5,-6,-1,7,3,1,-4,-8,-9,-7
3,0,-2,-4,0,-1,3,1,-4,-8,-9,-7
3,-3,-6,-3,1,-4,3,1,-5,-8,-9,-8
3,0,-3,-4,0,-1,2,1,-5,-8,-9,-8
3,9,6,-6,-2,7,2,1,-5,-9,-9,-8
3,16,13,-7,-4,15,2,1,-5,-8,-9,-8
3,20,17,-8,-5,19,2,1,-5,-8,-9,-8
3,19,16,-8,-5,17,2,1,-5,-9,-9,-8
3,11,8,-6,-2,9,2,1,-5,-9,-10,-8
3,3,0,-5,-1,1,2,1,-5,-9,-10,-8
3,-1,-5,-4,0,-3,2,1,-5,-9,-10,-8
3,-1,-4,-4,0,-3,1,1,-5,-9,-10,-8
3,6,3,-5,-1,5,1,0,-5,-9,-10,-8
3,15,11,-7,-3,13,1,0,-5,-9,-10,-8
3,20,17,-8,-4,19,1,0,-5,-9,-10,-8
3,21,18,-8,-4,20,1,0,-5,-9,-10,-8
3,15,12,-7,-3,14,0,0,-6,-9,-10,-8
3,7,4,-6,-2,5,0,0,-6,-9,-10,-8
3,1,-2,-5,-1,0,0,0,-6,-10,-10,-8
3,0,-3,-4,-1,-2,0,0,-6,-10,-10,-8
3,5,1,-5,-2,3,0,0,-6,-10,-10,-8
3,13,10,-7,-3,12,0,0,-6,-10,-10,-8
3,19,16,-7,-4,18,0,0,-6,-10,-10,-8
3,22,19,-8,-5,21,0,0,-6,-10,-10,-8
3,18,15,-8,-4,17,0,0,-6,-10,-10,-8
3,10,7,-7,-3,9,0,0,-6,-10,-10,-8
3,4,0,-6,-2,2,0,0,-6,-10,-10,-8
3,1,-2,-6,-2,-1,0,0,-6,-10,-10,-8
3,3,0,-6,-2,1,0,0,-7,-10,-10,-8
3,11,7,-7,-3,9,0,0,-7,-10,-10,-8
3,17,14,-7,-3,15,0,0,-7,-10,-10,-8
3,21,18,-7,-4,19,0,0,-7,-10,-10,-8
3,20,17,-7,-4,18,0,0,-7,-10,-10,-8
3,12,9,-6,-3,11,0,0,-7,-10,-10,-8
3,5,2,-6,-2,4,0,0,-7,-10,-9,-8
3,1,-1,-5,-2,0,0,0,-7,-10,-9,-8
3,1,-1,-5,-2,0,-1,0,-7,-10,-9,-8
3,7,5,-6,-2,6,-1,0,-7,-10,-9,-8
2,14,12,-6,-3,13,-1,0,-7,-10,-9,-8
2,19,16,-6,-3,17,-1,0,-7,-10,-9,-8
2,20,17,-6,-4,18,-1,0,-7,-10,-9,-8
2,14,12,-6,-3,13,-1,0,-7,-10,-9,-7
2,7,4,-5,-3,6,-1,0,-7,-10,-9,-7
2,2,0,-5,-3,1,-1,0,-7,-10,-9,-7
2,0,-1,-5,-3,0,-1,0,-7,-9,-9,-7
2,4,3,-5,-4,4,-1,0,-7,-9,-9,-7
2,12,10,-5,-4,11,-1,0,-7,-9,-9,-7
2,16,15,-5,-4,15,0,0,-7,-9,-9,-7
2,18,17,-5,-4,18,0,0,-7,-9,-9,-7
1,15,15,-5,-4,15,0,0,-7,-9,-9,-7
1,8,7,-5,-4,8,0,0,-7,-9,-8,-6
1,3,2,-5,-4,2,0,0,-7,-9,-8,-6
1,0,-1,-5,-4,-1,0,0,-7,-9,-8,-6
1,1,0,-5,-4,0,0,0,-7,-9,-8,-6
1,8,7,-5,-4,7,0,0,-7,-9,-8,-6
1,13,12,-5,-4,13,0,0,-7,-9,-8,-6
1,16,15,-5,-4,16,0,0,-7,-9,-8,-6
1,16,15,-5,-4,16,0,0,-7,-8,-8,-6
1,9,9,-5,-4,9,0,0,-7,-8,-8,-6
1,3,3,-4,-4,3,0,0,-7,-8,-8,-6
1,0,0,-4,-4,0,0,0,-7,-8,-8,-6
1,0,-1,-4,-4,-1,0,0,-7,-8,-8,-6
1,5,4,-4,-4,4,0,0,-7,-8,-8,-6
1,11,10,-4,-4,10,0,0,-7,-8,-8,-6
1,15,14,-4,-4,14,0,0,-7,-8,-8,-6
1,16,15,-4,-4,15,0,0,-7,-8,-8,-6
1,11,10,-4,-4,10,0,0,-7,-8,-8,-6
1,5,4,-4,-3,4,0,0,-7,-8,-7,-6
1,1,0,-4,-3,0,0,0,-7,-8,-7,-6
1,-1,-1,-4,-3,-2,0,0,-7,-8,-7,-6
1,2,2,-4,-3,1,0,0,-7,-8,-7,-6
1,8,8,-4,-3,8,0,0,-7,-8,-7,-6
1,12,12,-4,-3,12,0,0,-7,-8,-7,-6
1,14,14,-4,-3,14,0,0,-7,-8,-7,-6
1,12,11,-4,-3,12,0,0,-7,-8,-7,-6
1,6,5,-4,-3,5,0,0,-7,-8,-7,-6
1,1,1,-4,-3,1,0,0,-7,-7,-7,-6
1,-1,-1,-4,-3,-1,0,0,-7,-7,-7,-6
1,0,0,-4,-3,0,0,0,-7,-7,-7,-6
1,6,5,-4,-3,5,0,0,-7,-7,-7,-5
1,10,9,-4,-3,9,0,0,-7,-7,-6,-5
1,13,12,-4,-3,12,0,0,-7,-7,-6,-5
1,13,12,-3,-3,12,0,0,-7,-7,-6,-5
1,7,6,-3,-3,6,0,0,-7,-7,-6,-5
1,2,1,-3,-3,1,0,0,-7,-7,-6,-5
1,0,-1,-3,-3,-1,0,0,-7,-7,-6,-5
1,-1,-2,-3,-3,-2,0,0,-7,-7,-6,-5
1,3,2,-3,-3,3,0,0,-7,-7,-6,-5
1,8,7,-3,-3,7,0,0,-7,-7,-6,-5
1,10,10,-3,-3,10,0,0,-7,-7,-6,-5
1,12,12,-3,-3,12,0,0,-7,-7,-6,-5
0,8,9,-3,-3,9,0,0,-7,-6,-6,-5
0,3,4,-3,-3,4,0,0,-6,-6,-6,-5
0,1,1,-3,-3,1,0,0,-6,-6,-6,-5
0,0,0,-3,-4,0,0,0,-6,-6,-6,-5
0,2,2,-3,-4,2,0,0,-6,-6,-6,-5
0,7,7,-3,-4,7,1,0,-6,-5,-5,-4
0,10,10,-3,-4,10,1,0,-6,-5,-5,-4
0,13,12,-3,-4,13,1,0,-5,-5,-5,-4
0,12,11,-4,-4,11,1,0,-5,-5,-5,-4
0,7,6,-4,-4,6,2,0,-5,-5,-5,-4
0,4,2,-4,-4,3,2,0,-5,-5,-5,-4
0,2,0,-4,-4,1,2,0,-4,-5,-5,-4
1,3,1,-5,-4,2,2,0,-4,-5,-5,-4
1,8,6,-5,-4,7,3,0,-4,-4,-5,-4
2,12,9,-5,-4,10,3,0,-3,-4,-5,-4
2,14,11,-5,-3,12,3,0,-3,-4,-4,-4
2,14,12,-6,-3,13,3,0,-3,-4,-4,-4
2,10,8,-6,-3,9,3,1,-3,-4,-4,-4
2,6,4,-6,-3,5,3,1,-3,-4,-4,-4
2,4,2,-6,-3,2,2,1,-3,-4,-4,-4
2,3,1,-6,-3,1,2,1,-3,-3,-4,-4
2,7,5,-6,-3,5,2,1,-3,-3,-4,-3
2,10,8,-6,-3,9,2,1,-3,-3,-4,-3
2,12,10,-5,-3,10,1,1,-3,-3,-4,-3
2,13,11,-5,-3,11,1,1,-3,-4,-4,-3
2,10,8,-5,-3,9,0,1,-4,-4,-4,-3
2,5,4,-5,-3,5,0,1,-4,-4,-4,-3
2,3,2,-5,-3,2,0,1,-4,-4,-4,-3
2,1,0,-5,-3,1,0,1,-4,-4,-4,-3
2,3,2,-5,-3,3,0,1,-4,-4,-4,-3
2,7,6,-4,-3,6,0,1,-5,-4,-4,-3
2,8,7,-4,-3,8,-1,0,-5,-5,-4,-3
2,10,9,-4,-3,9,-1,0,-6,-5,-4,-4
2,8,7,-4,-3,8,-2,0,-6,-5,-5,-4
2,4,3,-4,-2,3,-2,0,-6,-6,-5,-4
2,2,0,-3,-2,0,-3,0,-6,-6,-5,-4
2,0,-1,-3,-2,-1,-3,0,-6,-6,-5,-4
2,0,-1,-3,-2,-1,-3,0,-7,-6,-6,-4
2,3,1,-3,-1,1,-3,0,-7,-6,-6,-4
2,5,3,-3,-1,3,-3,0,-7,-6,-6,-4
2,6,4,-3,0,5,-3,0,-7,-6,-6,-4
2,6,5,-3,0,5,-4,0,-7,-6,-6,-4
2,4,2,-3,0,2,-4,0,-7,-7,-6,-4
2,1,-1,-3,0,0,-4,0,-7,-7,-6,-4
2,0,-3,-3,0,-2,-4,0,-7,-7,-6,-4
2,-1,-4,-3,0,-3,-4,0,-7,-7,-6,-4
2,1,-1,-3,0,0,-4,0,-7,-7,-6,-4
2,4,1,-3,0,2,-4,0,-7,-7,-6,-4
2,5,2,-3,0,3,-4,0,-7,-7,-6,-4
2,6,3,-3,0,5,-4,0,-7,-7,-6,-4
2,5,2,-4,0,3,-4,0,-7,-7,-5,-4
2,3,0,-4,0,1,-4,0,-7,-7,-5,-4
2,1,-2,-4,0,0,-4,0,-6,-6,-5,-3
3,0,-3,-4,0,-1,-4,0,-6,-6,-5,-3
3,2,-2,-4,0,0,-4,0,-6,-6,-5,-3
3,4,0,-4,0,2,-4,0,-6,-6,-5,-3
3,5,1,-3,0,3,-4,0,-6,-6,-5,-3
3,5,2,-3,0,4,-4,0,-6,-6,-5,-3
3,5,2,-4,0,3,-4,0,-6,-6,-5,-3
3,3,0,-4,0,1,-4,0,-6,-6,-5,-3
3,1,-1,-3,0,0,-4,0,-6,-6,-5,-3
3,0,-2,-3,0,-1,-4,0,-6,-6,-5,-3
3,1,-2,-3,0,-1,-4,0,-6,-6,-5,-3
3,3,0,-3,0,1,-4,0,-6,-6,-5,-3
3,5,1,-3,0,3,-4,1,-6,-6,-5,-3
3,6,2,-3,0,4,-4,1,-6,-6,-4,-3
3,6,3,-4,0,4,-4,1,-6,-6,-4,-3
2,4,2,-4,0,3,-4,1,-6,-6,-4,-3
2,3,1,-3,0,1,-4,0,-6,-6,-5,-4
1,2,0,-3,-1,1,-4,0,-6,-6,-6,-4
1,1,0,-3,-1,1,-3,0,-6,-6,-6,-4
1,3,2,-3,-1,2,-3,0,-6,-6,-6,-4
1,4,3,-2,-1,4,-3,0,-6,-6,-6,-4
1,4,4,-2,-1,4,-3,0,-6,-6,-6,-4
1,5,5,-2,-2,5,-3,0,-6,-6,-6,-4
1,4,4,-2,-2,4,-3,0,-6,-6,-6,-4
1,3,3,-2,-2,2,-3,0,-5,-6,-6,-4
1,3,2,-2,-2,2,-2,0,-5,-6,-5,-4
1,2,1,-2,-2,1,-2,0,-5,-6,-5,-4
1,3,2,-2,-2,2,-2,0,-5,-6,-5,-4
1,4,3,-2,-2,3,-2,0,-5,-6,-5,-4
1,4,3,-2,-2,3,-2,0,-5,-6,-5,-4
1,4,4,-2,-2,4,-2,0,-5,-6,-5,-4
1,4,4,-2,-2,4,-2,0,-5,-6,-5,-4
1,4,3,-2,-2,3,-2,0,-5,-6,-5,-4
1,3,2,-2,-1,2,-2,0,-5,-6,-5,-4
1,3,2,-2,-1,2,-2,0,-5,-6,-5,-4
1,3,2,-2,-2,2,-2,0,-5,-6,-5,-4
1,4,3,-2,-2,2,-2,0,-5,-6,-5,-4
1,4,3,-2,-2,3,-2,0,-5,-6,-5,-4
1,4,4,-2,-2,3,-2,0,-5,-6,-5,-4
1,5,4,-2,-2,4,-2,0,-5,-6,-5,-4
1,4,4,-2,-2,4,-2,0,-5,-6,-5,-4
1,4,3,-2,-2,3,-2,0,-5,-6,-5,-4
1,4,3,-2,-2,3,-1,0,-5,-6,-5,-4
1,4,3,-2,-2,3,-1,0,-5,-6,-5,-4
1,4,3,-2,-2,4,-1,0,-5,-6,-5,-4
1,5,4,-2,-2,4,-1,0,-5,-6,-5,-4
1,5,4,-2,-2,4,-1,0,-4,-6,-5,-4
1,5,4,-3,-2,5,-1,0,-4,-6,-5,-4
1,5,4,-3,-2,5,-1,0,-4,-6,-5,-4
1,5,4,-3,-2,4,-1,0,-4,-6,-5,-4
1,5,3,-3,-2,4,-1,0,-4,-6,-5,-4
1,6,3,-3,-2,5,-1,0,-4,-6,-5,-4
1,7,4,-3,-2,5,-1,0,-4,-6,-5,-4
1,7,4,-3,-2,6,-1,0,-4,-6,-5,-4
1,7,5,-3,-2,6,-1,0,-4,-6,-5,-4
1,7,5,-4,-2,6,-1,0,-4,-6,-5,-4
1,7,6,-4,-2,6,-1,0,-5,-6,-5,-4
1,7,5,-4,-2,6,-1,0,-5,-6,-5,-4
1,7,5,-4,-2,5,-1,0,-5,-6,-5,-4
1,7,5,-4,-2,5,-1,0,-5,-6,-5,-4
1,8,5,-4,-2,6,-2,0,-5,-6,-5,-5
1,8,5,-4,-2,6,-2,-1,-5,-6,-5,-5
1,8,5,-4,-2,6,-2,-1,-5,-6,-5,-5
1,8,5,-4,-2,6,-2,-1,-5,-6,-5,-5
2,8,6,-4,-2,6,-2,0,-5,-6,-6,-5
2,8,6,-4,-2,6,-2,0,-5,-6,-6,-5
2,8,5,-4,-2,6,-1,0,-4,-6,-6,-5
2,7,5,-4,-2,5,0,0,-3,-5,-6,-5
2,7,5,-4,-2,5,0,1,-2,-5,-6,-5
2,7,5,-4,-2,6,1,2,0,-4,-5,-5
2,7,5,-4,-2,6,3,3,2,-2,-4,-5
2,7,5,-4,-2,6,4,4,6,1,-2,-4
3,8,5,-5,-2,6,5,6,11,4,0,-3
3,9,6,-6,-2,7,7,8,17,9,3,-2
4,10,6,-7,-1,7,9,12,25,15,7,0
6,12,6,-9,-1,8,13,17,34,22,11,1
7,15,7,-11,0,10,17,22,44,29,16,4
9,18,9,-13,0,13,22,27,54,38,22,7
11,23,11,-17,0,16,26,32,66,47,29,11
14,27,13,-20,0,20,30,36,78,57,36,16
16,32,15,-24,0,24,33,37,89,67,43,20
18,37,19,-27,-1,28,32,35,96,74,48,24
19,42,22,-30,-1,32,29,28,97,76,50,27
20,45,25,-32,-2,34,23,18,91,74,50,29
19,46,26,-32,-3,36,16,7,81,68,47,30
18,46,27,-31,-5,36,9,-5,65,57,41,28
15,44,28,-29,-7,36,3,-17,46,43,32,25
10,40,29,-25,-9,34,0,-28,25,26,21,21
5,35,29,-20,-12,32,-3,-39,2,8,9,15
0,30,29,-15,-14,30,-5,-48,-19,-9,-3,8
-5,25,30,-10,-16,27,-6,-55,-35,-23,-14,2
-9,20,29,-6,-18,24,-5,-57,-44,-32,-21,-2
-11,17,28,-3,-19,22,-2,-56,-48,-37,-25,-5
-12,14,27,0,-20,20,3,-53,-48,-39,-27,-7
-14,13,27,1,-21,20,10,-49,-45,-38,-28,-9
-15,12,27,2,-22,19,17,-43,-41,-36,-27,-10
-17,10,27,3,-23,18,26,-37,-35,-33,-27,-11
-18,9,27,4,-23,18,35,-30,-30,-31,-26,-12
-19,8,27,5,-23,17,43,-24,-25,-29,-26,-13
-20,7,27,6,-23,17,49,-19,-22,-27,-25,-14
-21,6,27,7,-23,16,54,-16,-19,-26,-24,-15
-21,5,26,7,-24,16,57,-14,-18,-25,-24,-15
-21,5,26,8,-24,15,59,-13,-17,-24,-23,-16
-21,5,26,8,-24,15,60,-13,-16,-24,-23,-16
-21,4,26,8,-23,14,61,-13,-16,-23,-23,-16
-21,4,26,9,-23,14,62,-13,-15,-23,-23,-16
-22,4,26,9,-24,14,63,-13,-15,-23,-23,-16
-22,4,26,9,-24,14,64,-12,-14,-22,-23,-16
-22,3,26,9,-24,14,66,-12,-13,-22,-22,-16
-22,3,25,9,-24,14,67,-12,-12,-21,-22,-16
-22,3,25,9,-24,14,68,-12,-12,-20,-21,-16
-22,3,25,9,-24,14,68,-12,-11,-19,-21,-16
-22,3,25,9,-23,13,67,-12,-11,-19,-21,-16
-22,3,24,9,-23,13,64,-13,-11,-19,-20,-15
-21,3,24,9,-23,13,60,-14,-11,-19,-20,-15
-21,2,23,9,-22,13,56,-14,-12,-19,-20,-15
-20,2,22,9,-21,12,51,-15,-12,-19,-19,-14
-19,1,21,9,-20,11,46,-15,-13,-18,-19,-14
-18,1,19,8,-18,10,41,-15,-13,-18,-18,-14
-17,1,18,7,-17,10,35,-15,-13,-17,-17,-13
-15,1,16,6,-15,9,29,-15,-13,-17,-16,-12
-13,1,15,5,-14,9,24,-14,-13,-16,-15,-11
-11,2,14,4,-13,8,19,-14,-13,-15,-14,-10
-10,2,13,3,-12,8,14,-13,-13,-14,-13,-9
-9,3,12,3,-10,8,11,-12,-12,-13,-12,-9
-8,3,10,2,-9,7,8,-12,-12,-12,-11,-8
-6,3,9,2,-7,6,5,-11,-11,-11,-10,-8
-5,3,8,1,-6,5,3,-10,-11,-11,-9,-7
-4,3,7,1,-5,4,2,-9,-10,-10,-9,-7
-3,3,6,0,-5,4,1,-8,-10,-10,-8,-7
-2,3,5,0,-4,4,0,-7,-9,-9,-8,-6
-2,3,4,0,-4,4,0,-6,-9,-8,-7,-6
-1,3,4,0,-3,4,0,-5,-8,-7,-7,-5
-1,2,3,-1,-3,3,-1,-4,-8,-7,-6,-5
0,2,3,-1,-2,2,-1,-3,-7,-6,-5,-5
0,2,2,-1,-2,2,-1,-3,-7,-6,-5,-5
0,2,2,-1,-1,2,-1,-2,-6,-6,-4,-4
1,2,2,-1,-1,2,-1,-2,-6,-6,-4,-4
1,2,2,-1,-1,2,-2,-2,-6,-6,-4,-4
1,2,2,-2,-1,2,-2,-2,-5,-6,-4,-4
1,2,2,-2,0,2,-3,-2,-5,-6,-4,-4
1,2,1,-2,0,1,-3,-2,-5,-5,-4,-4
1,2,1,-2,0,1,-3,-2,-5,-5,-4,-4
1,2,1,-2,0,1,-4,-2,-5,-5,-4,-4
1,2,1,-2,0,1,-4,-2,-5,-5,-4,-4
1,2,0,-2,0,1,-4,-1,-5,-5,-3,-4
1,1,0,-2,0,1,-4,-1,-5,-5,-3,-3
1,1,0,-2,0,1,-4,-1,-5,-4,-3,-3
2,1,0,-2,0,1,-4,-1,-5,-4,-3,-3
2,1,0,-2,1,0,-5,-1,-5,-4,-3,-3
2,1,-1,-2,1,0,-5,-1,-5,-4,-3,-3
2,1,-1,-2,1,0,-5,0,-5,-4,-3,-3
2,1,-1,-2,1,0,-5,0,-5,-4,-3,-3
3,1,-1,-2,2,0,-5,0,-5,-4,-3,-3
3,1,-1,-2,2,0,-5,0,-5,-4,-3,-3
3,1,-1,-2,2,0,-5,0,-5,-4,-3,-3
3,2,-1,-2,2,0,-5,0,-5,-4,-3,-3
3,2,-1,-2,2,0,-5,0,-5,-4,-3,-3
3,2,-1,-2,2,0,-5,0,-5,-4,-3,-3
3,2,-1,-2,2,0,-5,0,-5,-4,-3,-3
3,2,-1,-2,2,0,-5,0,-5,-4,-3,-3
3,1,-1,-2,2,0,-5,0,-5,-4,-3,-3
3,1,-2,-1,2,0,-5,0,-5,-4,-3,-3
3,1,-2,-1,2,0,-5,0,-5,-4,-3,-3
3,1,-2,-2,2,0,-5,0,-5,-4,-3,-3
3,1,-2,-2,2,0,-5,0,-5,-4,-2,-3
3,1,-2,-2,2,0,-6,0,-4,-4,-2,-3
2,1,-2,-2,2,0,-6,0,-4,-3,-2,-3
2,1,-2,-2,2,0,-6,0,-4,-3,-2,-2
2,1,-2,-2,2,0,-6,0,-4,-3,-2,-2
2,1,-2,-2,2,0,-6,0,-4,-3,-2,-2
3,1,-2,-2,2,-1,-6,1,-4,-3,-2,-2
3,1,-2,-2,2,-1,-6,1,-4,-3,-2,-2
3,2,-2,-2,2,0,-6,1,-4,-3,-2,-2
3,2,-2,-2,2,0,-6,1,-3,-3,-2,-2
3,1,-2,-2,2,-1,-6,1,-3,-2,-2,-2
3,1,-2,-2,2,-1,-6,1,-3,-2,-2,-2
3,1,-2,-2,2,-1,-6,1,-3,-2,-2,-2
3,1,-2,-2,2,-1,-6,1,-3,-2,-2,-2
3,1,-2,-2,2,-1,-6,1,-3,-2,-2,-2
3,2,-2,-2,2,0,-6,1,-3,-1,-2,-2
3,2,-2,-2,2,0,-7,1,-3,-1,-1,-2
3,2,-2,-2,2,0,-7,1,-3,-1,-1,-2
3,2,-2,-2,2,0,-7,1,-3,-1,-1,-2
3,2,-2,-2,2,0,-7,1,-3,-1,-1,-2
3,2,-2,-3,2,0,-7,1,-3,-1,-1,-2
3,2,-2,-3,3,0,-7,1,-2,-1,-1,-2
3,2,-2,-3,3,0,-7,1,-2,0,-1,-2
3,2,-2,-3,3,0,-7,1,-2,0,-1,-2
3,2,-2,-3,3,0,-7,1,-2,0,0,-2
3,3,-1,-3,3,0,-7,1,-2,0,0,-2
3,3,-1,-3,3,0,-7,1,-2,0,0,-2
3,2,-2,-3,3,0,-7,1,-2,0,0,-1
3,2,-2,-3,3,0,-7,1,-1,0,0,-1
3,2,-2,-3,3,0,-7,1,-1,0,0,-1
3,2,-2,-3,3,0,-7,2,-1,0,0,-1
3,2,-2,-3,3,0,-7,2,-1,1,1,-1
3,2,-2,-3,3,0,-7,2,-1,1,1,-1
3,3,-2,-3,3,0,-7,2,-1,1,1,-1
3,3,-2,-3,3,0,-7,2,-1,1,1,-1
3,2,-2,-3,3,0,-7,2,0,1,1,-1
4,2,-2,-3,3,0,-7,2,0,2,1,-1
4,3,-2,-3,3,0,-7,2,0,2,1,0
4,3,-2,-3,3,0,-7,2,0,2,1,0
4,3,-2,-3,3,0,-7,3,0,2,2,0
4,3,-2,-4,3,0,-7,3,0,2,2,0
5,4,-1,-4,3,1,-7,3,0,2,2,0
5,4,-1,-5,3,1,-7,3,1,3,2,0
5,4,-1,-5,3,1,-7,3,1,3,2,0
5,4,-1,-5,3,1,-7,3,1,3,2,0
6,4,-1,-5,3,1,-7,3,2,4,2,0
6,4,-1,-5,3,1,-7,3,2,4,2,0
6,4,-1,-5,3,1,-7,3,2,4,3,1
6,4,-1,-5,3,1,-7,3,2,4,3,1
6,5,-1,-5,3,1,-7,3,3,4,3,1
6,5,-1,-5,3,2,-7,3,3,4,4,1
6,5,-1,-5,3,2,-7,3,3,5,4,1
6,5,-1,-5,3,2,-7,4,4,5,4,1
6,5,-1,-6,3,2,-7,4,4,6,4,1
6,5,-1,-6,3,2,-7,4,5,6,4,1
6,6,-1,-7,4,2,-7,4,5,6,5,1
6,6,-1,-7,4,2,-7,4,5,6,5,2
7,7,-1,-7,4,2,-7,4,5,6,5,2
7,7,0,-7,4,3,-7,4,5,7,5,3
7,7,0,-7,4,3,-7,4,5,7,5,3
7,7,0,-7,4,3,-7,4,6,7,5,3
7,7,0,-7,4,3,-7,5,6,7,6,4
8,7,0,-8,4,3,-7,5,6,8,6,4
8,7,0,-8,4,3,-8,5,6,8,6,4
8,7,0,-8,4,3,-8,5,7,8,7,5
8,8,0,-8,4,3,-9,5,7,8,7,5
8,8,0,-8,4,4,-9,5,7,8,7,5
8,9,1,-8,4,4,-9,5,7,9,7,5
8,9,1,-8,4,4,-9,5,8,9,7,6
8,9,1,-9,4,4,-9,5,8,9,8,6
8,9,1,-9,4,5,-9,5,8,9,8,6
8,9,1,-9,4,5,-9,5,8,9,8,6
8,10,1,-9,4,5,-9,5,8,10,8,6
8,10,1,-9,4,5,-9,5,9,10,8,6
9,10,1,-9,4,5,-10,5,9,10,8,6
9,10,1,-10,3,5,-10,5,8,10,8,6
9,10,2,-10,3,5,-10,5,8,10,8,6
9,10,2,-10,3,5,-10,4,8,11,8,6
9,10,2,-10,3,5,-10,4,8,11,8,7
9,10,2,-10,3,6,-10,4,8,11,9,7
9,10,2,-10,3,6,-10,4,8,11,9,8
9,10,2,-10,3,6,-10,4,8,11,9,8
9,11,2,-10,3,6,-10,4,8,11,9,8
9,11,2,-10,2,6,-10,4,8,11,9,8
9,11,3,-10,2,7,-10,3,8,11,9,8
9,11,3,-10,2,7,-10,3,8,11,9,8
9,11,3,-10,2,7,-10,3,8,11,9,8
9,11,3,-10,2,7,-10,3,8,11,9,8
9,11,3,-10,2,7,-10,3,8,11,9,8
9,11,3,-10,2,7,-9,3,8,11,9,8
9,11,3,-10,1,7,-9,2,8,11,9,8
9,11,3,-10,1,7,-9,2,8,11,9,8
9,11,4,-10,1,7,-9,1,7,11,9,8
8,11,4,-9,1,7,-9,1,7,11,9,8
8,11,4,-9,1,7,-9,1,7,11,9,9
8,11,4,-9,1,7,-9,1,7,11,9,9
8,11,4,-9,1,7,-9,1,7,11,9,9
7,10,4,-9,1,7,-9,0,7,11,9,9
7,10,4,-9,0,7,-9,0,7,11,9,9
7,10,4,-9,0,8,-9,0,7,11,9,9
7,10,4,-9,0,8,-9,0,7,11,9,9
7,10,4,-8,0,8,-8,0,7,11,9,9
6,10,4,-8,0,8,-7,0,7,11,9,9
6,10,4,-8,0,8,-7,0,7,11,9,9
6,10,4,-8,0,8,-6,0,7,11,9,8
6,9,4,-8,0,7,-5,0,7,11,9,8
6,9,4,-8,0,7,-5,0,7,11,9,8
6,9,4,-8,-1,7,-4,0,7,10,8,7
5,9,4,-8,-1,7,-4,0,6,10,8,7
5,9,4,-7,-1,7,-3,0,6,9,7,7
4,8,4,-7,-1,6,-3,0,6,9,7,7
4,8,4,-6,-1,6,-2,0,6,9,7,7
4,8,4,-6,-1,6,-1,0,6,9,7,7
4,8,4,-6,-1,6,0,0,7,9,7,7
3,7,4,-5,-1,6,0,0,7,9,7,7
3,7,4,-5,-1,6,0,0,7,9,7,6
3,7,5,-5,-2,6,1,0,6,9,7,6
3,7,5,-5,-2,6,1,0,6,9,6,6
3,7,5,-4,-2,6,2,0,6,9,6,6
3,6,4,-4,-2,5,2,0,7,9,6,5
2,6,4,-4,-2,5,3,1,7,9,6,5
2,6,4,-4,-2,5,3,1,7,8,6,5
2,5,4,-3,-2,5,4,1,7,8,6,5
1,5,4,-3,-2,5,4,1,7,7,5,5
1,5,4,-3,-2,5,4,1,6,7,5,4
1,5,4,-3,-2,5,4,1,6,7,5,4
0,4,4,-2,-2,4,5,1,6,7,5,4
0,3,4,-2,-2,4,5,1,6,6,5,4
0,3,4,-2,-2,4,6,1,6,6,5,4
0,3,4,-2,-2,4,6,1,6,6,5,3
0,3,3,-1,-2,4,6,1,6,6,4,3
0,2,3,-1,-2,3,6,1,6,6,4,3
0,2,3,-1,-2,3,6,2,6,6,4,2
0,2,3,0,-2,3,6,2,5,6,4,2
0,1,3,0,-2,3,7,2,5,5,3,2
0,0,2,0,-2,2,7,2,5,5,3,2
0,0,2,0,-3,1,7,2,5,5,3,2
-1,0,2,0,-3,1,7,2,5,5,3,2
-1,0,2,0,-3,1,7,2,5,5,3,1
-1,0,1,0,-3,1,7,2,5,5,3,1
-1,0,1,1,-3,0,6,2,5,5,3,1
-1,0,1,1,-3,0,6,2,5,4,3,1
-1,0,1,1,-2,0,6,3,5,4,3,1
-2,-1,1,1,-2,0,6,3,5,4,3,1
-2,-1,1,1,-2,0,6,3,5,4,3,1
-2,-1,1,1,-2,0,6,3,5,4,3,1
-2,-1,1,2,-2,0,6,3,5,4,2,0
-2,-2,1,2,-2,0,6,3,5,4,2,0
-2,-2,0,2,-2,0,6,3,5,3,2,0
-2,-2,0,2,-2,0,6,3,5,3,2,0
-2,-2,0,2,-2,0,6,3,5,3,2,0
-2,-2,0,2,-2,-1,6,3,5,3,2,0
-2,-3,0,2,-2,-1,6,4,5,3,2,0
-2,-3,0,2,-2,-1,5,4,5,3,2,0
-2,-3,0,2,-2,-1,5,4,4,3,2,0
-2,-3,0,2,-2,-1,5,4,4,3,2,0
-2,-3,0,3,-1,-2,5,4,4,2,2,0
-2,-3,0,3,-1,-2,5,4,4,2,2,0
-2,-3,0,3,-1,-2,5,4,4,2,1,0
-2,-3,0,3,-1,-2,4,4,4,2,1,0
-2,-4,-1,3,-1,-2,4,4,3,2,1,0
-2,-4,-1,3,-1,-2,4,4,3,2,1,0
-2,-4,-1,3,-1,-2,4,4,3,1,0,0
-2,-4,-1,3,-1,-2,4,4,3,1,0,0
-2,-4,-1,3,-1,-2,3,4,3,1,0,0
-3,-4,-1,4,-1,-2,3,4,3,1,0,-1
-3,-4,-1,4,-1,-2,3,4,3,1,0,-1
-3,-4,-1,4,-1,-2,3,4,2,1,0,-1
-3,-4,-1,4,-1,-2,3,3,2,1,0,-1
-3,-4,-1,4,-1,-2,3,3,2,1,0,-1
-3,-4,-1,4,-1,-2,3,3,2,0,0,-2
-3,-4,-1,4,-1,-2,3,3,2,0,0,-2
-3,-5,-1,4,-1,-2,3,3,2,0,0,-2
-3,-5,-1,4,-1,-2,2,3,1,0,0,-2
-3,-5,-1,4,-1,-2,2,3,1,0,-1,-2
-3,-5,-1,4,-1,-2,2,3,1,0,-1,-2
-3,-5,-1,4,-1,-2,2,3,1,0,-1,-2
-3,-5,-1,4,-1,-2,2,3,1,-1,-1,-2
-3,-5,-1,4,-1,-2,1,3,0,-1,-1,-2
-3,-5,-1,4,-1,-2,1,2,0,-1,-1,-2
-3,-5,-2,4,-1,-3,1,2,0,-1,-1,-2
-3,-6,-2,4,-1,-3,1,2,0,-1,-1,-2
-3,-6,-2,4,-1,-3,1,2,0,-1,-1,-3
-3,-6,-1,4,-1,-3,1,2,0,-1,-1,-3
-3,-6,-1,4,-1,-3,1,2,0,-1,-1,-3
-3,-6,-2,4,0,-3,1,2,0,-1,-1,-3
-3,-6,-2,5,0,-3,0,2,0,-2,-1,-3
-3,-6,-2,5,-1,-3,0,2,0,-2,-2,-3
-3,-6,-2,5,-1,-3,0,1,-1,-2,-2,-3
-3,-6,-2,5,-1,-3,0,1,-1,-2,-2,-3
-3,-6,-2,5,-1,-3,0,1,-1,-2,-2,-3
-3,-6,-2,5,-1,-3,0,1,-1,-2,-2,-4
-3,-6,-2,5,-1,-3,0,1,-1,-2,-2,-4
-3,-7,-2,5,-1,-3,0,1,-1,-2,-2,-4
-4,-7,-3,6,-1,-3,0,1,-2,-3,-2,-4
-4,-7,-3,6,-1,-3,0,1,-2,-3,-2,-4
-4,-7,-2,6,-1,-3,0,1,-2,-3,-2,-4
-4,-7,-2,5,-1,-3,0,1,-2,-3,-2,-4
-4,-7,-2,5,-1,-4,0,1,-2,-3,-2,-4
-4,-7,-2,5,-1,-3,0,1,-2,-3,-3,-4
-4,-7,-2,5,-1,-3,-1,1,-3,-3,-3,-4
-4,-7,-2,5,-1,-3,-1,1,-3,-3,-3,-4
-4,-8,-3,6,0,-4,-1,1,-3,-3,-3,-4
-4,-8,-3,6,0,-4,-1,0,-3,-4,-3,-4
-4,-8,-2,6,0,-4,-1,0,-3,-4,-3,-4
-4,-8,-2,6,0,-4,-1,0,-3,-4,-3,-4
-4,-8,-3,6,0,-5,-1,0,-3,-4,-3,-4
-4,-8,-3,6,0,-5,-1,0,-3,-4,-4,-4
-4,-8,-2,6,0,-4,-1,0,-3,-5,-4,-4
-4,-8,-2,6,0,-4,-1,0,-3,-5,-4,-4
-4,-8,-3,6,0,-5,-1,0,-3,-5,-4,-4
-4,-8,-3,6,0,-5,-1,0,-3,-5,-4,-4
-4,-8,-3,6,0,-5,-1,0,-3,-5,-4,-4
-4,-8,-3,6,0,-5,-2,0,-3,-5,-4,-4
-4,-9,-3,6,0,-5,-2,0,-3,-5,-4,-4
-4,-9,-3,6,0,-5,-2,0,-3,-5,-4,-4
-4,-9,-3,6,0,-5,-2,0,-4,-5,-4,-4
-4,-9,-3,6,0,-5,-2,0,-4,-5,-4,-4
-5,-9,-3,6,0,-5,-2,0,-4,-5,-4,-4
-5,-9,-3,6,0,-5,-2,0,-4,-5,-4,-4
-5,-8,-3,6,0,-5,-2,0,-4,-6,-4,-4
-5,-8,-3,6,0,-5,-2,0,-4,-6,-4,-4
-5,-8,-3,6,0,-5,-2,0,-4,-6,-4,-4
-5,-9,-3,6,0,-5,-2,0,-4,-6,-4,-4
-5,-9,-3,6,0,-5,-2,0,-4,-6,-4,-4
-5,-8,-3,6,0,-5,-2,0,-3,-6,-4,-4
-5,-8,-3,6,0,-5,-2,0,-3,-6,-4,-4
-5,-9,-4,6,0,-5,-2,0,-3,-6,-4,-4
-5,-9,-4,6,0,-5,-2,0,-3,-6,-4,-4
-5,-8,-3,6,-1,-5,-2,0,-3,-6,-5,-5
-5,-8,-3,6,-1,-5,-2,0,-3,-6,-5,-5
-5,-9,-3,6,0,-5,-2,0,-3,-6,-5,-4
-5,-9,-3,6,0,-5,-2,-1,-3,-6,-5,-4
-5,-8,-2,6,0,-5,-3,-1,-3,-6,-5,-4
-5,-8,-2,6,0,-5,-3,-1,-4,-6,-5,-4
-5,-8,-3,6,0,-5,-3,-1,-4,-6,-5,-4
-5,-8,-3,6,0,-5,-3,-1,-4,-6,-5,-4
-5,-8,-3,6,-1,-5,-3,-1,-4,-6,-5,-4
-5,-8,-3,6,-1,-5,-3,-1,-4,-6,-5,-4
-5,-8,-3,6,-1,-5,-3,-1,-4,-6,-5,-4
-5,-8,-3,6,0,-5,-3,-1,-4,-6,-5,-4
-5,-8,-3,6,0,-5,-3,-1,-4,-6,-5,-4
-5,-8,-3,6,0,-5,-3,-2,-4,-6,-5,-4
-5,-8,-3,6,0,-5,-3,-2,-4,-6,-5,-4
-5,-8,-3,6,0,-5,-3,-1,-4,-6,-5,-4
-5,-8,-3,6,0,-5,-3,-1,-4,-6,-5,-4
-5,-8,-3,6,0,-5,-3,-1,-4,-6,-5,-5
-5,-8,-3,6,0,-5,-3,-1,-4,-6,-5,-5
-5,-8,-3,6,0,-6,-3,-1,-4,-6,-5,-5
-5,-8,-3,6,0,-6,-4,-1,-4,-6,-5,-5
-5,-8,-3,6,0,-6,-4,-1,-4,-6,-5,-5
-5,-8,-3,6,0,-6,-4,-1,-4,-6,-5,-5
-5,-8,-4,6,0,-6,-4,-1,-4,-6,-5,-5
-5,-8,-4,6,0,-6,-4,-1,-4,-6,-5,-5
-5,-8,-4,6,0,-6,-4,-1,-4,-6,-5,-5
-5,-8,-4,6,0,-6,-4,-1,-4,-6,-5,-5
-5,-9,-4,6,0,-6,-4,-1,-4,-6,-5,-5
-5,-9,-4,6,0,-6,-4,-1,-4,-6,-5,-5
-5,-8,-3,6,0,-6,-4,-1,-4,-6,-5,-5
-5,-8,-3,6,0,-5,-4,-1,-4,-6,-5,-5
-5,-7,-3,6,0,-5,-4,-1,-4,-6,-5,-4
-5,-7,-3,6,0,-5,-4,-1,-4,-6,-5,-4
-5,-7,-3,6,0,-5,-4,-1,-4,-6,-5,-4
-5,-7,-3,6,0,-6,-4,-1,-4,-6,-5,-4
-5,-8,-4,6,0,-6,-4,-1,-4,-6,-5,-4
-5,-8,-4,6,0,-6,-4,-1,-4,-6,-5,-4
-5,-8,-4,6,0,-6,-4,-1,-4,-6,-5,-4
-5,-7,-3,6,0,-5,-4,-1,-4,-6,-5,-4
-5,-7,-3,6,0,-5,-4,-1,-4,-6,-5,-4
-5,-7,-3,6,0,-5,-4,-1,-4,-6,-5,-4
-5,-7,-3,6,0,-5,-4,-1,-5,-6,-5,-4
-5,-7,-3,6,0,-5,-4,-1,-5,-6,-5,-4
-5,-7,-4,6,0,-5,-4,-1,-5,-6,-5,-4
-5,-7,-4,6,0,-5,-4,0,-4,-5,-5,-4
-5,-7,-4,6,0,-5,-4,0,-4,-5,-5,-4
-5,-7,-4,6,0,-5,-4,0,-4,-5,-5,-4
-4,-7,-4,6,0,-6,-4,0,-4,-5,-5,-4
-4,-7,-4,6,0,-6,-4,0,-4,-5,-5,-4
-4,-7,-4,6,0,-6,-4,0,-4,-5,-5,-4
-5,-7,-4,6,0,-6,-4,0,-4,-5,-5,-4
-5,-7,-4,6,0,-6,-4,0,-4,-5,-5,-4
-5,-7,-4,6,0,-6,-4,0,-4,-5,-5,-4
-5,-7,-4,6,0,-6,-4,0,-4,-5,-5,-4
-5,-7,-3,6,0,-5,-3,0,-4,-5,-5,-4
-5,-7,-3,6,0,-5,-3,0,-4,-5,-5,-4
-5,-7,-3,6,0,-5,-3,0,-4,-5,-5,-4
-5,-7,-3,6,0,-5,-3,0,-4,-5,-5,-4
-5,-6,-3,5,0,-5,-3,0,-4,-5,-5,-4
-5,-6,-3,5,0,-5,-3,0,-4,-5,-4,-4
-5,-6,-3,5,0,-5,-3,0,-4,-5,-4,-4
-5,-6,-3,5,0,-5,-3,0,-4,-4,-4,-4
-5,-5,-2,5,0,-4,-3,0,-4,-4,-4,-4
-5,-5,-2,5,0,-4,-3,0,-4,-4,-4,-4
-5,-5,-2,5,0,-4,-2,0,-4,-4,-4,-4
-5,-5,-2,4,0,-4,-2,0,-3,-4,-4,-3
-5,-5,-2,4,0,-3,-1,0,-3,-4,-4,-3
-5,-5,-1,4,0,-3,-1,0,-3,-4,-4,-3
-4,-5,-1,4,0,-3,-1,0,-3,-4,-4,-3
-4,-4,-1,4,0,-3,-1,0,-3,-4,-4,-3
-4,-4,-1,3,0,-3,-1,0,-3,-4,-4,-3
-4,-3,0,3,-1,-2,0,0,-2,-3,-4,-3
-4,-3,0,3,-1,-2,0,0,-2,-3,-3,-3
-4,-3,0,3,-1,-2,0,0,-2,-3,-3,-3
-4,-3,0,3,-1,-2,0,0,-2,-3,-3,-3
-4,-3,0,3,-1,-2,0,0,-2,-3,-3,-3
-4,-3,-1,2,-1,-2,0,0,-2,-2,-3,-3
-4,-3,-1,2,0,-2,0,0,-2,-2,-3,-3
-3,-3,-1,2,0,-2,0,0,-1,-2,-3,-3
-3,-2,0,2,0,-1,0,0,-1,-2,-3,-3
-3,-2,0,2,0,-1,0,0,-1,-2,-3,-3
-3,-3,0,2,0,-2,0,0,-1,-2,-3,-3
-3,-3,0,2,0,-2,0,0,-1,-2,-3,-3
-3,-3,0,2,-1,-2,0,0,-1,-2,-3,-3
-3,-3,0,2,-1,-2,-1,0,-1,-2,-3,-3
-3,-3,-1,3,0,-3,-1,0,-1,-2,-3,-3
-3,-3,-1,3,0,-3,-2,0,-1,-2,-3,-3
-3,-3,-1,3,-1,-2,-2,0,-2,-2,-3,-3
-3,-3,-1,3,-1,-2,-2,0,-2,-2,-3,-3
-3,-3,-1,3,-1,-3,-2,0,-2,-2,-3,-3
-3,-3,-1,3,-1,-3,-2,0,-2,-2,-3,-3
-3,-3,-1,3,-1,-3,-3,0,-3,-2,-3,-3
-3,-4,-2,3,0,-3,-3,0,-3,-2,-3,-3
-3,-5,-2,4,0,-4,-3,0,-3,-2,-3,-3
-4,-5,-3,4,0,-4,-4,0,-3,-2,-3,-3
-4,-6,-3,5,0,-5,-4,0,-4,-3,-3,-3
-4,-6,-4,5,0,-5,-5,0,-4,-3,-3,-3
-4,-6,-4,5,0,-5,-5,-1,-5,-3,-4,-3
-4,-7,-5,5,0,-6,-5,-1,-5,-4,-4,-3
-4,-7,-5,5,0,-6,-5,-1,-5,-4,-4,-3
-4,-8,-5,5,1,-7,-5,-1,-5,-4,-4,-3
-4,-8,-6,6,1,-7,-6,-1,-5,-4,-4,-3
-4,-9,-6,6,2,-8,-6,-1,-5,-4,-4,-3
-4,-9,-6,6,2,-8,-6,-1,-5,-4,-4,-3
-4,-8,-6,6,2,-8,-6,-1,-5,-4,-4,-3
-4,-8,-7,6,2,-8,-6,-1,-5,-4,-4,-3
-4,-9,-7,6,2,-8,-6,-1,-5,-4,-4,-3
-4,-9,-7,6,2,-8,-7,-1,-6,-5,-4,-3
-4,-9,-7,6,2,-8,-7,-1,-6,-5,-4,-3
-4,-9,-7,6,2,-8,-7,-1,-6,-5,-4,-3
-3,-9,-7,6,2,-8,-7,-1,-6,-4,-3,-3
-3,-8,-7,5,3,-8,-7,0,-6,-4,-3,-3
-2,-7,-7,5,3,-7,-7,0,-6,-4,-3,-3
-2,-7,-7,4,3,-7,-7,-1,-5,-4,-3,-3
-2,-7,-7,4,3,-7,-7,-1,-5,-4,-3,-3
-2,-7,-7,4,3,-7,-7,0,-5,-4,-3,-3
-1,-7,-7,4,3,-7,-7,0,-5,-4,-3,-3
-1,-7,-7,4,3,-7,-7,0,-5,-4,-3,-3
-1,-8,-8,4,4,-8,-7,0,-5,-4,-3,-3
-1,-8,-8,4,4,-8,-7,0,-5,-4,-3,-3
-1,-7,-7,4,3,-7,-7,0,-5,-4,-3,-3
-1,-7,-7,4,3,-7,-7,0,-5,-4,-3,-3
-1,-7,-7,4,3,-7,-7,0,-5,-4,-3,-3
-1,-7,-7,4,3,-7,-7,0,-5,-4,-3,-3
-1,-7,-7,4,3,-7,-7,0,-5,-4,-3,-3
-1,-7,-7,4,3,-7,-6,0,-5,-4,-3,-3
-1,-6,-7,4,3,-7,-6,0,-5,-4,-3,-3
-1,-6,-7,3,3,-7,-6,0,-5,-3,-3,-2
-1,-6,-7,3,3,-6,-6,0,-5,-3,-3,-2
-1,-5,-6,3,2,-6,-5,0,-5,-3,-3,-2
-1,-6,-6,4,2,-6,-5,0,-5,-4,-3,-3
-2,-7,-6,4,2,-6,-5,-1,-5,-4,-3,-3
-3,-7,-6,5,1,-6,-5,-1,-5,-4,-3,-3
-3,-7,-5,5,1,-6,-5,-1,-5,-4,-4,-4
-3,-7,-5,5,1,-6,-5,-1,-5,-4,-4,-4
-3,-8,-5,5,1,-6,-5,-1,-5,-4,-4,-4
-3,-7,-5,5,1,-6,-5,-1,-4,-4,-4,-4
-3,-6,-4,5,0,-5,-5,-1,-4,-4,-4,-4
-3,-6,-4,4,0,-5,-4,-1,-4,-4,-4,-4
-3,-6,-4,4,0,-5,-4,-1,-4,-4,-4,-3
-3,-6,-4,4,1,-5,-4,0,-4,-4,-3,-3
-2,-6,-4,4,1,-5,-4,0,-4,-4,-3,-3
-2,-5,-4,4,1,-5,-4,0,-4,-4,-3,-3
-2,-5,-4,4,1,-5,-4,0,-4,-4,-3,-3
-2,-5,-4,4,1,-5,-4,0,-4,-4,-3,-3
-2,-4,-4,3,1,-4,-4,0,-4,-4,-3,-3
-2,-4,-3,3,0,-4,-4,0,-4,-4,-3,-3
-1,-4,-4,3,1,-4,-4,0,-4,-4,-3,-3
-1,-4,-4,3,1,-4,-4,0,-4,-4,-3,-3
-1,-4,-4,3,1,-4,-4,0,-4,-4,-3,-3
-1,-4,-4,3,1,-4,-4,0,-4,-4,-3,-3
-1,-4,-4,3,1,-4,-4,0,-4,-4,-3,-3
-1,-4,-4,3,1,-4,-4,0,-4,-4,-3,-3
-1,-4,-3,3,1,-4,-4,0,-4,-4,-3,-3
-1,-4,-3,3,0,-4,-4,0,-4,-4,-3,-3
-1,-4,-3,3,0,-4,-4,0,-4,-4,-3,-3
-1,-4,-4,3,0,-4,-4,0,-4,-4,-3,-3
-1,-4,-4,2,0,-4,-4,0,-4,-4,-3,-3
-1,-4,-3,2,0,-3,-4,0,-4,-4,-3,-3
-1,-3,-3,2,0,-3,-4,0,-4,-4,-3,-3
-1,-3,-3,2,0,-3,-4,0,-4,-4,-3,-3
-1,-3,-3,2,0,-3,-4,0,-4,-4,-3,-3
-1,-3,-3,2,0,-3,-4,0,-4,-4,-3,-3
-1,-3,-3,2,0,-3,-4,0,-4,-4,-3,-3
-1,-3,-3,2,0,-3,-4,0,-4,-4,-3,-3
-1,-3,-3,2,0,-3,-4,0,-4,-4,-3,-3
-1,-3,-2,2,0,-3,-4,0,-4,-4,-3,-3
-1,-3,-2,2,0,-3,-4,0,-4,-4,-3,-3
-1,-3,-3,2,0,-3,-4,0,-4,-4,-3,-3
-1,-4,-3,2,0,-3,-4,0,-4,-4,-3,-3
-1,-4,-3,2,0,-3,-4,0,-4,-4,-3,-3
-1,-4,-3,2,0,-3,-4,0,-4,-4,-3,-3
-1,-4,-3,2,0,-3,-4,0,-4,-4,-3,-3
-1,-4,-3,2,0,-4,-4,0,-4,-4,-3,-3
-1,-4,-3,2,0,-4,-4,0,-4,-4,-3,-3
-1,-3,-3,2,0,-3,-4,0,-4,-4,-3,-3
-1,-3,-3,2,0,-3,-4,0,-4,-4,-3,-3
-1,-4,-3,2,0,-4,-4,0,-4,-4,-3,-3
-1,-4,-3,2,0,-4,-4,1,-4,-4,-3,-3
-1,-4,-3,2,0,-4,-4,1,-4,-4,-3,-3
-1,-4,-3,3,0,-4,-3,2,-3,-4,-3,-3
-2,-5,-3,3,0,-4,-3,2,-3,-4,-3,-3
-2,-5,-3,3,0,-4,-2,3,-1,-3,-3,-3
-2,-4,-3,3,0,-3,0,3,0,-3,-3,-3
-2,-4,-2,3,0,-3,1,4,3,-1,-2,-3
-1,-3,-2,2,0,-3,2,6,7,2,0,-2
-1,-3,-2,2,0,-3,3,8,12,6,2,-1
0,-2,-2,1,0,-2,5,10,18,10,5,0
1,0,-1,0,0,-1,7,14,26,16,9,2
2,1,-1,-2,1,0,11,19,35,23,14,4
4,4,0,-4,1,1,15,24,45,31,19,6
6,8,1,-7,1,4,19,29,56,39,24,9
8,12,3,-10,1,7,24,35,68,48,31,13
11,17,5,-14,2,11,28,39,80,58,38,18
14,22,8,-18,2,15,30,41,91,67,44,22
15,27,12,-22,1,19,30,39,97,74,49,26
16,32,15,-24,0,23,26,32,97,76,52,29
17,35,18,-26,-1,26,20,21,91,74,51,31
16,36,19,-26,-2,28,13,8,80,66,48,31
14,36,20,-25,-4,28,6,-4,63,55,41,29
11,34,21,-23,-6,28,0,-17,43,39,31,25
7,30,22,-19,-8,26,-4,-28,21,22,19,20
1,25,23,-13,-11,25,-7,-39,-1,5,6,14
-4,20,24,-8,-14,22,-9,-49,-21,-12,-5,8
-8,16,23,-3,-16,19,-10,-56,-36,-24,-15,2
-11,12,23,0,-17,17,-9,-58,-44,-32,-21,-1
-14,8,22,2,-18,14,-6,-57,-47,-37,-25,-4
-16,6,22,5,-19,13,-1,-54,-47,-38,-26,-6
-17,4,22,6,-20,12,5,-49,-44,-37,-27,-8
-19,3,22,7,-21,12,13,-43,-39,-36,-27,-9
-20,2,21,9,-21,11,22,-36,-33,-33,-26,-10
-21,0,21,10,-22,10,31,-29,-28,-30,-26,-12
-22,0,21,11,-22,10,39,-23,-23,-28,-25,-13
-23,-1,21,12,-23,10,45,-19,-20,-26,-24,-14
-23,-1,21,12,-23,9,49,-16,-17,-25,-23,-14
-23,-2,21,12,-23,9,52,-14,-16,-23,-23,-14
-23,-2,21,12,-23,9,54,-13,-15,-22,-22,-14
-23,-2,21,12,-23,9,55,-12,-14,-22,-22,-15
-23,-2,20,12,-23,9,56,-12,-14,-22,-22,-15
-23,-2,20,13,-23,8,56,-12,-13,-22,-22,-15
-23,-2,21,13,-23,8,57,-12,-13,-22,-22,-15
-23,-2,21,13,-23,8,58,-12,-13,-21,-22,-15
-23,-2,21,13,-23,8,60,-12,-13,-20,-21,-15
-23,-2,21,13,-23,8,61,-12,-12,-19,-21,-15
-24,-2,21,13,-23,8,63,-12,-11,-19,-20,-15
-24,-2,21,13,-24,8,64,-12,-11,-18,-20,-15
-24,-3,20,13,-24,8,63,-12,-11,-18,-20,-15
-24,-3,19,13,-23,7,60,-12,-11,-18,-20,-14
-23,-3,19,13,-22,7,56,-13,-11,-18,-19,-14
-23,-3,19,13,-22,7,52,-14,-11,-17,-19,-13
-22,-3,18,13,-21,7,48,-14,-11,-17,-18,-13
-22,-4,16,13,-20,6,43,-15,-11,-17,-18,-13
-21,-4,15,12,-19,5,38,-15,-12,-17,-17,-13
-19,-4,14,12,-18,4,33,-15,-13,-17,-17,-13
-18,-4,12,11,-16,4,27,-15,-13,-16,-16,-12
-16,-4,11,10,-14,3,21,-14,-13,-15,-15,-11
-14,-4,9,9,-12,3,16,-14,-13,-14,-14,-10
-12,-3,8,8,-11,2,11,-13,-12,-13,-13,-9
-11,-3,7,7,-10,2,7,-12,-12,-12,-12,-8
-10,-3,6,6,-9,2,4,-12,-11,-11,-10,-7
-9,-3,5,6,-8,1,2,-11,-11,-10,-9,-7
-8,-2,4,5,-7,1,0,-10,-10,-10,-9,-6
-6,-2,3,4,-6,1,-1,-9,-10,-9,-8,-6
-5,-2,2,4,-5,0,-2,-8,-9,-8,-8,-5
-4,-2,1,3,-4,0,-2,-6,-8,-7,-7,-5
-4,-2,1,3,-3,0,-2,-5,-7,-7,-7,-4
-3,-1,1,2,-3,0,-3,-4,-7,-7,-6,-4
-3,-1,0,2,-2,-1,-3,-4,-6,-6,-5,-3
-2,-1,0,2,-2,-1,-4,-3,-6,-6,-4,-3
-2,-1,-1,2,-1,-1,-4,-3,-5,-5,-4,-3
-1,-1,-1,1,-1,-1,-5,-2,-5,-5,-4,-3
-1,-1,-1,1,-1,-1,-5,-2,-5,-5,-4,-2
-1,-2,-2,1,0,-2,-5,-2,-4,-5,-4,-2
-1,-2,-2,1,0,-2,-5,-2,-4,-5,-4,-2
-1,-2,-2,1,0,-2,-6,-2,-4,-5,-4,-2
-1,-2,-2,1,0,-2,-6,-2,-4,-4,-3,-2
0,-2,-3,1,0,-3,-6,-1,-4,-4,-3,-2
0,-2,-3,1,0,-3,-6,-1,-4,-4,-2,-2
0,-2,-2,1,0,-3,-7,-1,-3,-4,-2,-2
0,-1,-2,1,0,-3,-7,-1,-3,-4,-2,-2
0,-2,-3,1,1,-3,-7,-1,-3,-4,-2,-2
0,-2,-3,1,1,-3,-7,-1,-3,-4,-2,-2
0,-2,-3,1,1,-3,-7,-1,-3,-4,-2,-2
0,-2,-3,1,1,-3,-7,-1,-3,-4,-2,-2
0,-2,-3,1,1,-4,-7,-1,-3,-4,-2,-2
0,-2,-4,1,1,-4,-7,-1,-3,-4,-2,-2
0,-2,-4,1,1,-4,-7,0,-3,-4,-2,-2
0,-2,-4,1,1,-4,-7,0,-3,-4,-2,-2
0,-2,-4,1,1,-4,-7,0,-3,-4,-2,-2
0,-3,-5,1,2,-4,-7,0,-3,-4,-2,-1
0,-3,-4,1,2,-4,-7,0,-3,-4,-2,-1
0,-3,-4,1,2,-4,-8,0,-3,-4,-2,-1
0,-2,-4,1,2,-4,-8,0,-3,-4,-2,-1
0,-2,-4,1,2,-4,-8,0,-3,-4,-2,-1
0,-2,-4,1,2,-4,-8,0,-2,-4,-2,-1
0,-2,-4,1,2,-4,-8,0,-2,-4,-2,-1
0,-2,-4,1,2,-4,-8,0,-2,-4,-2,-1
0,-2,-4,1,2,-4,-8,0,-2,-4,-2,-1
0,-2,-4,1,2,-4,-8,0,-2,-4,-2,-1
1,-2,-4,0,2,-3,-8,0,-2,-3,-2,-1
1,-2,-4,0,2,-3,-8,0,-2,-3,-2,-1
1,-2,-4,0,2,-3,-8,0,-2,-3,-1,-1
1,-2,-4,0,2,-3,-8,0,-2,-3,-1,-1
1,-1,-4,0,2,-3,-8,0,-2,-3,-1,-1
1,-1,-4,1,2,-3,-8,0,-2,-3,-1,-1
1,-2,-5,1,2,-4,-8,0,-1,-2,-1,-1
1,-2,-5,1,2,-4,-8,0,-1,-2,-1,-1
1,-2,-5,1,2,-3,-8,0,-1,-2,-1,-1
1,-2,-4,1,2,-3,-8,0,-1,-2,-1,-1
1,-2,-4,1,2,-3,-8,0,-1,-2,-1,-1
1,-2,-4,1,2,-3,-8,0,-1,-2,-1,-1
1,-1,-4,1,2,-3,-8,0,-1,-2,-1,-1
1,-1,-4,1,2,-3,-8,0,-1,-2,-1,-1
1,-1,-4,1,2,-3,-8,0,-1,-2,-1,-1
1,-1,-4,1,2,-3,-8,0,-1,-1,-1,-1
1,-1,-4,0,2,-3,-8,0,0,-1,0,-1
1,-1,-4,0,2,-3,-8,1,0,-1,0,-1
1,-1,-4,0,3,-3,-8,1,0,-1,0,-1
1,-1,-5,0,3,-3,-8,1,0,-1,0,-1
2,-1,-5,0,3,-3,-8,1,0,0,0,-1
2,-1,-4,0,3,-3,-8,1,0,0,0,-1
2,0,-4,0,3,-3,-8,1,0,0,0,-1
2,0,-4,0,3,-3,-8,1,0,0,0,0
2,0,-4,0,3,-3,-8,1,0,0,0,0
2,0,-4,0,3,-2,-9,1,0,0,0,0
2,0,-3,0,3,-2,-9,1,0,0,0,0
2,0,-4,0,3,-2,-9,1,1,0,0,0
2,0,-4,0,3,-2,-9,1,1,1,1,0
3,1,-4,-1,3,-2,-9,1,1,1,1,0
3,1,-4,-1,3,-2,-9,2,1,1,1,0
3,1,-4,-1,3,-2,-9,2,1,1,1,0
3,1,-4,-1,3,-2,-9,2,1,1,1,0
3,1,-4,-1,3,-2,-9,2,1,1,1,1
4,1,-4,-2,3,-1,-9,2,1,1,1,1
4,2,-4,-2,3,-1,-8,2,2,1,1,1
4,2,-4,-2,3,-1,-8,2,2,1,1,1
4,2,-4,-2,3,-1,-8,3,2,2,2,1
4,2,-3,-2,3,-1,-8,3,2,2,2,1
5,2,-3,-2,3,-1,-8,3,2,2,2,1
5,2,-4,-2,3,-1,-8,3,2,2,2,1
5,2,-4,-3,3,-1,-8,3,3,2,3,1
5,3,-3,-3,3,0,-8,3,3,2,3,1
5,3,-3,-3,3,0,-8,4,3,3,3,1
5,3,-3,-3,4,0,-8,4,3,3,3,1
6,3,-3,-3,4,0,-8,4,4,3,3,2
6,3,-3,-4,4,0,-8,4,4,3,3,2
6,3,-3,-4,4,0,-8,4,4,3,4,2
6,3,-3,-4,4,0,-8,4,5,4,4,2
6,4,-3,-4,4,0,-8,4,5,4,4,2
6,4,-3,-5,4,0,-8,4,5,4,4,3
6,5,-3,-5,4,1,-8,4,5,4,4,3
6,5,-3,-5,4,1,-8,5,5,5,4,3
6,5,-3,-5,4,1,-8,5,5,5,5,3
7,6,-2,-6,4,1,-8,5,5,5,5,3
7,6,-2,-6,4,1,-8,5,6,6,5,3
8,6,-2,-6,5,1,-8,5,6,6,6,4
8,7,-2,-6,5,1,-8,5,7,6,6,4
8,7,-2,-7,5,2,-8,5,7,6,6,4
8,8,-1,-7,5,3,-9,6,7,7,6,4
8,8,-1,-7,5,3,-9,6,7,7,7,5
8,9,-1,-8,5,3,-9,6,8,8,7,5
8,9,-1,-8,5,3,-9,6,8,8,7,6
9,9,-1,-9,4,4,-9,6,8,8,8,6
9,9,-1,-9,4,4,-9,6,9,9,8,6
9,9,-1,-9,4,4,-9,6,9,9,8,6
9,10,-1,-9,4,4,-10,6,9,9,8,7
9,11,0,-10,4,5,-10,6,9,9,8,7
9,12,0,-10,4,6,-10,6,10,10,9,7
10,12,0,-10,5,6,-10,6,10,10,9,8
10,12,0,-10,5,6,-10,6,10,11,10,8
10,12,0,-11,5,6,-10,6,10,11,10,8
10,12,0,-11,5,6,-10,6,11,11,10,8
10,12,0,-11,5,6,-10,6,11,11,11,8
11,12,0,-11,5,6,-10,6,12,11,11,8
11,13,0,-11,5,6,-10,6,12,12,11,8
11,13,1,-12,5,7,-10,6,12,12,11,8
11,14,1,-12,5,7,-10,6,12,12,11,9
11,14,1,-12,5,7,-10,6,12,12,11,9
11,14,2,-12,5,7,-10,6,12,12,11,9
11,15,2,-13,5,7,-10,6,12,12,11,9
11,15,2,-13,5,8,-10,6,12,12,12,9
12,15,2,-13,5,8,-10,5,12,12,12,10
12,16,2,-13,5,8,-10,5,12,12,12,10
12,16,3,-13,5,9,-10,5,12,13,12,10
12,16,3,-13,5,9,-10,5,12,13,12,10
12,16,3,-13,5,9,-10,4,12,13,12,10
12,17,3,-14,4,9,-10,4,12,13,12,10
12,17,4,-14,4,10,-10,4,11,13,12,10
12,17,4,-14,4,10,-9,4,11,13,12,10
12,17,4,-14,4,10,-9,3,11,13,12,10
12,18,4,-14,4,10,-9,3,11,13,12,10
12,18,4,-14,4,11,-9,2,11,13,12,10
12,18,4,-14,4,11,-8,2,11,13,12,10
12,18,4,-14,4,11,-8,2,11,13,12,10
12,18,5,-15,4,11,-8,2,11,13,12,10
12,18,5,-15,4,11,-8,2,11,13,12,10
12,18,5,-15,4,11,-7,2,11,13,12,11
12,18,5,-15,4,11,-7,2,11,13,12,11
12,18,5,-15,3,11,-7,2,11,13,12,11
12,18,5,-15,3,11,-6,2,11,13,12,11
12,19,6,-15,3,11,-5,2,10,13,12,11
12,19,6,-15,3,11,-5,2,10,13,12,11
12,19,6,-15,3,11,-4,2,10,13,12,11
11,18,6,-15,3,11,-4,2,10,12,12,11
11,18,6,-15,3,11,-3,2,10,12,12,11
11,18,6,-14,3,11,-3,2,10,12,12,11
11,18,6,-14,3,11,-2,2,11,12,12,10
11,18,6,-14,3,11,-2,2,11,12,11,10
11,18,6,-14,3,11,-1,2,11,12,11,9
11,18,6,-14,2,11,0,2,11,12,11,9
11,18,6,-14,2,11,0,2,11,12,11,9
11,18,6,-14,2,11,0,2,11,12,11,9
11,17,6,-13,2,11,1,2,11,11,10,9
10,17,6,-13,2,11,1,2,11,11,10,9
10,17,6,-13,2,11,2,2,11,11,10,9
10,17,6,-13,1,11,2,2,11,11,10,9
9,17,7,-13,1,12,3,2,10,10,10,8
9,17,7,-13,1,12,4,2,10,10,9,8
9,17,7,-13,1,11,4,2,10,10,9,7
9,16,7,-13,1,11,5,3,10,10,9,7
9,16,7,-13,1,11,5,3,10,10,9,7
9,16,6,-13,1,11,5,3,10,10,9,7
9,16,6,-13,1,11,6,3,11,10,9,7
9,16,6,-13,1,11,6,4,11,10,8,6
9,16,6,-13,1,11,7,4,11,9,8,6
9,16,6,-13,1,11,7,4,11,9,8,6
9,16,6,-12,1,10,7,4,11,9,8,6
9,15,5,-12,1,10,7,4,11,8,8,6
9,15,5,-11,1,10,7,4,11,8,7,6
9,14,5,-11,1,10,8,4,11,8,7,6
9,14,5,-11,1,9,8,4,11,8,7,6
8,13,4,-11,1,9,8,4,11,8,7,6
8,13,4,-11,1,9,8,4,10,8,7,5
8,13,4,-11,1,8,8,5,10,8,7,5
8,13,4,-10,2,8,9,5,10,8,7,5
8,12,3,-10,2,7,9,6,10,8,7,5
8,12,3,-10,2,7,9,6,10,8,7,4
8,12,3,-10,2,7,9,6,10,8,7,4
8,12,3,-10,2,7,9,6,10,7,6,4
8,12,2,-10,2,6,9,6,10,7,6,4
8,12,2,-10,2,6,9,6,10,7,6,4
8,12,2,-10,2,6,9,6,10,6,6,4
8,12,2,-10,2,6,9,6,10,6,6,4
8,11,2,-9,2,6,9,6,10,6,6,4
8,11,2,-9,2,6,9,6,9,6,6,4
8,11,2,-9,2,6,8,6,9,6,6,3
8,10,2,-9,2,6,8,6,9,6,6,3
8,10,1,-9,3,5,8,6,9,6,6,3
8,9,1,-9,3,5,8,6,9,5,6,3
8,9,1,-9,3,5,8,6,8,5,5,3
7,9,1,-9,3,5,8,7,8,5,5,3
7,9,1,-9,3,5,8,7,8,5,5,3
7,9,0,-9,3,4,7,7,8,5,5,3
7,9,0,-9,3,4,7,7,8,5,5,3
8,9,0,-9,3,4,7,7,8,5,5,3
8,9,0,-8,3,3,7,7,8,5,5,3
8,9,-1,-8,3,3,7,7,8,5,5,2
8,8,-1,-8,3,3,6,7,7,5,4,2
8,8,-1,-8,3,3,6,7,7,4,4,2
8,8,-1,-7,3,3,6,7,7,4,4,2
8,7,-1,-7,3,3,6,7,7,4,4,2
8,7,-1,-7,4,3,5,7,6,4,4,2
8,7,-1,-7,4,3,5,7,6,4,4,1
7,7,-1,-7,4,2,5,7,6,4,4,1
7,7,-1,-7,4,2,5,7,6,4,4,1
7,7,-1,-7,4,2,5,7,5,3,3,1
7,7,-1,-7,4,3,5,7,5,3,3,1
7,7,-1,-7,4,3,5,7,4,3,3,1
7,7,-1,-7,4,2,4,7,4,3,3,1
7,7,-1,-7,4,2,4,6,4,3,3,1
8,7,-1,-7,4,2,4,6,4,3,3,1
8,7,-2,-7,4,2,4,6,3,2,3,0
8,7,-2,-7,4,1,4,6,3,2,2,0
8,7,-2,-7,4,1,4,6,3,2,2,0
8,7,-2,-7,4,2,4,6,2,2,1,0
8,7,-1,-7,4,2,4,6,2,2,1,0
8,7,-1,-7,4,2,3,6,2,2,1,0
8,7,-1,-7,4,2,3,5,2,2,1,0
8,7,-1,-7,4,2,3,5,2,1,1,0
8,7,-1,-7,4,2,3,5,2,1,1,0
7,6,-2,-6,4,1,2,5,2,1,1,0
7,6,-2,-6,4,1,2,5,1,1,1,0
7,6,-2,-6,4,1,2,5,1,1,0,0
7,6,-2,-6,4,1,2,5,1,1,0,-1
7,6,-2,-6,4,1,2,5,1,1,0,-1
7,6,-2,-6,4,0,2,5,1,1,0,-1
7,5,-2,-6,4,0,2,5,1,1,0,-1
7,5,-2,-6,4,0,2,4,0,1,0,-1
7,5,-2,-6,4,0,2,4,0,1,0,-1
7,4,-3,-5,4,0,2,4,0,1,0,-1
7,4,-3,-5,4,0,1,4,0,1,0,-1
7,4,-3,-5,4,0,1,4,0,1,0,-1
7,3,-3,-4,4,0,1,4,0,1,0,-1
6,3,-3,-4,5,-1,1,4,0,0,0,-1
6,2,-3,-4,5,-1,1,4,0,0,0,-1
6,2,-3,-4,5,-1,1,4,0,0,0,-1
5,2,-3,-4,5,-1,1,4,0,0,0,-1
5,2,-4,-4,5,-1,1,4,0,0,0,-1
5,2,-4,-4,5,-2,0,4,0,0,0,-1
5,2,-4,-4,5,-2,0,4,0,0,-1,-1
5,2,-4,-4,5,-2,0,4,-1,0,-1,-1
5,2,-4,-3,5,-2,0,3,-1,0,-1,-1
5,2,-4,-3,5,-2,0,3,-1,0,-1,-1
5,2,-4,-4,5,-2,0,3,-1,0,-1,-1
5,2,-4,-4,5,-2,0,3,-1,0,-1,-1
5,2,-4,-4,5,-2,0,3,-1,0,-1,-1
5,2,-4,-4,5,-2,0,3,-1,0,-1,-1
5,2,-4,-4,5,-2,0,3,-1,0,-1,-1
5,2,-4,-4,5,-1,0,3,-1,0,-1,-1
5,2,-4,-4,5,-1,0,3,-1,0,-1,-1
5,1,-4,-4,5,-2,0,3,-1,0,-1,-1
5,1,-4,-4,5,-2,0,3,-1,0,-1,-1
5,1,-4,-4,5,-2,0,3,-2,0,-1,-1
5,1,-4,-4,6,-2,0,3,-2,0,-1,-1
5,1,-5,-4,6,-2,0,3,-2,0,-1,-1
5,2,-4,-4,6,-2,-1,3,-2,0,-1,-1
5,2,-4,-4,5,-1,-1,3,-2,0,-1,-1
5,2,-4,-4,5,-1,-1,3,-2,0,-1,-1
5,2,-4,-3,5,-2,-1,3,-2,0,-1,-1
5,2,-4,-3,5,-2,-1,2,-2,0,-1,-1
5,2,-3,-4,5,-2,-1,2,-2,0,-1,-1
5,2,-3,-4,5,-2,-1,2,-2,0,-1,-1
5,1,-3,-4,5,-2,-1,2,-2,0,-1,-1
5,1,-3,-3,5,-2,-1,2,-2,0,-1,-1
5,1,-3,-3,5,-2,-1,2,-2,0,-1,-1
5,1,-3,-3,5,-2,-1,2,-2,0,-1,-1
5,1,-4,-3,5,-2,-1,2,-2,0,-1,-1
5,0,-4,-3,5,-2,-1,2,-2,0,-1,-1
5,0,-4,-3,5,-2,-1,2,-2,0,-1,-1
5,0,-4,-3,5,-2,-1,2,-2,0,-1,-1
4,0,-5,-3,5,-2,-1,2,-2,0,-1,-1
4,0,-5,-2,5,-2,-1,2,-2,0,-1,-1
4,0,-4,-2,5,-2,-1,2,-2,0,-1,-2
4,0,-4,-2,5,-2,-1,1,-3,0,-1,-2
4,0,-4,-2,5,-2,-1,1,-3,0,-1,-2
4,0,-4,-2,5,-2,-1,1,-3,0,-1,-2
4,0,-4,-2,5,-2,-1,1,-3,0,-1,-2
4,0,-4,-2,5,-2,-1,1,-3,0,-1,-2
4,0,-4,-2,5,-3,-1,1,-3,0,-1,-2
4,0,-4,-2,5,-3,-2,1,-3,0,-1,-2
4,0,-4,-2,5,-3,-2,1,-3,0,-1,-2
4,0,-3,-2,5,-3,-2,1,-3,0,-1,-2
4,0,-3,-2,5,-2,-2,1,-3,0,-1,-2
4,0,-4,-2,5,-3,-2,1,-3,0,-1,-2
4,-1,-4,-2,5,-3,-2,1,-3,0,-1,-2
4,-1,-4,-2,5,-3,-2,1,-3,0,-1,-2
4,-1,-4,-2,5,-3,-2,1,-3,0,-1,-2
4,-1,-4,-1,5,-3,-2,1,-3,0,-1,-2
4,-1,-4,-1,5,-3,-2,1,-3,0,-1,-2
4,0,-4,-1,5,-3,-2,1,-3,0,-1,-3
4,0,-4,-1,5,-3,-2,1,-3,0,-1,-3
4,0,-4,-1,5,-3,-2,1,-3,0,-1,-3
3,0,-4,-1,5,-3,-2,1,-3,0,-1,-3
3,0,-4,-1,5,-3,-2,1,-3,0,-1,-3
3,0,-4,-1,5,-3,-2,1,-3,0,-1,-3
3,0,-4,-1,5,-3,-2,1,-3,0,-1,-3
3,-1,-4,-1,5,-3,-2,1,-3,0,-1,-3
3,-1,-4,-1,5,-3,-2,1,-3,-1,-1,-3
3,-1,-4,-1,5,-2,-2,1,-4,-1,-1,-3
3,-1,-4,-1,5,-2,-2,1,-4,-1,-1,-3
2,-1,-4,0,5,-3,-2,1,-4,-1,-1,-3
2,-1,-4,0,5,-3,-2,1,-4,-1,-1,-3
2,-1,-3,0,5,-3,-2,1,-4,-1,-1,-3
2,-1,-3,0,5,-3,-2,1,-4,-1,-1,-3
2,-1,-4,0,5,-3,-2,1,-4,-1,-1,-3
2,-1,-3,0,4,-3,-2,1,-4,-1,-2,-3
2,-1,-3,0,4,-2,-3,1,-4,-1,-2,-3
2,-1,-3,0,4,-2,-3,1,-4,-1,-2,-3
2,-1,-3,0,4,-3,-2,1,-4,-1,-2,-3
2,-1,-4,0,4,-3,-2,1,-4,-1,-2,-3
2,-1,-4,0,4,-3,-2,1,-4,-1,-2,-3
2,-1,-4,0,4,-2,-2,1,-4,-1,-2,-3
2,-1,-4,0,4,-2,-2,1,-4,-1,-2,-3
2,-1,-4,0,4,-2,-2,1,-4,-1,-2,-3
2,-1,-3,0,4,-2,-2,1,-4,-1,-2,-3
2,-1,-3,0,4,-2,-2,1,-4,-1,-2,-3
2,-1,-3,0,4,-2,-2,1,-4,-1,-2,-3
2,-1,-3,0,4,-3,-3,1,-4,-1,-2,-3
2,-1,-3,0,4,-3,-3,1,-4,-1,-2,-3
2,-1,-3,0,4,-3,-3,1,-4,-1,-2,-3
2,-2,-3,0,4,-3,-3,1,-4,-1,-2,-3
2,-2,-3,0,4,-3,-3,1,-4,-1,-2,-3
2,-2,-3,0,4,-3,-3,1,-4,-1,-2,-3
1,-2,-2,0,4,-3,-3,1,-3,-1,-2,-3
1,-2,-2,0,4,-3,-3,1,-3,-1,-2,-3
1,-2,-2,0,4,-3,-3,0,-3,-1,-2,-3
1,-2,-2,0,4,-3,-3,0,-3,-1,-2,-3
1,-2,-2,0,3,-2,-3,0,-3,-1,-2,-3
0,-2,-2,0,3,-2,-3,0,-3,-1,-2,-3
0,-2,-2,0,3,-2,-2,0,-3,-1,-2,-3
0,-1,-1,0,3,-2,-2,0,-2,-1,-2,-3
0,-1,-1,0,3,-1,-2,0,-2,-1,-2,-3
0,-1,-1,0,3,-1,-1,0,-2,-1,-2,-3
0,-1,-1,0,3,-1,-1,1,-2,-1,-2,-3
0,-1,-1,0,3,-1,-1,1,-2,-1,-2,-3
1,-1,-1,0,2,-1,0,1,-2,-1,-2,-3
1,-1,-1,0,2,-1,0,1,-2,-1,-1,-3
1,-1,-1,0,2,-1,0,1,-2,0,-1,-3
1,-1,-1,0,2,-1,0,1,-2,0,-1,-3
1,0,0,0,2,0,0,1,-1,0,-1,-3
1,0,0,0,2,0,0,1,-1,0,-1,-3
1,0,0,-1,3,0,0,1,-1,0,-1,-3
1,1,0,-1,3,0,0,1,-1,0,-1,-3
1,1,0,-1,3,0,0,1,-1,0,-1,-3
1,1,0,-1,3,0,0,1,-1,0,-1,-3
1,1,0,-1,3,0,0,1,-1,0,-1,-2
1,1,-1,-1,3,0,0,1,-1,0,-1,-2
1,1,-1,-1,3,0,0,1,-1,0,-1,-2
1,1,0,-1,3,0,-1,1,-1,0,-1,-2
1,1,0,-1,3,0,-1,1,-1,0,-1,-2
2,1,-1,-1,3,0,-1,1,-1,0,-1,-2
2,1,-1,-1,3,0,-1,1,-1,0,-1,-2
1,1,0,-1,2,0,-2,1,-2,-1,-1,-2
1,0,0,-1,2,0,-2,1,-2,-1,-1,-2
1,0,-1,0,3,0,-2,1,-2,-1,-1,-2
1,0,-1,0,3,0,-2,1,-2,-1,-1,-3
1,0,-1,0,3,0,-3,1,-2,-1,-2,-3
1,0,-1,0,3,0,-3,1,-3,-1,-2,-3
1,0,-2,0,3,-1,-3,1,-3,-2,-2,-3
1,-1,-2,0,3,-1,-4,1,-3,-2,-2,-3
1,-1,-2,0,3,-2,-4,0,-4,-3,-2,-3
0,-2,-2,1,3,-2,-5,0,-4,-3,-3,-3
0,-3,-3,1,3,-3,-5,0,-5,-3,-3,-3
0,-4,-3,2,3,-3,-6,-1,-5,-3,-3,-3
0,-4,-3,2,3,-4,-6,-1,-5,-3,-3,-3
0,-5,-4,2,3,-4,-7,-1,-5,-3,-3,-3
0,-5,-4,3,4,-5,-7,-1,-5,-3,-3,-4
0,-6,-5,3,4,-5,-7,0,-5,-3,-3,-4
0,-6,-5,3,4,-5,-7,0,-5,-4,-3,-4
0,-6,-5,3,4,-5,-7,0,-5,-4,-3,-4
0,-6,-6,3,4,-5,-7,0,-5,-4,-3,-4
0,-6,-6,3,5,-6,-7,0,-5,-4,-3,-4
0,-6,-6,3,5,-6,-7,0,-6,-4,-3,-4
0,-6,-6,3,5,-6,-7,0,-6,-4,-3,-4
0,-6,-6,3,5,-6,-6,0,-6,-4,-3,-4
0,-6,-6,3,5,-6,-6,0,-6,-4,-3,-4
0,-6,-6,2,5,-6,-6,0,-6,-4,-3,-3
1,-6,-6,2,5,-6,-6,0,-6,-4,-3,-3
1,-6,-7,2,6,-6,-6,0,-5,-4,-2,-3
1,-6,-7,2,6,-6,-6,0,-5,-3,-2,-3
1,-6,-7,2,6,-6,-6,0,-5,-3,-2,-3
2,-5,-7,1,6,-6,-6,0,-5,-3,-2,-3
2,-5,-8,1,6,-6,-6,0,-5,-3,-2,-3
2,-6,-8,1,6,-7,-6,0,-5,-3,-2,-3
2,-6,-8,1,7,-7,-6,0,-5,-3,-2,-3
2,-6,-8,1,7,-6,-6,0,-5,-4,-2,-3
2,-6,-8,1,7,-6,-6,0,-5,-4,-2,-3
2,-6,-8,2,7,-7,-6,0,-5,-4,-2,-3
2,-6,-8,2,7,-7,-6,0,-5,-4,-2,-3
2,-5,-8,1,7,-6,-6,0,-5,-4,-2,-3
2,-5,-7,1,6,-6,-6,0,-5,-4,-2,-3
2,-4,-7,1,6,-6,-6,0,-5,-3,-2,-3
2,-4,-7,1,6,-6,-6,0,-5,-3,-2,-3
2,-4,-6,1,6,-6,-6,0,-5,-3,-2,-3
2,-4,-6,1,6,-5,-6,0,-5,-3,-2,-3
1,-4,-5,1,5,-5,-6,0,-5,-3,-3,-3
0,-5,-5,2,5,-5,-5,0,-5,-4,-3,-4
0,-5,-4,2,4,-5,-5,0,-5,-4,-3,-4
0,-4,-4,2,4,-4,-5,0,-5,-4,-3,-4
0,-4,-3,2,3,-4,-5,0,-5,-4,-3,-4
0,-4,-3,2,3,-4,-4,0,-5,-4,-3,-4
0,-4,-3,2,3,-4,-4,0,-5,-4,-3,-4
0,-4,-3,2,3,-4,-4,0,-5,-4,-3,-4
0,-4,-3,2,3,-4,-4,0,-4,-4,-3,-3
0,-4,-3,2,3,-4,-4,0,-4,-4,-3,-3
0,-4,-3,2,3,-4,-4,0,-4,-4,-3,-3
0,-3,-3,2,3,-3,-4,0,-4,-4,-3,-3
0,-3,-3,2,3,-3,-4,0,-4,-4,-3,-3
0,-3,-3,2,3,-3,-4,0,-4,-4,-3,-3
0,-3,-3,2,3,-3,-4,0,-4,-4,-3,-3
0,-3,-3,2,3,-3,-4,0,-4,-4,-3,-3
0,-3,-3,2,3,-3,-3,0,-4,-4,-3,-3
0,-4,-4,2,3,-4,-3,0,-4,-4,-3,-3
0,-4,-4,2,3,-4,-3,0,-4,-4,-3,-3
0,-3,-3,1,3,-3,-3,0,-4,-4,-3,-3
0,-3,-3,1,3,-3,-3,0,-4,-4,-3,-3
0,-4,-3,1,3,-3,-3,0,-4,-4,-3,-3
0,-4,-3,1,3,-3,-3,0,-4,-4,-3,-3
0,-3,-3,1,3,-3,-3,0,-4,-4,-3,-3
0,-3,-3,1,3,-3,-3,0,-4,-4,-3,-3
0,-3,-3,2,3,-3,-3,0,-4,-4,-3,-3
0,-3,-3,2,3,-3,-3,0,-4,-4,-3,-3
0,-3,-3,1,3,-3,-3,0,-4,-4,-3,-3
0,-2,-3,1,3,-2,-3,0,-4,-4,-3,-3
0,-2,-3,1,3,-2,-3,0,-4,-4,-3,-3
0,-3,-3,1,3,-3,-3,0,-4,-4,-3,-3
0,-3,-3,1,3,-3,-3,0,-4,-3,-3,-3
0,-3,-3,1,3,-3,-3,0,-4,-3,-3,-3
0,-3,-3,1,3,-3,-3,0,-4,-3,-2,-3
0,-3,-4,1,3,-4,-3,0,-4,-3,-2,-3
0,-3,-3,1,3,-3,-3,0,-4,-3,-2,-3
0,-3,-3,1,3,-3,-3,0,-4,-3,-2,-3
0,-3,-3,1,3,-3,-3,0,-4,-3,-2,-3
0,-3,-3,2,3,-3,-3,0,-4,-3,-2,-3
0,-4,-3,2,3,-4,-3,0,-4,-3,-2,-3
0,-4,-3,2,2,-4,-3,0,-4,-3,-2,-3
0,-4,-3,2,2,-4,-3,0,-4,-3,-2,-3
0,-4,-3,2,3,-4,-2,0,-4,-3,-2,-3
0,-4,-3,2,3,-4,-2,0,-4,-3,-2,-3
0,-4,-3,2,3,-4,-2,1,-4,-3,-2,-3
0,-4,-3,2,3,-4,-2,1,-4,-3,-2,-3
0,-4,-3,2,3,-4,-2,1,-4,-3,-2,-3
0,-4,-3,2,3,-4,-2,1,-4,-3,-2,-3
0,-4,-3,2,3,-4,-2,1,-4,-3,-2,-3
0,-4,-4,2,3,-4,-2,2,-4,-3,-2,-3
0,-4,-4,2,3,-4,-2,2,-3,-3,-2,-3
0,-4,-4,2,3,-4,-1,2,-3,-3,-2,-3
0,-4,-4,2,2,-4,0,3,-2,-3,-2,-3
0,-4,-3,2,2,-3,0,4,-1,-2,-2,-3
0,-4,-3,2,2,-3,2,5,1,0,-1,-3
0,-4,-3,2,2,-3,3,7,5,2,0,-2
0,-3,-4,1,3,-3,4,9,10,6,3,-1
1,-2,-4,0,3,-3,6,12,16,11,6,0
2,-1,-4,0,4,-2,8,16,24,17,10,2
4,0,-4,-2,5,-2,11,22,33,23,15,4
6,2,-3,-4,5,0,15,27,42,30,20,6
8,6,-2,-7,6,2,19,33,53,39,26,9
11,10,-1,-10,7,5,23,39,65,49,34,13
14,15,0,-14,7,8,28,44,78,59,41,17
16,20,3,-18,7,12,31,48,90,69,48,21
18,25,6,-22,7,16,31,47,97,75,53,25
19,29,9,-24,6,19,28,41,97,77,55,29
20,32,12,-26,5,22,23,31,91,75,55,31
19,33,14,-26,4,23,16,18,79,67,51,31
17,33,15,-25,2,24,10,4,62,55,43,28
14,31,17,-22,0,24,4,-9,42,39,33,24
9,28,18,-18,-3,23,0,-22,21,23,21,19
3,23,19,-13,-6,21,-2,-34,0,6,9,13
-2,18,20,-8,-10,19,-5,-45,-18,-10,-3,7
-7,14,20,-4,-12,17,-6,-52,-32,-22,-13,2
-10,10,20,0,-13,15,-6,-55,-40,-29,-19,-1
-12,7,20,3,-14,13,-3,-55,-44,-34,-23,-4
-14,5,20,5,-15,12,0,-52,-44,-35,-25,-6
-16,3,20,6,-16,11,6,-47,-41,-34,-25,-8
-18,2,20,7,-17,10,13,-41,-36,-32,-25,-9
-19,1,19,9,-17,10,21,-33,-30,-29,-24,-10
-20,0,19,10,-18,9,29,-26,-24,-26,-23,-11
-21,-1,19,11,-18,9,37,-20,-19,-24,-22,-12
-21,-2,18,11,-18,8,44,-15,-16,-22,-21,-13
-22,-3,18,12,-18,8,49,-12,-14,-20,-20,-13
-22,-3,18,12,-18,7,52,-10,-12,-20,-20,-13
-22,-3,18,12,-18,7,54,-9,-11,-19,-19,-13
-22,-3,18,12,-18,6,56,-9,-11,-19,-19,-14
-22,-4,17,13,-18,6,57,-9,-10,-18,-19,-14
-23,-5,17,14,-18,6,59,-9,-10,-18,-19,-15
-24,-6,17,14,-18,6,60,-9,-10,-18,-19,-15
-24,-6,17,15,-18,5,62,-9,-10,-18,-19,-15
-24,-7,17,15,-19,5,63,-9,-9,-17,-19,-15
-24,-7,17,15,-19,4,65,-9,-9,-16,-18,-15
-24,-7,17,15,-19,4,67,-9,-8,-16,-18,-15
-24,-7,18,15,-19,5,69,-9,-8,-15,-18,-15
-24,-7,18,15,-19,5,70,-9,-7,-15,-17,-15
-24,-7,18,15,-19,5,69,-9,-7,-15,-17,-15
-24,-7,17,15,-19,5,66,-10,-8,-15,-17,-15
-24,-6,17,15,-19,5,62,-11,-8,-14,-17,-14
-23,-6,16,15,-18,5,58,-11,-8,-14,-16,-14
-22,-6,15,14,-17,4,53,-12,-8,-13,-16,-13
-21,-6,14,14,-16,4,48,-12,-9,-13,-15,-12
-20,-6,13,13,-15,3,42,-12,-10,-14,-15,-12
-18,-6,11,13,-13,3,35,-12,-11,-14,-14,-12
-17,-6,10,12,-12,2,29,-12,-12,-13,-14,-11
-16,-6,9,11,-11,2,23,-12,-12,-13,-13,-11
-14,-5,8,10,-10,1,17,-12,-12,-13,-12,-10
-13,-5,7,9,-8,1,12,-12,-12,-12,-11,-9
-11,-5,6,8,-7,0,8,-11,-11,-11,-10,-9
-10,-4,5,7,-5,0,5,-11,-11,-10,-10,-8
-8,-4,4,6,-4,0,3,-10,-11,-10,-9,-8
-7,-4,3,6,-3,0,1,-9,-10,-9,-8,-7
-6,-4,2,5,-2,-1,0,-8,-10,-9,-7,-7
-6,-4,1,5,-1,-1,-1,-6,-9,-8,-7,-6
-5,-4,0,4,-1,-2,-2,-5,-9,-7,-6,-6
-5,-4,0,4,0,-2,-2,-4,-8,-7,-6,-5
-4,-4,-1,4,0,-3,-2,-3,-8,-6,-5,-5
-4,-4,-1,4,0,-3,-3,-3,-7,-6,-5,-4
-3,-4,-2,3,1,-3,-4,-2,-7,-5,-4,-4
-3,-4,-2,3,1,-3,-4,-2,-6,-5,-4,-4
-2,-4,-2,3,1,-3,-5,-2,-6,-5,-3,-3
-2,-5,-3,3,1,-3,-5,-1,-6,-4,-3,-3
-2,-5,-3,3,1,-3,-5,-1,-6,-4,-3,-3
-2,-5,-3,3,2,-3,-5,-1,-6,-4,-3,-3
-2,-5,-3,3,2,-4,-6,-1,-6,-4,-2,-3
-2,-5,-4,3,2,-4,-6,-1,-6,-4,-2,-3
-2,-5,-4,3,2,-4,-7,-1,-6,-4,-2,-3
-2,-5,-4,3,2,-4,-7,-1,-6,-4,-2,-3
-2,-6,-4,3,2,-5,-8,-1,-6,-4,-2,-3
-2,-6,-4,4,2,-5,-8,-1,-6,-4,-2,-3
-2,-6,-4,4,2,-5,-8,-1,-6,-4,-2,-3
-2,-6,-4,4,2,-5,-8,0,-6,-4,-2,-3
-2,-6,-4,4,2,-5,-8,0,-6,-4,-2,-3
-2,-6,-4,4,2,-5,-8,0,-6,-4,-2,-3
-2,-6,-4,4,2,-5,-8,0,-6,-4,-2,-3
-2,-6,-3,4,2,-5,-8,0,-6,-4,-2,-3
-1,-6,-3,4,2,-5,-8,0,-5,-4,-2,-3
-1,-6,-4,4,3,-5,-8,0,-5,-4,-2,-3
-1,-6,-4,4,3,-5,-8,0,-5,-4,-2,-3
-1,-6,-4,4,3,-5,-8,0,-5,-4,-2,-3
-1,-6,-4,4,3,-5,-8,0,-5,-4,-2,-3
-1,-6,-5,4,3,-6,-8,0,-5,-4,-2,-3
-1,-7,-5,4,3,-6,-8,0,-5,-4,-2,-3
-1,-7,-5,4,3,-6,-8,0,-5,-4,-2,-3
-2,-7,-5,4,3,-6,-8,0,-5,-4,-2,-3
-2,-7,-5,4,3,-7,-8,0,-5,-4,-2,-3
-2,-7,-5,5,3,-7,-8,0,-5,-4,-2,-3
-2,-7,-5,5,3,-7,-8,0,-5,-4,-2,-3
-2,-7,-5,5,3,-7,-9,0,-5,-4,-1,-3
-2,-7,-5,4,3,-7,-9,0,-5,-4,-1,-3
-2,-7,-5,4,3,-7,-9,0,-5,-4,-1,-3
-2,-7,-5,4,3,-7,-9,0,-5,-4,-1,-3
-2,-7,-5,4,3,-7,-9,0,-5,-4,-1,-3
-2,-8,-5,5,3,-7,-9,0,-5,-4,-1,-3
-2,-8,-6,5,3,-7,-9,0,-5,-3,-1,-3
-2,-8,-6,5,3,-7,-9,0,-5,-3,-1,-3
-2,-8,-6,5,3,-7,-9,0,-5,-3,-1,-3
-2,-8,-6,5,3,-7,-9,0,-4,-3,-1,-2
-2,-8,-6,5,3,-7,-9,0,-4,-3,-1,-2
-2,-7,-6,5,3,-7,-9,0,-4,-3,-1,-2
-2,-7,-5,5,3,-7,-9,0,-4,-3,-1,-2
-1,-7,-5,5,3,-7,-9,0,-4,-3,0,-2
-1,-7,-5,5,3,-7,-9,0,-4,-2,0,-2
-1,-7,-5,4,3,-7,-9,0,-4,-2,0,-2
-1,-6,-5,4,3,-6,-10,0,-4,-2,0,-2
-1,-6,-5,4,3,-6,-10,0,-4,-2,0,-2
-1,-6,-5,4,3,-6,-10,0,-4,-2,0,-2
-1,-6,-5,4,3,-6,-10,0,-4,-2,0,-2
-1,-6,-4,4,3,-5,-10,1,-4,-2,0,-2
-1,-6,-4,4,3,-5,-10,1,-3,-2,0,-2
-1,-5,-4,4,3,-5,-10,1,-3,-2,0,-2
-1,-5,-4,4,3,-5,-10,1,-3,-1,0,-2
-1,-5,-4,3,3,-5,-10,1,-2,-1,0,-2
-1,-5,-4,3,3,-5,-10,1,-2,0,0,-2
0,-5,-4,3,3,-5,-10,1,-2,0,0,-1
0,-5,-5,3,3,-6,-10,1,-2,0,0,-1
0,-5,-5,3,3,-6,-10,1,-2,0,0,-1
0,-4,-4,3,3,-5,-10,1,-2,0,0,-1
0,-4,-4,3,3,-5,-10,1,-2,0,0,-1
0,-4,-4,3,3,-5,-10,1,-2,0,1,-1
0,-4,-4,2,3,-5,-11,1,-2,0,1,-1
0,-4,-4,2,3,-5,-11,1,-2,0,1,-1
0,-4,-4,2,3,-5,-11,1,-1,0,1,-1
1,-4,-4,2,3,-5,-11,1,-1,0,1,-1
1,-4,-4,2,3,-4,-11,1,-1,0,1,-1
1,-3,-3,1,3,-4,-11,2,-1,0,1,-1
1,-3,-3,1,3,-4,-11,2,-1,0,1,-1
1,-3,-4,1,3,-4,-11,2,0,1,2,0
1,-3,-4,1,3,-4,-11,2,0,1,2,0
1,-3,-4,1,3,-4,-11,2,0,2,2,0
1,-3,-4,1,3,-4,-11,3,1,2,2,0
1,-3,-4,1,3,-5,-11,3,1,3,3,0
1,-3,-4,1,3,-5,-11,3,1,3,3,0
1,-3,-4,1,3,-5,-11,3,1,3,3,0
1,-3,-4,1,3,-4,-11,3,1,3,3,0
1,-3,-4,1,3,-4,-11,3,2,3,4,1
1,-3,-4,1,3,-4,-11,3,2,3,4,1
1,-3,-4,1,3,-4,-11,3,2,3,4,1
1,-3,-4,1,3,-4,-11,3,3,3,4,1
1,-3,-4,1,3,-4,-11,3,3,4,4,1
1,-3,-4,1,3,-4,-11,3,3,4,4,1
1,-2,-4,1,3,-4,-11,3,3,5,4,1
1,-2,-3,0,3,-3,-11,4,3,5,5,2
1,-1,-3,0,3,-3,-11,4,3,5,5,2
2,-1,-3,0,3,-3,-11,5,4,5,6,2
2,-1,-3,0,3,-3,-11,5,4,5,6,3
2,0,-3,0,3,-2,-12,5,4,5,6,3
2,0,-3,0,3,-2,-12,5,4,6,6,3
3,0,-3,0,3,-2,-13,5,5,6,7,3
3,0,-3,-1,3,-2,-13,4,5,7,7,3
3,1,-2,-2,3,-1,-13,4,5,7,7,3
3,1,-2,-2,3,-1,-13,4,6,7,7,4
3,2,-2,-2,3,-1,-13,4,6,8,8,4
4,2,-2,-3,3,0,-13,4,7,8,8,5
4,2,-1,-3,3,0,-14,4,7,9,9,5
4,2,-1,-3,3,0,-14,4,8,10,9,6
4,2,-2,-3,3,0,-14,4,8,11,10,6
4,2,-2,-3,3,0,-14,4,9,11,10,6
4,3,-1,-4,3,0,-14,5,9,12,11,6
4,3,-1,-4,3,0,-14,5,9,12,11,6
4,3,-1,-4,3,0,-14,5,9,12,11,6
4,3,-1,-4,3,0,-14,5,9,12,11,7
5,4,0,-4,3,0,-15,5,9,12,11,7
5,4,0,-4,3,1,-15,5,9,12,11,7
5,4,0,-4,3,1,-15,5,9,12,12,8
5,4,0,-4,3,1,-14,5,9,12,12,8
5,4,0,-5,4,1,-14,5,9,12,12,8
5,5,0,-5,4,1,-14,4,9,12,12,8
5,5,0,-5,4,2,-14,4,10,12,12,8
5,5,0,-5,4,2,-14,4,10,12,12,8
5,5,0,-5,4,2,-14,4,10,13,12,8
5,5,1,-5,3,2,-14,3,10,13,12,8
5,5,1,-5,3,3,-14,3,10,13,12,8
5,6,1,-5,3,3,-14,3,10,13,12,8
5,6,2,-5,2,3,-14,2,9,12,11,8
5,7,3,-6,2,4,-14,2,9,12,11,8
5,8,3,-6,1,4,-13,1,8,12,11,8
5,8,3,-6,1,4,-13,1,8,12,11,8
5,8,3,-6,1,4,-13,1,8,12,11,8
5,8,4,-6,1,5,-13,1,8,11,11,8
5,8,4,-6,1,5,-13,0,8,11,11,8
5,8,4,-6,1,5,-13,0,8,12,11,8
5,8,4,-6,0,5,-12,0,8,12,11,9
5,8,4,-6,0,6,-12,0,9,12,11,9
5,8,4,-6,0,6,-11,0,9,12,11,9
5,8,4,-6,1,6,-11,0,9,12,11,9
5,8,4,-6,1,5,-11,0,9,12,11,9
5,8,4,-6,1,5,-10,0,9,12,11,9
5,8,4,-6,1,5,-10,0,9,12,11,9
4,8,4,-6,1,5,-9,0,9,12,11,9
4,7,4,-6,1,5,-9,0,9,12,11,9
4,7,4,-6,1,5,-9,0,9,12,10,8
4,8,4,-6,1,5,-8,0,8,11,10,8
4,8,4,-6,1,5,-8,0,8,11,10,8
4,7,4,-5,1,5,-7,0,8,11,10,8
4,7,4,-5,1,5,-6,0,8,11,10,8
4,7,4,-5,1,5,-5,0,8,11,10,8
3,7,4,-5,1,5,-4,0,8,11,10,8
3,6,4,-5,1,5,-3,0,8,11,10,8
3,6,4,-5,0,5,-3,0,8,11,9,8
3,7,4,-5,0,6,-2,1,8,10,9,8
3,7,4,-5,0,6,-1,1,8,10,9,7
3,6,4,-5,0,5,-1,1,9,10,9,7
3,6,4,-5,0,5,0,1,9,10,9,6
3,6,4,-5,0,5,0,1,9,10,9,6
2,6,4,-4,0,4,0,2,9,10,8,6
2,6,3,-4,0,4,1,2,9,10,8,6
2,5,3,-4,0,3,1,2,9,10,8,5
2,5,3,-4,0,4,2,2,9,9,7,5
2,5,3,-4,0,4,2,3,8,9,7,5
2,5,3,-3,1,3,3,3,8,9,7,5
2,4,2,-3,1,3,3,3,8,8,7,5
2,4,2,-3,1,3,4,4,8,8,7,5
2,4,2,-3,1,3,4,4,8,8,6,4
2,4,2,-3,1,3,5,4,8,8,6,4
2,4,2,-3,1,2,5,4,8,8,6,4
2,4,2,-3,1,3,5,5,8,8,6,4
2,4,3,-3,1,3,5,5,8,8,5,3
2,4,3,-3,1,3,5,5,8,8,5,3
2,4,2,-3,1,3,5,5,8,8,5,3
2,4,2,-3,1,3,5,5,8,7,5,3
2,4,2,-3,1,3,5,5,8,7,5,3
2,4,2,-3,1,2,6,6,8,7,5,3
2,3,1,-3,2,2,6,6,8,7,6,3
2,3,1,-3,2,1,6,7,8,7,6,3
2,2,1,-3,2,1,7,7,8,7,6,3
2,2,0,-3,2,0,7,7,8,6,6,3
2,2,0,-2,2,0,7,7,8,6,6,3
2,2,0,-2,2,0,7,7,8,6,6,3
2,2,0,-2,2,0,7,7,8,6,6,3
2,2,0,-2,2,0,7,7,8,6,5,3
2,1,-1,-2,3,-1,6,7,8,6,5,2
2,1,-1,-2,3,-1,6,8,8,6,5,2
2,1,-1,-2,3,-1,6,8,7,6,5,2
2,1,-1,-2,3,0,6,8,7,5,5,2
2,1,-1,-2,3,0,6,8,7,5,5,2
2,1,-1,-2,3,-1,6,8,7,5,5,2
2,1,-1,-2,3,-1,6,8,7,5,5,1
2,1,-1,-2,3,-1,6,8,6,5,4,1
2,0,-1,-2,3,-1,6,8,6,5,4,1
2,0,-1,-1,3,-1,6,8,6,4,4,1
2,0,-1,-1,3,-1,6,8,5,4,4,1
2,0,-1,-1,3,-1,6,8,5,4,4,1
2,0,-2,-1,3,-1,6,8,5,4,4,1
2,0,-2,-1,3,-1,6,8,5,4,3,1
2,0,-2,-1,3,-1,5,8,5,4,3,1
2,0,-2,-1,3,-1,5,8,5,4,3,0
2,0,-2,-1,3,-1,5,8,5,4,3,0
2,0,-2,-1,3,-1,5,8,5,4,3,0
3,0,-2,-1,3,-1,5,8,4,4,3,0
3,0,-2,-1,3,-1,5,8,4,3,2,0
3,0,-2,-1,3,-1,5,8,3,3,2,0
3,0,-3,-1,4,-2,5,8,3,2,2,0
3,0,-3,-1,4,-2,5,8,3,2,2,0
3,0,-3,-1,4,-2,4,8,3,2,2,0
3,0,-3,-1,4,-2,4,8,3,2,2,0
3,0,-3,-1,4,-2,4,7,3,2,2,0
3,-1,-3,-1,4,-2,4,7,2,2,2,0
3,-1,-3,-1,4,-2,3,6,2,2,2,0
3,0,-3,-1,4,-2,3,6,1,2,2,0
3,0,-3,-1,4,-2,3,6,1,2,2,0
3,0,-3,-1,4,-2,4,6,1,1,1,0
3,0,-3,-1,4,-2,4,6,1,1,1,0
3,0,-3,-1,4,-2,4,6,1,1,1,0
3,0,-3,-1,4,-2,4,6,1,1,1,0
3,0,-3,-1,4,-2,4,6,1,1,1,0
3,0,-3,-1,4,-2,3,6,1,0,0,-1
3,0,-2,-1,3,-1,3,6,1,0,0,-1
3,0,-2,-1,3,-1,3,6,1,0,0,-1
3,0,-2,-1,3,-1,3,6,1,0,0,-1
3,0,-2,-1,3,-1,3,5,1,0,0,-1
3,0,-2,-1,3,-1,3,5,1,0,0,-1
3,0,-2,-1,3,-2,3,5,0,0,0,-1
3,-1,-3,-1,3,-2,3,5,0,0,0,-1
3,-1,-3,-1,3,-2,2,5,0,-1,-1,-2
2,-1,-2,-1,3,-2,2,5,-1,-1,-1,-2
2,-1,-2,-1,3,-1,2,4,-1,-2,-1,-2
2,-1,-2,-1,3,-1,2,4,-1,-2,-1,-2
2,-1,-2,-1,3,-2,2,4,-1,-2,-1,-2
2,-1,-2,-1,2,-2,2,4,-1,-2,-1,-2
2,-1,-2,-1,2,-2,2,4,-2,-2,-1,-2
2,-1,-2,-1,2,-2,2,4,-2,-2,-1,-2
2,-1,-3,-1,3,-2,2,4,-2,-2,-1,-2
2,-1,-3,-1,3,-2,1,4,-1,-2,-1,-3
2,-1,-3,-1,3,-2,1,4,-1,-2,-1,-3
2,-1,-3,0,3,-3,0,4,-1,-2,-1,-3
2,-2,-3,0,3,-3,0,4,-1,-2,-1,-3
2,-2,-3,0,3,-3,0,4,-1,-2,-1,-3
2,-2,-3,0,3,-3,0,4,-1,-3,-2,-3
2,-2,-4,0,3,-3,0,4,-1,-3,-2,-3
2,-2,-4,0,3,-3,0,4,-1,-3,-2,-3
2,-2,-3,0,3,-3,0,4,-1,-3,-2,-3
2,-1,-3,0,3,-2,0,4,-1,-3,-2,-3
2,-1,-3,0,3,-2,0,4,-1,-3,-2,-3
2,-1,-3,0,3,-2,0,4,-1,-3,-2,-3
2,-1,-3,0,3,-2,0,4,-1,-3,-2,-3
2,-1,-3,0,3,-2,0,4,-1,-3,-2,-3
2,-1,-3,0,3,-2,0,4,-2,-3,-2,-3
2,-2,-3,0,3,-2,0,3,-2,-3,-2,-3
2,-2,-3,0,3,-2,0,3,-2,-3,-2,-3
2,-2,-2,0,3,-2,0,3,-2,-3,-2,-3
2,-2,-2,0,3,-2,0,3,-2,-3,-2,-3
2,-2,-2,0,3,-2,0,3,-2,-3,-2,-3
2,-2,-3,0,3,-2,0,3,-2,-3,-2,-3
2,-2,-3,0,3,-2,0,3,-2,-3,-3,-3
2,-2,-3,0,3,-2,0,3,-2,-3,-3,-3
1,-2,-3,0,3,-3,0,3,-2,-3,-3,-3
1,-2,-3,0,3,-3,0,3,-2,-3,-3,-3
1,-2,-3,0,2,-2,0,3,-2,-3,-3,-3
1,-2,-2,0,2,-2,0,3,-2,-3,-3,-3
1,-2,-2,0,2,-2,0,3,-2,-3,-3,-3
1,-2,-3,0,2,-2,0,3,-2,-3,-3,-3
1,-2,-3,0,2,-2,0,3,-3,-3,-3,-3
1,-2,-3,0,2,-2,0,3,-3,-3,-3,-3
1,-2,-3,0,3,-2,0,3,-3,-3,-3,-3
1,-3,-3,0,3,-3,0,3,-3,-3,-3,-3
1,-3,-3,0,3,-3,-1,3,-3,-3,-3,-3
2,-3,-3,0,3,-3,-1,3,-3,-3,-3,-3
2,-3,-4,0,3,-3,-1,3,-3,-3,-3,-3
2,-3,-4,0,3,-3,-1,3,-3,-3,-3,-3
2,-3,-4,0,3,-3,-1,2,-3,-3,-3,-3
2,-2,-4,0,3,-2,-1,2,-3,-3,-3,-3
2,-2,-4,0,3,-2,-1,2,-3,-3,-3,-3
2,-2,-4,0,3,-2,-1,2,-3,-3,-3,-3
2,-2,-4,0,3,-2,-1,2,-3,-4,-3,-3
2,-2,-4,0,3,-2,-1,2,-3,-4,-3,-3
2,-2,-4,0,3,-2,-1,2,-3,-4,-3,-3
2,-2,-4,0,3,-2,-1,2,-3,-4,-3,-3
2,-1,-4,0,3,-2,-1,2,-3,-4,-3,-3
2,-1,-4,0,2,-2,-1,2,-4,-4,-3,-3
2,-1,-4,0,2,-2,-1,2,-4,-4,-3,-3
2,-1,-4,0,2,-2,0,2,-4,-4,-3,-3
2,-2,-4,0,2,-2,0,2,-4,-4,-3,-3
2,-2,-4,0,2,-2,0,2,-4,-4,-3,-3
2,-2,-3,0,2,-2,0,2,-4,-4,-3,-3
2,-2,-3,0,2,-2,0,2,-4,-4,-3,-3
2,-2,-4,0,2,-3,0,2,-4,-4,-3,-3
2,-3,-4,0,2,-3,0,2,-4,-4,-3,-3
2,-3,-3,0,2,-3,0,2,-4,-4,-3,-3
1,-3,-3,0,2,-3,0,2,-4,-4,-3,-3
1,-3,-3,1,2,-3,0,2,-4,-4,-3,-3
1,-3,-3,0,2,-2,0,2,-4,-4,-3,-3
1,-2,-2,0,2,-2,-1,2,-4,-4,-3,-4
1,-2,-2,0,2,-2,-1,2,-4,-4,-3,-4
1,-2,-3,0,2,-2,-1,2,-4,-4,-3,-4
1,-2,-3,0,2,-2,-1,2,-4,-4,-3,-4
1,-2,-3,0,2,-1,-1,2,-4,-4,-3,-4
1,-2,-3,0,2,-2,-1,2,-4,-4,-3,-4
2,-3,-3,0,2,-2,-1,2,-4,-3,-3,-4
2,-3,-3,0,2,-2,-1,2,-3,-3,-3,-4
2,-2,-3,0,2,-2,-1,2,-3,-3,-3,-4
2,-2,-3,0,2,-2,-1,1,-3,-3,-3,-4
2,-2,-3,0,2,-2,-1,1,-3,-3,-3,-3
1,-2,-3,0,2,-2,-1,1,-3,-3,-3,-3
1,-2,-3,0,2,-2,-1,1,-3,-3,-3,-3
1,-2,-3,0,2,-2,-1,1,-3,-3,-3,-3
1,-2,-4,0,2,-2,-1,1,-3,-3,-3,-3
1,-2,-4,0,2,-3,-1,1,-3,-3,-3,-3
1,-2,-4,0,2,-2,-2,1,-3,-4,-3,-3
1,-2,-3,0,2,-2,-2,1,-3,-4,-3,-3
1,-2,-3,0,2,-2,-2,1,-3,-4,-3,-3
1,-2,-3,0,2,-2,-2,1,-3,-4,-3,-3
1,-2,-3,0,2,-1,-2,1,-3,-4,-3,-3
1,-2,-3,0,2,-1,-2,1,-3,-4,-3,-3
1,-2,-3,0,2,-1,-2,1,-3,-4,-3,-3
1,-2,-3,0,2,-1,-2,1,-3,-4,-3,-3
1,-1,-2,0,1,-1,-2,1,-3,-4,-3,-3
1,-1,-2,0,1,-1,-2,1,-3,-4,-3,-3
1,-1,-2,0,1,-1,-2,1,-3,-4,-3,-3
1,-1,-2,0,1,-1,-2,1,-3,-4,-3,-3
1,-1,-2,0,1,-1,-2,1,-3,-4,-3,-3
1,-1,-2,0,1,-1,-2,1,-3,-4,-3,-3
1,-1,-2,0,1,-1,-2,1,-3,-4,-3,-3
1,-1,-2,0,1,-1,-2,1,-3,-4,-3,-3
1,-1,-2,-1,1,0,-2,1,-3,-4,-3,-3
1,0,-1,-1,1,0,-1,1,-3,-4,-3,-3
1,0,-1,-1,0,0,-1,1,-2,-4,-3,-3
1,0,-1,-1,0,0,0,1,-2,-4,-3,-2
1,0,-1,-1,0,0,0,1,-2,-3,-3,-2
1,0,-1,-1,0,0,0,1,-2,-3,-3,-2
1,0,0,-1,0,0,0,1,-1,-3,-3,-2
1,0,0,-1,0,0,1,1,-1,-3,-2,-2
1,-1,-1,-1,1,0,1,1,-1,-3,-2,-2
1,0,-1,-1,1,0,1,2,-1,-3,-2,-2
1,0,-1,-1,1,0,1,2,-1,-3,-2,-2
1,0,-1,-1,1,0,1,2,-1,-2,-2,-2
1,0,-1,-1,1,0,1,2,-1,-2,-2,-2
1,0,-1,-1,1,0,1,2,-1,-2,-2,-2
2,0,-1,-2,1,0,1,2,-1,-2,-2,-2
2,0,-1,-2,1,0,1,2,0,-1,-1,-2
2,1,-1,-2,1,1,1,2,0,-1,-1,-2
2,1,0,-2,1,1,1,2,0,-1,-1,-2
3,2,0,-2,1,2,1,2,0,-1,-1,-2
3,2,0,-3,1,2,1,2,0,-1,-1,-2
3,2,0,-3,1,2,1,2,0,-1,-1,-2
3,2,0,-3,1,2,1,2,0,-1,-1,-2
3,2,0,-3,1,2,1,2,0,-1,-1,-2
3,2,0,-3,1,2,1,2,0,-1,-1,-2
3,2,0,-3,1,1,1,2,0,-1,-1,-2
3,2,0,-3,1,1,1,2,0,-1,-1,-2
3,2,0,-3,1,1,0,2,0,-1,-1,-2
3,2,0,-3,1,1,0,2,-1,-1,-1,-2
3,1,0,-2,1,1,0,2,-1,-1,-1,-2
2,1,-1,-2,1,0,0,2,-1,-1,-1,-2
2,0,-1,-2,1,0,0,2,-1,-2,-1,-2
2,0,-1,-1,1,0,0,2,-1,-2,-1,-2
2,0,-1,-1,2,0,0,2,-1,-2,-1,-2
2,0,-2,-1,2,-1,-1,2,-2,-2,-1,-2
2,0,-2,-1,2,-1,-1,2,-2,-3,-2,-2
2,0,-2,-1,2,-1,-2,1,-3,-3,-2,-3
2,-1,-2,-1,2,-1,-3,1,-3,-3,-2,-3
2,-1,-3,-1,2,-2,-4,1,-3,-3,-2,-3
2,-2,-3,-1,2,-2,-4,0,-4,-3,-2,-3
2,-2,-3,-1,2,-2,-4,0,-4,-4,-2,-3
2,-3,-4,-1,2,-2,-4,0,-4,-4,-2,-3
2,-3,-5,0,2,-3,-4,0,-4,-4,-2,-3
2,-3,-5,0,3,-4,-4,0,-5,-4,-3,-3
2,-3,-5,0,3,-4,-5,0,-5,-5,-3,-3
2,-3,-6,0,3,-4,-5,0,-5,-5,-3,-3
2,-4,-6,0,3,-4,-5,0,-5,-5,-3,-3
2,-4,-6,0,3,-4,-5,0,-5,-5,-3,-3
2,-4,-6,0,3,-4,-6,0,-5,-5,-3,-3
2,-4,-6,0,3,-4,-6,0,-5,-5,-3,-3
2,-4,-6,0,3,-5,-6,0,-5,-5,-3,-3
2,-4,-6,0,3,-5,-6,0,-5,-5,-3,-3
2,-3,-6,0,3,-4,-6,0,-5,-5,-3,-3
2,-3,-5,0,3,-4,-6,0,-5,-5,-3,-3
2,-3,-5,0,3,-3,-6,0,-5,-5,-3,-3
2,-2,-5,0,3,-3,-5,0,-4,-5,-3,-3
3,-2,-5,-1,3,-3,-5,0,-4,-5,-3,-3
3,-2,-5,-1,3,-3,-5,0,-4,-5,-3,-3
3,-2,-6,-1,3,-3,-4,0,-4,-4,-3,-3
3,-3,-6,-1,4,-4,-4,0,-4,-4,-3,-3
4,-3,-6,-1,4,-4,-4,1,-4,-4,-2,-3
4,-3,-6,-1,4,-4,-4,1,-4,-4,-2,-3
4,-3,-7,-1,4,-4,-4,1,-4,-4,-2,-3
4,-3,-7,-1,4,-5,-4,1,-4,-4,-2,-3
4,-3,-7,0,4,-5,-4,1,-4,-3,-2,-3
4,-3,-7,0,4,-5,-4,1,-4,-3,-2,-3
4,-3,-7,0,4,-5,-4,1,-3,-3,-2,-3
4,-3,-7,0,4,-5,-4,1,-3,-3,-1,-2
4,-3,-6,0,4,-4,-4,1,-3,-2,-1,-2
3,-3,-6,0,4,-4,-4,1,-3,-2,-1,-2
3,-3,-6,0,4,-4,-4,1,-3,-2,-1,-2
2,-4,-6,0,4,-4,-4,1,-3,-3,-2,-3
1,-4,-5,1,3,-4,-4,0,-3,-3,-2,-3
1,-4,-5,1,2,-3,-4,0,-3,-4,-3,-3
0,-4,-5,1,2,-3,-4,0,-3,-4,-3,-3
0,-4,-5,1,1,-3,-4,0,-3,-4,-3,-3
0,-4,-4,1,1,-3,-4,0,-3,-4,-3,-3
1,-3,-4,1,1,-3,-4,0,-3,-4,-3,-3
1,-3,-3,0,1,-2,-4,0,-3,-4,-3,-3
1,-3,-3,0,1,-2,-4,0,-3,-4,-3,-3
1,-3,-3,0,1,-2,-4,0,-3,-4,-3,-3
1,-3,-3,0,1,-2,-4,0,-3,-5,-3,-3
0,-3,-3,1,1,-2,-4,0,-3,-5,-3,-3
0,-3,-4,1,1,-3,-4,0,-3,-5,-3,-3
0,-3,-4,1,1,-3,-4,0,-4,-5,-3,-3
0,-3,-4,1,1,-2,-4,0,-4,-5,-3,-3
0,-2,-3,1,1,-2,-4,0,-5,-5,-3,-3
0,-2,-3,1,1,-2,-4,0,-5,-5,-3,-3
-1,-2,-3,1,1,-2,-3,0,-5,-5,-3,-3
-1,-2,-3,1,1,-2,-3,0,-5,-5,-3,-3
-1,-2,-3,1,1,-2,-3,0,-5,-5,-3,-3
-1,-3,-3,1,0,-2,-3,0,-5,-5,-3,-4
-1,-3,-3,1,0,-2,-3,0,-4,-5,-3,-4
-1,-3,-3,1,0,-2,-3,0,-4,-5,-3,-4
-1,-3,-3,1,0,-2,-3,0,-4,-5,-3,-4
-1,-3,-2,1,0,-1,-3,0,-4,-5,-3,-4
-1,-3,-2,1,0,-1,-3,0,-4,-5,-3,-4
-1,-3,-2,1,0,-1,-3,0,-4,-5,-3,-4
-1,-3,-2,1,0,-1,-3,0,-4,-5,-3,-4
-1,-3,-2,1,0,-1,-3,0,-4,-5,-3,-4
-1,-4,-3,1,1,-2,-3,0,-4,-5,-3,-4
-1,-4,-3,1,1,-2,-3,0,-4,-5,-3,-4
-1,-3,-2,1,1,-1,-3,0,-4,-5,-3,-4
-1,-3,-2,1,1,-1,-3,0,-4,-5,-3,-4
-1,-4,-2,1,1,-1,-3,0,-4,-5,-3,-4
-1,-4,-2,1,1,-1,-3,0,-4,-5,-3,-4
-1,-4,-2,1,1,-1,-3,0,-4,-5,-3,-4
-1,-4,-2,1,1,-1,-3,0,-4,-5,-3,-3
-1,-4,-3,1,1,-2,-3,0,-4,-5,-3,-3
-1,-5,-3,2,1,-2,-3,0,-4,-4,-3,-3
-1,-5,-3,2,1,-2,-3,0,-4,-4,-3,-3
-1,-4,-3,2,1,-2,-3,0,-4,-3,-3,-3
-1,-4,-3,2,1,-2,-3,0,-3,-3,-3,-3
-1,-4,-3,2,1,-2,-3,0,-3,-3,-2,-3
-1,-4,-3,2,1,-2,-3,0,-4,-3,-2,-3
-1,-4,-3,2,1,-2,-3,0,-4,-3,-2,-3
-1,-4,-3,2,1,-2,-3,0,-4,-3,-2,-3
-1,-4,-3,2,1,-2,-2,0,-4,-3,-2,-3
-1,-4,-3,2,1,-2,-2,1,-4,-4,-2,-3
-1,-4,-3,2,1,-2,-2,1,-4,-4,-2,-3
-1,-5,-3,2,1,-2,-2,1,-3,-4,-2,-3
-1,-5,-3,2,1,-2,-1,2,-2,-4,-3,-3
-1,-5,-3,2,1,-2,0,2,-1,-3,-3,-3
-1,-5,-3,2,1,-2,0,3,0,-2,-2,-3
-1,-5,-3,2,1,-2,1,4,2,-1,-1,-2
-1,-5,-3,2,1,-2,2,6,6,2,0,-2
-1,-5,-3,2,1,-2,3,8,10,5,2,-1
-1,-4,-3,2,1,-2,4,10,15,9,4,0
0,-3,-3,1,1,-1,6,14,22,15,8,1
2,-2,-3,0,2,-1,9,19,31,21,13,3
4,0,-3,-2,3,0,13,24,40,29,18,5
6,2,-3,-5,3,1,18,30,51,37,24,8
8,6,-2,-8,4,3,22,36,63,47,31,12
11,10,-1,-11,5,6,27,42,75,57,38,16
14,15,1,-15,6,10,30,47,87,67,46,20
16,20,4,-18,6,14,32,49,96,75,52,24
17,25,7,-22,5,18,31,46,100,79,56,28
18,29,11,-24,4,21,27,38,98,79,57,30
18,31,13,-25,3,23,21,27,89,74,55,32
17,31,15,-25,1,24,15,14,75,64,49,31
15,30,16,-23,0,24,8,1,57,50,40,28
11,27,16,-20,-2,23,2,-10,37,34,29,24
7,23,16,-15,-4,21,-1,-22,16,17,17,19
1,18,16,-10,-7,19,-5,-33,-4,0,5,12
-3,14,17,-6,-10,18,-7,-42,-22,-15,-6,6
-7,11,18,-2,-11,16,-9,-48,-33,-25,-15,1
-9,8,17,0,-12,14,-8,-49,-38,-31,-20,-2
-11,5,17,2,-14,12,-6,-48,-40,-33,-23,-4
-13,3,17,3,-15,11,-2,-45,-39,-34,-24,-5
-14,2,16,5,-16,10,3,-39,-36,-32,-24,-6
-15,0,16,6,-16,9,10,-33,-31,-29,-23,-7
-16,0,16,7,-16,9,18,-26,-25,-26,-22,-8
-17,-1,16,9,-17,8,26,-19,-20,-23,-21,-9
-18,-2,16,10,-17,8,34,-14,-15,-21,-20,-10
-19,-3,16,11,-17,7,40,-10,-12,-19,-20,-11
-20,-4,15,11,-17,6,46,-7,-10,-18,-19,-12
-20,-5,15,11,-17,6,50,-6,-8,-17,-19,-12
-20,-5,15,12,-17,6,52,-5,-7,-17,-18,-13
-20,-6,14,12,-17,5,54,-4,-7,-17,-18,-13
-21,-6,14,13,-17,5,56,-5,-6,-16,-18,-13
-21,-7,14,13,-17,5,57,-5,-6,-16,-18,-13
-22,-7,14,14,-17,5,59,-6,-7,-16,-18,-14
-22,-8,14,14,-17,5,60,-6,-7,-16,-18,-14
-22,-8,14,15,-17,4,62,-7,-7,-16,-18,-14
-22,-9,14,15,-18,4,63,-7,-7,-16,-18,-14
-23,-9,14,15,-18,4,64,-8,-6,-16,-18,-14
-23,-9,15,15,-19,4,65,-8,-6,-16,-18,-14
-23,-9,15,15,-19,4,66,-9,-6,-16,-18,-14
-23,-8,15,15,-19,4,66,-9,-6,-16,-18,-14
-23,-8,15,15,-19,4,63,-10,-6,-16,-18,-14
-23,-8,15,15,-19,4,59,-11,-6,-15,-17,-14
-23,-8,15,15,-19,4,55,-12,-6,-15,-17,-13
-22,-8,14,14,-18,4,51,-13,-7,-14,-16,-13
-21,-8,14,14,-17,4,46,-13,-8,-14,-16,-12
-20,-8,12,14,-16,3,40,-14,-9,-14,-15,-12
-19,-8,11,14,-15,2,34,-14,-10,-13,-15,-11
-18,-8,9,13,-13,2,29,-13,-11,-13,-14,-10
-17,-8,8,12,-12,1,23,-13,-11,-13,-13,-10
-15,-8,7,11,-11,1,18,-13,-10,-12,-12,-9
-14,-8,6,11,-10,0,14,-12,-9,-11,-11,-8
-13,-8,5,10,-8,0,11,-11,-9,-10,-10,-8
-12,-8,4,9,-7,0,7,-11,-9,-10,-9,-7
-11,-8,4,8,-6,0,5,-10,-9,-9,-9,-7
-10,-8,2,8,-5,-1,2,-9,-9,-8,-8,-6
-9,-8,1,7,-4,-2,0,-8,-9,-8,-8,-6
-8,-8,0,7,-3,-3,-1,-7,-8,-7,-7,-5
-7,-8,0,6,-3,-3,-2,-5,-8,-7,-7,-5
-6,-8,-1,6,-2,-3,-2,-4,-7,-6,-6,-4
-6,-8,-1,6,-2,-3,-2,-3,-7,-6,-5,-4
-5,-8,-2,6,-1,-3,-3,-3,-6,-5,-4,-3
-5,-7,-2,5,-1,-3,-3,-2,-5,-5,-4,-3
-4,-7,-2,5,0,-3,-4,-2,-5,-4,-3,-2
-4,-7,-3,5,0,-4,-4,-1,-5,-4,-3,-2
-4,-7,-4,5,0,-4,-5,-1,-5,-4,-3,-2
-4,-7,-4,5,0,-4,-5,-1,-4,-4,-3,-2
-4,-8,-4,5,0,-4,-5,0,-4,-4,-3,-2
-4,-8,-4,5,1,-4,-5,0,-4,-4,-3,-2
-3,-9,-5,5,1,-5,-5,0,-4,-4,-3,-2
-3,-8,-4,5,1,-5,-6,0,-4,-4,-3,-2
-3,-8,-4,5,1,-5,-6,0,-4,-4,-3,-2
-3,-8,-4,5,1,-5,-7,0,-4,-4,-3,-2
-3,-8,-4,5,1,-5,-7,0,-4,-4,-3,-2
-3,-7,-4,5,1,-5,-7,0,-5,-4,-3,-2
-3,-7,-4,5,1,-5,-7,0,-5,-4,-3,-2
-3,-8,-4,5,1,-5,-7,0,-5,-4,-2,-2
-3,-8,-4,5,1,-5,-7,0,-4,-3,-2,-2
-3,-8,-4,5,1,-5,-7,0,-4,-3,-2,-2
-3,-8,-4,5,1,-5,-7,0,-4,-3,-2,-2
-3,-8,-4,5,1,-5,-7,0,-4,-3,-2,-2
-3,-8,-5,5,1,-5,-7,0,-4,-3,-2,-2
-3,-8,-5,5,1,-5,-7,0,-4,-3,-2,-2
-3,-8,-5,5,1,-5,-7,0,-4,-3,-2,-2
-3,-8,-5,5,1,-5,-7,0,-4,-3,-2,-2
-3,-8,-5,5,1,-5,-7,0,-4,-3,-2,-2
-3,-8,-5,5,1,-5,-8,0,-4,-3,-2,-2
-3,-8,-5,5,1,-5,-8,0,-4,-3,-2,-2
-3,-8,-5,5,1,-5,-8,0,-4,-3,-2,-2
-3,-8,-5,5,1,-5,-8,0,-4,-3,-2,-2
-3,-8,-5,5,1,-5,-8,0,-4,-3,-2,-2
-3,-7,-4,5,1,-5,-8,0,-4,-2,-2,-2
-3,-7,-4,5,1,-5,-8,0,-4,-2,-2,-2
-3,-8,-4,5,1,-5,-8,0,-4,-2,-2,-2
-3,-8,-4,5,1,-5,-8,0,-4,-2,-2,-2
-3,-8,-4,5,1,-5,-8,0,-4,-2,-2,-2
-3,-8,-4,5,1,-5,-8,0,-4,-2,-1,-2
-3,-8,-4,6,1,-6,-8,0,-3,-2,-1,-2
-3,-9,-5,6,1,-6,-8,0,-3,-2,-1,-2
-3,-9,-5,6,1,-6,-8,0,-3,-2,-1,-2
-3,-9,-5,6,1,-5,-9,0,-3,-1,-1,-2
-3,-9,-5,6,1,-5,-9,0,-3,-1,0,-2
-3,-9,-5,6,1,-5,-9,0,-3,-1,0,-2
-3,-9,-5,6,1,-5,-9,0,-3,-1,0,-2
-3,-9,-4,6,1,-5,-10,0,-3,-1,0,-2
-3,-9,-4,6,1,-6,-10,0,-3,-1,0,-2
-3,-9,-4,6,1,-6,-10,0,-3,-1,0,-2
-3,-8,-4,6,1,-6,-10,0,-3,-1,0,-2
-3,-8,-4,6,1,-5,-10,0,-3,-1,0,-1
-3,-8,-4,6,1,-5,-10,0,-3,-1,0,-1
-3,-8,-4,6,1,-5,-10,0,-3,-1,0,-1
-3,-8,-4,6,1,-5,-10,0,-3,-1,0,-1
-3,-8,-4,6,0,-5,-10,0,-3,-1,0,-1
-3,-8,-4,6,0,-5,-10,0,-2,0,0,-1
-3,-9,-4,6,0,-6,-10,0,-2,0,0,-1
-3,-8,-4,6,0,-6,-10,0,-2,0,0,-1
-3,-8,-4,6,0,-5,-10,0,-2,0,0,-1
-3,-8,-4,6,0,-5,-10,0,-2,0,0,-1
-3,-8,-4,6,0,-5,-10,0,-2,0,0,-1
-3,-7,-4,6,0,-5,-10,0,-2,0,0,-1
-3,-7,-4,6,0,-5,-10,0,-2,0,0,-1
-3,-7,-4,6,0,-5,-10,0,-2,0,0,-1
-3,-7,-4,6,0,-5,-10,0,-1,0,0,-1
-3,-7,-4,6,0,-5,-10,0,-1,0,0,-1
-3,-7,-4,6,0,-5,-11,0,-1,0,0,-1
-3,-7,-4,6,0,-5,-11,0,-1,0,0,-1
-3,-7,-4,6,0,-5,-11,0,0,0,0,-1
-3,-7,-4,6,0,-5,-11,1,0,0,1,0
-3,-7,-4,6,0,-5,-11,1,0,0,1,0
-3,-7,-4,6,0,-5,-12,1,0,1,1,0
-3,-8,-5,6,0,-5,-12,1,0,1,1,0
-3,-8,-5,6,0,-6,-12,1,0,1,1,0
-3,-8,-4,6,0,-6,-12,1,0,1,1,0
-3,-8,-4,6,0,-5,-12,1,0,1,2,0
-3,-8,-4,6,0,-5,-12,1,0,1,2,0
-3,-7,-4,6,0,-5,-12,1,0,2,2,0
-3,-7,-4,6,0,-5,-12,1,0,2,2,0
-3,-6,-4,6,0,-5,-13,1,0,2,2,0
-3,-6,-4,6,0,-5,-13,1,1,3,2,1
-3,-6,-4,6,0,-5,-13,1,1,3,2,1
-3,-6,-4,6,0,-5,-13,1,1,3,3,1
-3,-6,-3,5,0,-4,-14,1,1,3,3,1
-3,-6,-3,5,0,-4,-14,1,1,3,3,1
-3,-6,-3,5,0,-4,-14,1,1,4,4,1
-3,-6,-3,5,0,-4,-14,1,1,4,4,1
-3,-6,-3,5,0,-4,-14,1,1,5,4,1
-3,-6,-3,5,0,-4,-14,1,1,5,4,2
-3,-6,-3,5,0,-4,-15,1,2,5,5,2
-3,-6,-3,5,0,-4,-15,1,2,5,5,3
-3,-5,-3,5,0,-3,-15,1,3,6,5,3
-2,-4,-2,4,0,-3,-16,1,3,6,6,3
-2,-4,-2,4,0,-2,-16,1,3,6,6,3
-2,-3,-2,4,0,-2,-16,1,3,6,6,3
-2,-3,-1,4,0,-2,-16,1,3,7,6,3
-2,-3,-1,3,0,-1,-17,1,3,7,6,3
-2,-3,-1,3,-1,-1,-17,1,3,8,7,4
-2,-3,-1,3,-1,-1,-18,1,3,8,7,4
-2,-2,-1,3,-1,-1,-18,1,4,8,7,4
-2,-2,0,3,-1,-1,-18,1,4,8,7,5
-2,-2,0,3,-1,-1,-18,1,4,9,8,5
-1,-2,0,2,-1,-1,-18,1,4,9,8,5
-1,-1,0,2,-1,-1,-18,1,4,9,8,6
-1,-1,0,2,-1,0,-18,1,4,9,8,6
-1,-1,0,2,-1,0,-19,1,4,10,9,6
-1,-1,0,2,-1,0,-19,1,5,10,9,7
-1,0,0,1,-1,0,-20,0,5,10,9,7
-1,0,1,1,-1,1,-20,0,5,10,9,7
0,0,1,1,-1,1,-20,0,5,10,10,7
0,0,0,1,-1,0,-20,0,5,10,10,7
0,0,0,1,-1,0,-20,-1,5,10,10,7
0,0,0,1,-1,0,-21,-1,5,10,10,7
0,0,0,1,-1,1,-21,-1,4,10,10,7
0,0,0,1,-1,1,-21,-2,4,10,10,7
0,0,0,1,-1,1,-22,-2,4,10,10,7
0,1,1,1,-1,1,-22,-3,3,10,10,7
-1,1,1,1,-2,1,-22,-3,3,9,10,7
-1,0,2,1,-2,1,-22,-4,3,9,9,7
-1,0,2,1,-2,2,-22,-4,2,9,9,8
-1,0,2,1,-2,2,-22,-5,2,9,9,8
-1,0,2,1,-2,2,-22,-5,1,9,9,8
-1,0,2,1,-2,2,-22,-5,1,9,9,8
-1,0,2,1,-2,2,-22,-6,1,8,8,8
-1,1,2,1,-2,2,-22,-6,0,8,8,8
-1,1,3,1,-2,2,-23,-7,0,7,8,8
-1,1,3,1,-2,2,-23,-7,0,7,8,7
-1,1,3,1,-2,2,-23,-7,0,7,8,7
-1,1,3,1,-3,2,-23,-8,0,7,8,7
-1,1,3,1,-3,3,-23,-8,-1,7,7,7
-1,1,3,1,-3,3,-23,-8,-1,6,7,7
-2,1,3,1,-3,2,-23,-9,-1,6,7,7
-2,1,4,1,-4,2,-23,-9,-1,6,6,7
-2,1,4,1,-4,2,-22,-9,-2,6,6,6
-2,1,4,1,-4,2,-22,-10,-2,5,6,6
-2,1,4,1,-4,2,-21,-10,-2,5,6,6
-2,1,4,1,-4,2,-21,-10,-2,5,6,6
-2,1,4,1,-4,3,-20,-10,-2,5,5,6
-3,1,4,1,-4,3,-20,-10,-3,4,5,6
-3,1,4,1,-4,3,-19,-10,-3,4,5,6
-3,1,5,1,-4,3,-19,-10,-3,4,4,6
-3,1,5,1,-4,3,-18,-10,-3,4,4,6
-3,1,5,1,-4,3,-18,-10,-3,4,4,6
-3,1,5,1,-4,3,-17,-10,-3,4,4,6
-3,1,5,2,-5,3,-16,-10,-3,4,4,5
-3,1,5,2,-5,3,-16,-10,-3,4,4,5
-3,1,5,2,-5,3,-15,-9,-2,3,3,5
-3,0,5,2,-5,3,-14,-9,-2,3,3,5
-4,0,5,2,-5,3,-13,-8,-2,3,3,5
-4,0,5,2,-5,3,-13,-8,-2,3,3,4
-4,0,5,2,-5,3,-12,-7,-2,3,3,4
-4,0,5,2,-5,3,-11,-7,-1,3,3,4
-4,0,5,2,-5,3,-10,-7,-1,3,3,4
-4,0,5,2,-5,3,-9,-7,0,3,3,4
-4,0,5,2,-5,3,-9,-6,0,3,3,4
-4,0,5,2,-5,2,-8,-6,0,3,3,4
-4,0,5,2,-5,2,-8,-5,0,3,3,4
-4,-1,4,2,-5,2,-7,-5,0,3,3,4
-4,-1,4,2,-5,2,-6,-4,0,3,3,4
-4,-1,4,3,-5,2,-5,-4,1,3,3,3
-4,-1,4,3,-5,2,-4,-4,1,3,3,3
-4,0,4,3,-5,2,-3,-3,1,3,3,3
-4,0,4,3,-5,2,-3,-3,2,3,3,3
-4,0,3,3,-5,1,-3,-2,2,3,3,3
-4,-1,3,3,-4,1,-2,-2,2,4,3,3
-4,-1,3,3,-4,0,-2,-1,2,4,3,3
-4,-1,3,3,-4,0,-1,-1,2,4,3,3
-4,-1,3,3,-4,0,-1,0,3,4,3,3
-4,-1,2,3,-4,0,0,0,3,4,4,3
-4,-1,2,3,-4,0,0,0,3,4,4,3
-4,-1,2,3,-4,0,0,0,4,5,4,3
-4,-1,2,3,-4,0,0,1,4,5,4,3
-4,-2,2,3,-3,0,0,1,4,5,4,3
-4,-2,1,3,-3,0,1,2,4,5,4,3
-4,-2,1,3,-3,0,1,2,4,5,4,3
-4,-2,1,3,-3,0,1,2,4,5,4,3
-4,-2,1,3,-3,0,1,2,4,5,4,3
-4,-2,1,3,-3,0,1,2,5,5,4,3
-4,-2,1,3,-3,0,1,2,5,5,4,3
-4,-2,1,3,-3,0,1,2,5,5,4,2
-4,-2,1,3,-2,0,1,3,5,5,4,2
-4,-2,0,3,-2,-1,1,3,5,5,4,2
-4,-2,0,3,-2,-1,1,3,5,5,4,2
-4,-2,0,3,-2,-1,1,3,5,5,3,2
-4,-2,0,3,-2,-1,1,3,5,5,3,2
-4,-3,0,3,-2,-2,1,3,5,5,3,2
-4,-3,0,3,-2,-2,1,3,5,5,3,2
-3,-3,0,3,-2,-2,1,3,5,5,3,1
-3,-3,0,3,-2,-2,1,3,5,5,3,1
-3,-4,0,4,-2,-2,1,3,5,5,3,1
-3,-4,0,4,-2,-2,1,3,5,4,3,1
-3,-4,0,4,-2,-2,1,3,5,4,3,1
-3,-4,0,4,-2,-2,1,3,5,4,3,1
-3,-4,0,4,-2,-2,1,3,5,4,3,1
-3,-4,0,4,-2,-2,1,3,4,4,3,1
-3,-3,0,4,-2,-2,1,3,4,4,3,1
-3,-3,0,4,-1,-2,1,3,4,4,3,1
-3,-4,-1,4,-1,-2,1,3,4,4,3,1
-3,-4,-1,4,-1,-2,1,3,4,3,2,1
-3,-4,-1,4,-1,-2,1,3,4,3,2,1
-3,-4,-1,4,-1,-2,1,3,4,2,2,0
-3,-4,-1,4,-1,-2,1,3,3,2,2,0
-3,-5,-1,4,-1,-3,1,3,3,2,2,0
-3,-5,-1,4,-1,-3,1,3,3,2,1,0
-3,-5,-1,4,-1,-3,1,3,3,2,1,0
-3,-5,-1,4,-1,-3,1,2,3,2,1,0
-3,-5,-1,4,-1,-3,1,2,2,2,1,0
-3,-5,-1,4,-1,-3,1,2,2,1,1,0
-3,-5,-1,4,-1,-2,1,2,2,1,0,0
-3,-4,-1,4,-1,-2,1,2,2,1,0,0
-3,-5,-2,4,-1,-3,1,2,2,1,0,0
-3,-5,-2,4,-1,-3,1,2,2,0,0,0
-3,-5,-2,4,-1,-3,1,2,1,0,0,0
-3,-5,-2,4,-1,-3,1,1,1,0,0,-1
-3,-5,-2,4,-1,-3,1,1,1,0,0,-1
-3,-5,-2,4,-1,-3,0,1,0,0,0,-1
-3,-5,-2,4,-1,-3,0,0,0,0,0,-1
-3,-5,-2,4,-1,-3,0,0,0,0,0,-1
-3,-6,-2,4,0,-3,0,0,0,0,0,-1
-3,-6,-3,4,0,-4,0,0,0,-1,0,-1
-3,-6,-3,4,0,-4,0,0,0,-1,-1,-1
-3,-6,-2,4,0,-4,0,0,0,-1,-1,-1
-3,-7,-2,5,0,-4,0,0,0,-1,-1,-1
-3,-7,-2,5,0,-4,0,0,0,-1,-1,-1
-3,-7,-2,5,-1,-3,0,0,-1,-2,-2,-2
-3,-6,-2,5,-1,-3,-1,0,-1,-2,-2,-2
-3,-6,-2,5,-1,-3,-1,0,-2,-2,-2,-2
-3,-6,-3,5,-1,-3,-1,0,-2,-2,-2,-2
-3,-6,-3,5,-1,-3,-1,0,-2,-2,-2,-2
-3,-6,-3,5,-1,-3,-1,0,-2,-2,-2,-2
-3,-6,-3,5,-1,-4,-1,0,-2,-2,-2,-2
-3,-7,-3,6,-1,-4,-1,-1,-2,-2,-2,-2
-3,-7,-3,6,-1,-4,-1,-1,-3,-3,-2,-2
-3,-7,-3,6,-1,-4,-1,-1,-3,-3,-3,-3
-3,-7,-3,6,-1,-4,-1,-1,-4,-3,-3,-3
-3,-8,-3,6,-1,-4,-2,-1,-4,-3,-3,-3
-3,-8,-3,6,-1,-4,-2,-1,-4,-3,-3,-3
-4,-8,-3,6,-1,-4,-2,-1,-4,-3,-3,-3
-4,-8,-3,6,-1,-4,-2,-1,-4,-3,-3,-3
-4,-8,-3,6,-1,-5,-2,-1,-4,-3,-3,-3
-4,-8,-3,6,-1,-5,-2,-1,-4,-3,-3,-3
-4,-8,-3,6,-1,-5,-2,-2,-4,-3,-3,-3
-4,-8,-3,6,-1,-4,-2,-2,-4,-3,-3,-3
-4,-8,-3,6,-1,-4,-2,-2,-4,-3,-3,-3
-4,-8,-3,6,-1,-4,-2,-2,-4,-3,-3,-3
-4,-8,-3,6,-1,-4,-2,-2,-5,-3,-3,-3
-4,-8,-3,6,-1,-4,-2,-2,-5,-3,-3,-3
-4,-8,-3,6,-1,-4,-2,-2,-5,-3,-3,-3
-4,-8,-3,6,-1,-5,-2,-2,-5,-3,-3,-3
-4,-8,-3,6,-1,-5,-2,-2,-5,-3,-3,-3
-4,-8,-3,6,-1,-4,-2,-2,-5,-4,-3,-3
-4,-8,-3,6,-1,-4,-2,-2,-5,-4,-3,-3
-4,-9,-3,6,-1,-5,-2,-2,-5,-4,-3,-3
-4,-9,-3,6,-1,-5,-3,-2,-6,-4,-4,-3
-4,-9,-3,6,-1,-5,-3,-2,-6,-4,-4,-3
-4,-9,-3,7,-1,-5,-3,-2,-6,-4,-4,-3
-4,-9,-3,7,-1,-5,-3,-2,-6,-4,-4,-3
-4,-9,-3,8,-1,-5,-3,-2,-6,-5,-4,-3
-4,-9,-3,8,-1,-5,-3,-2,-6,-5,-4,-4
-4,-9,-3,8,-1,-5,-3,-2,-6,-5,-4,-4
-4,-9,-3,8,-1,-5,-3,-3,-6,-5,-4,-4
-4,-9,-3,8,-1,-5,-3,-3,-6,-5,-4,-4
-4,-9,-3,8,-1,-5,-3,-3,-6,-5,-4,-4
-4,-9,-3,8,-1,-5,-3,-3,-6,-5,-4,-4
-4,-9,-3,8,-1,-5,-3,-3,-6,-5,-4,-4
-4,-9,-3,8,-1,-5,-3,-3,-6,-5,-4,-4
-4,-9,-3,8,-1,-5,-3,-3,-7,-5,-4,-4
-4,-9,-3,7,-1,-5,-3,-3,-7,-5,-4,-4
-4,-9,-3,7,-1,-5,-3,-3,-7,-5,-4,-4
-4,-9,-3,7,-1,-5,-3,-3,-7,-5,-4,-4
-4,-8,-3,7,-1,-5,-3,-3,-7,-5,-4,-4
-4,-8,-3,7,-1,-5,-3,-3,-7,-5,-4,-4
-4,-8,-3,7,-1,-5,-3,-3,-7,-5,-4,-4
-4,-9,-3,7,-1,-5,-3,-3,-7,-5,-4,-4
-4,-9,-3,7,-1,-5,-3,-3,-7,-5,-4,-4
-4,-9,-3,7,-1,-5,-3,-3,-7,-5,-4,-4
-4,-9,-3,7,-1,-5,-3,-3,-7,-5,-4,-4
-4,-9,-4,7,-1,-5,-3,-3,-7,-5,-4,-4
-4,-9,-4,7,-1,-5,-3,-3,-7,-5,-4,-4
-4,-9,-4,7,-1,-5,-3,-3,-7,-5,-4,-4
-4,-10,-4,8,-1,-5,-3,-3,-7,-5,-4,-4
-4,-10,-4,8,-1,-6,-3,-3,-7,-5,-4,-4
-4,-10,-4,8,-1,-6,-3,-3,-7,-5,-4,-4
-4,-10,-4,8,-1,-6,-3,-3,-7,-5,-4,-4
-4,-10,-4,8,-1,-6,-3,-3,-7,-5,-4,-4
-4,-11,-4,8,-1,-7,-3,-3,-7,-5,-4,-4
-4,-11,-4,8,-1,-7,-3,-3,-7,-5,-4,-4
-5,-10,-4,8,-1,-6,-3,-3,-7,-5,-4,-4
-5,-10,-4,8,-1,-6,-3,-3,-7,-5,-4,-4
-5,-10,-4,8,-1,-6,-3,-2,-7,-5,-4,-4
-5,-10,-4,8,-1,-6,-3,-2,-7,-5,-4,-4
-5,-10,-4,8,-1,-6,-3,-2,-7,-5,-4,-4
-5,-10,-4,8,-1,-6,-3,-2,-7,-5,-4,-4
-5,-10,-4,8,-1,-6,-3,-2,-7,-5,-4,-3
-5,-10,-4,8,-1,-6,-3,-3,-7,-5,-4,-3
-5,-10,-4,8,-1,-6,-3,-3,-7,-5,-4,-3
-5,-10,-4,8,-1,-6,-3,-3,-7,-5,-4,-3
-5,-10,-4,8,-1,-6,-3,-3,-7,-5,-4,-3
-5,-10,-4,8,-1,-6,-3,-3,-7,-5,-4,-3
-5,-10,-4,8,-1,-6,-3,-3,-7,-5,-4,-3
-5,-10,-4,8,-1,-6,-3,-3,-7,-6,-5,-3
-5,-10,-4,8,-1,-6,-3,-3,-7,-6,-5,-3
-5,-10,-4,9,-1,-6,-3,-3,-7,-6,-5,-3
-5,-10,-4,9,-1,-6,-3,-3,-7,-6,-5,-4
-5,-10,-4,9,-1,-6,-3,-3,-7,-6,-5,-4
-5,-10,-4,9,-1,-6,-3,-3,-7,-6,-5,-4
-5,-10,-4,9,-1,-6,-3,-3,-7,-6,-5,-4
-5,-10,-4,9,-1,-6,-3,-3,-7,-6,-5,-4
-5,-10,-4,9,-1,-6,-3,-3,-7,-6,-5,-4
-5,-10,-4,9,-1,-6,-3,-3,-7,-6,-5,-4
-5,-11,-4,9,-1,-6,-3,-3,-7,-6,-5,-4
-5,-11,-5,9,-1,-7,-3,-3,-7,-6,-5,-4
-5,-11,-5,9,-1,-7,-3,-3,-7,-6,-5,-4
-5,-11,-5,9,-1,-7,-3,-3,-7,-6,-5,-4
-5,-11,-5,9,-1,-7,-3,-3,-7,-6,-5,-4
-5,-11,-5,9,-1,-7,-3,-3,-7,-6,-5,-4
-5,-11,-5,9,-1,-7,-3,-3,-7,-6,-5,-4
-5,-11,-4,9,-1,-7,-3,-3,-7,-6,-5,-4
-5,-11,-4,9,-1,-7,-3,-3,-7,-6,-5,-4
-5,-11,-4,9,-1,-6,-3,-3,-6,-6,-5,-4
-5,-10,-3,9,-2,-6,-3,-3,-6,-6,-5,-4
-5,-10,-3,8,-2,-5,-3,-3,-6,-6,-5,-4
-5,-9,-3,8,-2,-5,-2,-3,-6,-6,-5,-4
-5,-9,-3,8,-2,-5,-2,-3,-6,-6,-5,-4
-5,-9,-2,8,-2,-5,-2,-3,-6,-6,-5,-4
-5,-8,-2,8,-2,-4,-1,-3,-5,-5,-5,-4
-5,-8,-2,8,-2,-4,-1,-3,-5,-5,-5,-4
-5,-8,-2,8,-2,-4,-1,-3,-5,-5,-5,-4
-5,-8,-2,8,-2,-4,-1,-3,-5,-5,-5,-4
-5,-8,-2,8,-2,-4,-1,-3,-5,-5,-5,-4
-5,-8,-2,8,-2,-4,-1,-3,-5,-5,-5,-4
-5,-8,-2,8,-2,-4,0,-3,-5,-5,-5,-4
-5,-8,-2,7,-2,-4,0,-3,-5,-5,-5,-4
-5,-8,-2,7,-2,-3,0,-3,-4,-5,-4,-4
-5,-7,-1,7,-2,-3,0,-3,-4,-5,-4,-4
-4,-7,-1,7,-2,-3,0,-3,-4,-4,-4,-3
-4,-7,-1,7,-2,-3,0,-3,-4,-4,-4,-3
-4,-7,-1,7,-2,-3,0,-3,-4,-4,-4,-3
-4,-7,-1,7,-2,-3,0,-3,-4,-4,-4,-3
-4,-7,-2,7,-1,-3,0,-3,-4,-4,-4,-3
-4,-7,-2,6,-1,-4,-1,-3,-4,-4,-4,-3
-4,-7,-2,6,-1,-4,-1,-3,-4,-4,-4,-3
-4,-7,-2,6,-1,-4,-1,-3,-4,-4,-4,-3
-4,-7,-2,6,-1,-4,-2,-3,-4,-4,-4,-3
-4,-7,-2,7,-1,-4,-2,-3,-4,-4,-4,-3
-4,-8,-2,7,-1,-4,-3,-3,-5,-4,-5,-3
-4,-8,-2,7,-1,-4,-3,-3,-5,-4,-5,-3
-4,-8,-2,7,-1,-5,-4,-3,-6,-4,-5,-3
-4,-8,-3,7,-1,-5,-4,-3,-6,-5,-5,-3
-4,-8,-3,7,-1,-5,-4,-3,-6,-5,-5,-4
-4,-8,-3,7,-1,-5,-5,-3,-6,-5,-5,-4
-4,-9,-3,8,-1,-5,-5,-3,-7,-5,-5,-4
-4,-9,-4,8,-1,-6,-6,-3,-7,-5,-5,-4
-4,-10,-4,8,-1,-6,-6,-3,-7,-6,-6,-4
-5,-10,-4,8,-1,-6,-7,-4,-8,-6,-6,-4
-5,-10,-4,8,-1,-7,-7,-4,-8,-7,-7,-4
-5,-11,-5,9,0,-7,-7,-4,-8,-7,-7,-5
-5,-11,-5,9,0,-8,-7,-4,-9,-7,-7,-5
-5,-12,-6,9,0,-8,-8,-4,-9,-7,-7,-5
-5,-12,-6,9,0,-8,-8,-4,-9,-7,-7,-5
-5,-12,-7,9,0,-9,-8,-4,-9,-7,-7,-5
-5,-12,-7,9,0,-9,-8,-4,-9,-7,-7,-5
-5,-12,-7,9,0,-9,-8,-4,-9,-7,-7,-5
-4,-12,-7,9,1,-9,-8,-4,-9,-7,-7,-5
-4,-12,-8,9,1,-9,-8,-4,-9,-7,-7,-5
-3,-12,-8,9,1,-9,-8,-4,-9,-7,-7,-5
-3,-12,-8,9,1,-9,-8,-4,-9,-7,-7,-5
-3,-12,-7,9,1,-9,-8,-4,-9,-7,-7,-5
-3,-12,-7,9,1,-9,-8,-4,-9,-7,-6,-5
-3,-12,-7,9,1,-9,-8,-4,-9,-7,-6,-5
-3,-12,-7,8,1,-9,-8,-4,-9,-7,-6,-5
-3,-11,-7,8,1,-8,-8,-4,-9,-7,-6,-5
-2,-11,-7,8,1,-8,-8,-4,-8,-6,-6,-5
-2,-11,-7,8,1,-8,-8,-4,-8,-6,-6,-5
-2,-11,-7,7,1,-8,-8,-4,-8,-6,-6,-5
-2,-11,-7,7,1,-8,-7,-4,-8,-6,-6,-5
-2,-11,-8,7,2,-8,-7,-4,-8,-6,-6,-5
-2,-12,-8,7,2,-9,-7,-4,-8,-6,-6,-5
-2,-12,-8,7,2,-9,-7,-4,-8,-6,-6,-5
-2,-12,-8,7,2,-9,-8,-4,-8,-6,-6,-5
-2,-12,-8,7,2,-9,-8,-3,-8,-6,-6,-5
-2,-12,-8,7,2,-9,-8,-3,-8,-6,-6,-5
-2,-11,-8,7,2,-8,-8,-3,-8,-6,-6,-5
-2,-11,-7,7,2,-8,-8,-3,-8,-7,-6,-5
-2,-10,-7,7,2,-8,-7,-3,-8,-7,-6,-5
-2,-11,-7,7,2,-8,-7,-3,-8,-7,-6,-5
-2,-11,-7,7,1,-8,-7,-3,-8,-7,-6,-5
-3,-11,-6,7,1,-7,-7,-3,-8,-7,-6,-5
-3,-11,-6,8,0,-7,-7,-3,-8,-7,-7,-5
-4,-11,-6,8,0,-7,-7,-3,-8,-7,-7,-5
-4,-11,-5,8,0,-7,-7,-3,-8,-7,-7,-5
-4,-11,-5,8,0,-7,-7,-3,-8,-7,-7,-5
-5,-10,-4,8,0,-6,-6,-3,-8,-7,-7,-5
-5,-10,-4,8,0,-6,-6,-3,-8,-7,-7,-5
-5,-10,-4,8,0,-6,-6,-3,-8,-7,-7,-5
-5,-10,-4,8,0,-6,-6,-3,-8,-7,-7,-5
-5,-10,-4,8,0,-6,-6,-3,-8,-7,-7,-5
-5,-10,-5,8,0,-6,-6,-3,-7,-7,-7,-5
-5,-10,-5,8,0,-6,-6,-3,-7,-7,-6,-5
-5,-10,-4,8,0,-6,-6,-3,-7,-7,-6,-5
-5,-9,-4,8,0,-6,-6,-3,-7,-7,-6,-5
-5,-9,-4,8,0,-6,-6,-3,-7,-7,-6,-5
-5,-9,-4,8,0,-6,-6,-3,-7,-7,-6,-5
-5,-9,-4,7,0,-6,-6,-3,-7,-6,-7,-5
-4,-9,-4,7,0,-5,-6,-3,-7,-6,-7,-5
-4,-9,-4,7,0,-5,-6,-3,-6,-6,-7,-5
-4,-9,-4,7,0,-6,-6,-3,-6,-6,-7,-5
-4,-9,-4,7,0,-6,-6,-3,-6,-6,-7,-5
-4,-9,-3,7,-1,-6,-6,-3,-6,-6,-7,-5
-4,-9,-3,7,-1,-6,-5,-3,-6,-6,-7,-5
-4,-9,-3,7,-1,-6,-5,-3,-6,-6,-6,-5
-4,-9,-3,7,-1,-6,-5,-3,-6,-6,-6,-5
-4,-9,-3,7,-1,-6,-5,-3,-6,-6,-6,-5
-4,-9,-3,7,-1,-6,-5,-3,-6,-6,-6,-5
-4,-9,-4,7,-1,-6,-5,-3,-6,-6,-6,-5
-4,-9,-4,7,-1,-6,-5,-3,-6,-6,-6,-5
-4,-8,-3,7,-1,-5,-5,-3,-6,-6,-6,-5
-4,-8,-3,7,-1,-5,-5,-3,-6,-6,-6,-5
-4,-8,-3,7,-1,-5,-5,-3,-6,-6,-6,-5
-5,-8,-3,7,-1,-5,-5,-3,-6,-6,-6,-5
-5,-8,-3,7,-1,-5,-5,-3,-6,-6,-6,-5
-4,-8,-3,6,-1,-4,-5,-3,-6,-6,-6,-5
-4,-8,-3,6,-1,-4,-5,-3,-6,-6,-6,-5
-4,-8,-3,6,-1,-5,-5,-3,-6,-6,-6,-5
-4,-7,-2,6,-1,-4,-5,-3,-6,-6,-6,-5
-4,-7,-2,6,-1,-4,-5,-3,-6,-6,-6,-5
-4,-6,-2,6,-1,-4,-5,-3,-6,-6,-6,-5
-4,-6,-2,6,-1,-4,-5,-3,-6,-6,-6,-5
-4,-6,-2,6,-1,-4,-5,-3,-6,-6,-6,-5
-4,-6,-2,6,-1,-4,-5,-3,-6,-6,-6,-5
-4,-6,-2,6,-1,-4,-5,-3,-6,-6,-6,-5
-4,-6,-2,5,-1,-4,-5,-3,-6,-6,-6,-5
-4,-6,-2,5,-1,-4,-5,-3,-6,-6,-6,-5
-4,-6,-1,5,-1,-4,-5,-3,-6,-6,-6,-5
-4,-6,-1,5,-1,-4,-5,-3,-6,-6,-6,-5
-4,-6,-2,5,-1,-4,-5,-2,-6,-6,-6,-5
-3,-6,-2,5,-1,-4,-4,-1,-6,-6,-6,-5
-3,-6,-2,5,-1,-4,-4,-1,-6,-6,-6,-5
-3,-6,-2,5,-1,-4,-3,0,-5,-6,-6,-5
-3,-6,-2,6,-1,-4,-3,0,-4,-5,-6,-5
-3,-6,-2,6,-1,-4,-2,0,-3,-4,-6,-5
-3,-6,-1,6,-1,-3,-1,1,-1,-3,-5,-5
-3,-5,-1,5,-1,-3,0,2,2,-1,-4,-5
-3,-5,-1,5,-1,-3,1,3,6,1,-2,-4
-3,-4,-1,5,-1,-3,2,5,11,5,0,-3
-2,-3,-1,4,-1,-2,4,8,17,10,2,-2
-1,-1,0,2,-1,0,6,12,25,16,6,0
0,0,1,1,-1,1,10,16,34,23,11,2
1,3,2,-1,0,3,14,21,44,30,16,5
3,7,3,-4,0,6,19,25,55,39,22,8
6,11,6,-8,0,9,23,30,67,48,29,12
8,16,8,-11,0,13,26,34,79,58,36,16
10,21,11,-15,0,17,28,36,90,68,42,20
11,26,14,-18,-1,21,28,33,96,74,47,24
12,30,18,-20,-2,25,24,26,96,77,49,27
13,33,20,-22,-3,27,18,15,90,74,49,29
12,34,22,-22,-4,28,11,4,79,68,45,29
11,33,23,-21,-6,29,4,-7,63,57,39,28
8,32,24,-19,-8,29,-1,-18,44,42,30,24
4,28,24,-16,-11,27,-5,-29,23,25,19,19
-1,23,24,-10,-13,25,-8,-39,1,7,7,13
-6,18,24,-5,-15,22,-10,-48,-20,-10,-5,7
-11,13,23,0,-17,19,-11,-54,-36,-23,-15,2
-14,8,22,3,-18,16,-10,-56,-45,-32,-22,-2
-16,5,21,6,-19,14,-7,-55,-48,-36,-26,-6
-18,3,21,8,-20,12,-2,-52,-48,-37,-27,-7
-19,2,21,10,-21,12,4,-47,-45,-36,-28,-8
-20,1,22,11,-21,12,11,-42,-40,-34,-28,-9
-22,0,22,12,-22,11,19,-35,-35,-32,-27,-11
-23,-2,21,13,-22,10,28,-29,-29,-30,-27,-12
-24,-3,21,14,-23,9,36,-23,-25,-28,-26,-14
-25,-4,21,15,-23,8,42,-19,-22,-26,-26,-15
-25,-5,21,16,-23,8,47,-16,-20,-25,-25,-16
-26,-6,20,16,-23,7,50,-15,-18,-24,-25,-16
-26,-6,20,16,-23,7,52,-14,-17,-23,-24,-16
-26,-7,19,17,-23,7,53,-14,-17,-23,-24,-16
-26,-7,19,17,-23,7,54,-14,-16,-23,-24,-17
-27,-8,19,18,-23,6,55,-14,-16,-22,-24,-17
-27,-8,19,18,-23,6,56,-13,-15,-22,-24,-17
-27,-8,19,18,-23,6,58,-13,-15,-22,-24,-17
-27,-8,19,18,-23,6,59,-13,-14,-21,-23,-17
-27,-8,19,18,-23,5,60,-13,-14,-21,-23,-17
-27,-8,19,18,-24,5,61,-13,-14,-20,-23,-17
-27,-8,19,18,-24,6,61,-13,-13,-20,-22,-17
-28,-8,19,18,-24,6,61,-13,-13,-19,-22,-17
-28,-8,19,18,-23,5,59,-14,-13,-19,-22,-17
-27,-8,18,18,-23,5,55,-15,-13,-19,-22,-17
-26,-8,18,18,-22,5,51,-16,-14,-19,-21,-16
-26,-8,17,17,-22,4,46,-17,-14,-19,-21,-16
-25,-9,16,17,-21,4,42,-17,-15,-18,-20,-16
-24,-9,14,17,-19,3,37,-17,-15,-18,-20,-15
-22,-9,13,16,-18,2,32,-16,-16,-17,-19,-15
-21,-9,12,15,-17,2,26,-16,-16,-17,-18,-14
-19,-9,10,14,-15,1,21,-16,-16,-16,-17,-13
-18,-8,9,13,-14,1,16,-15,-16,-15,-16,-12
-16,-8,8,12,-13,1,11,-14,-15,-14,-15,-11
-15,-7,7,11,-12,1,7,-14,-15,-13,-14,-11
-14,-7,7,11,-11,0,4,-13,-14,-13,-14,-10
-13,-7,6,10,-10,0,2,-13,-14,-12,-13,-10
-12,-7,5,9,-9,0,0,-12,-13,-12,-12,-9
-11,-7,4,9,-8,-1,-2,-11,-13,-11,-11,-9
-10,-7,3,8,-7,-1,-3,-10,-12,-11,-10,-8
-9,-8,2,8,-6,-2,-3,-8,-12,-10,-10,-8
-8,-8,1,8,-5,-2,-3,-7,-11,-9,-9,-7
-8,-7,1,8,-4,-2,-4,-6,-10,-8,-9,-7
-7,-7,0,8,-4,-2,-4,-6,-10,-7,-8,-6
-7,-7,0,7,-3,-3,-4,-5,-9,-7,-8,-6
-6,-7,0,7,-3,-3,-4,-5,-9,-7,-7,-6
-6,-7,-1,7,-2,-3,-5,-5,-9,-6,-7,-6
-6,-7,-1,7,-2,-3,-5,-5,-9,-6,-7,-6
-5,-8,-2,7,-1,-4,-5,-4,-9,-6,-7,-6
-5,-7,-2,6,-1,-4,-5,-4,-8,-6,-7,-6
-4,-7,-2,6,0,-4,-6,-3,-8,-6,-6,-6
-4,-7,-2,6,0,-4,-6,-3,-8,-5,-6,-6
-4,-7,-3,6,0,-4,-7,-3,-8,-5,-6,-6
-4,-8,-3,6,0,-5,-7,-3,-8,-5,-6,-6
-4,-8,-3,6,0,-5,-7,-3,-8,-5,-6,-6
-4,-8,-3,6,0,-5,-7,-3,-8,-5,-6,-5
-4,-8,-3,6,0,-5,-7,-3,-8,-5,-5,-5
-4,-8,-3,6,0,-5,-7,-3,-7,-5,-5,-5
-4,-8,-3,6,0,-5,-8,-3,-7,-5,-5,-5
-4,-8,-3,6,0,-5,-8,-3,-7,-5,-5,-5
-3,-8,-3,6,0,-5,-8,-3,-7,-5,-5,-5
-3,-8,-4,6,0,-5,-8,-3,-7,-5,-5,-5
-3,-8,-4,6,0,-5,-8,-3,-7,-5,-5,-5
-3,-8,-4,6,0,-5,-8,-2,-7,-5,-5,-5
-3,-8,-4,6,1,-5,-8,-2,-7,-5,-5,-5
-3,-8,-4,6,1,-5,-8,-2,-7,-5,-5,-5
-3,-8,-4,6,1,-5,-8,-2,-7,-5,-5,-5
-3,-8,-4,6,1,-5,-8,-2,-7,-5,-5,-5
-3,-8,-4,6,1,-6,-8,-2,-7,-5,-5,-5
-3,-8,-4,6,1,-6,-8,-2,-6,-5,-5,-5
-3,-8,-4,6,1,-6,-8,-2,-6,-5,-5,-5
-3,-8,-4,6,1,-6,-8,-2,-6,-5,-5,-5
-3,-8,-4,6,1,-6,-8,-2,-6,-5,-5,-5
-3,-8,-4,6,1,-6,-8,-2,-6,-5,-5,-4
-3,-8,-4,6,1,-5,-8,-2,-6,-5,-5,-4
-3,-7,-4,6,1,-5,-8,-2,-6,-5,-5,-4
-2,-7,-4,6,1,-5,-9,-2,-6,-5,-5,-4
-2,-8,-4,6,1,-5,-9,-2,-6,-5,-5,-4
-2,-8,-4,5,2,-5,-9,-2,-6,-4,-5,-4
-2,-8,-4,5,2,-5,-9,-2,-6,-4,-5,-4
-2,-8,-4,5,2,-5,-9,-2,-6,-4,-5,-4
-2,-8,-4,5,2,-5,-9,-2,-6,-4,-5,-4
-2,-8,-4,5,2,-5,-9,-2,-6,-4,-5,-4
-2,-8,-4,5,1,-5,-9,-2,-6,-4,-5,-4
-2,-7,-4,5,1,-5,-9,-2,-6,-4,-5,-4
-2,-7,-4,5,1,-5,-9,-2,-6,-4,-4,-4
-2,-8,-5,5,1,-6,-9,-2,-6,-4,-4,-4
-2,-8,-5,5,1,-6,-9,-2,-6,-4,-4,-4
-2,-7,-4,5,1,-6,-9,-1,-6,-4,-4,-4
-1,-7,-4,5,1,-6,-9,-1,-6,-3,-4,-4
-1,-7,-4,5,2,-6,-9,-1,-5,-3,-4,-4
-1,-7,-4,5,2,-6,-9,-1,-5,-3,-4,-4
-1,-7,-4,5,2,-5,-9,-1,-5,-3,-4,-4
-1,-7,-4,5,2,-5,-9,-1,-5,-3,-4,-4
-1,-7,-4,5,2,-5,-9,-1,-5,-2,-3,-3
-1,-7,-4,5,2,-5,-9,-1,-5,-2,-3,-3
-1,-7,-3,5,2,-5,-9,-1,-5,-2,-3,-3
-1,-6,-3,5,2,-5,-9,-1,-5,-2,-3,-3
-1,-7,-4,5,2,-5,-9,-1,-4,-2,-3,-3
-1,-7,-4,5,2,-5,-9,-1,-4,-2,-3,-3
-1,-7,-4,5,2,-5,-9,-1,-4,-2,-3,-3
-1,-7,-4,5,2,-5,-9,0,-4,-1,-3,-3
-1,-7,-4,5,2,-5,-9,0,-4,-1,-2,-3
-1,-7,-4,5,2,-5,-9,0,-4,-1,-2,-3
-1,-7,-4,5,2,-5,-9,0,-4,-1,-2,-3
0,-6,-4,4,2,-5,-9,0,-4,-1,-2,-2
0,-6,-4,4,2,-5,-9,0,-4,0,-2,-2
0,-6,-4,4,2,-5,-9,1,-3,0,-2,-2
0,-5,-4,4,2,-4,-9,1,-3,0,-2,-2
0,-5,-4,4,2,-4,-9,1,-3,0,-2,-2
0,-5,-4,4,2,-4,-9,1,-2,0,-2,-2
0,-5,-4,4,2,-4,-9,1,-2,0,-1,-2
0,-5,-4,4,2,-4,-10,1,-2,0,-1,-2
0,-5,-3,4,2,-4,-10,1,-2,0,-1,-2
0,-4,-3,3,2,-4,-10,1,-2,0,-1,-2
0,-4,-4,3,2,-4,-10,1,-1,0,0,-2
0,-4,-4,3,2,-4,-10,1,-1,0,0,-2
0,-4,-3,3,2,-4,-10,1,-1,0,0,-2
0,-4,-3,3,2,-4,-10,1,-1,1,0,-2
0,-4,-3,3,2,-4,-10,2,-1,1,0,-1
0,-4,-3,3,2,-4,-10,2,-1,2,0,-1
0,-3,-3,3,2,-3,-10,2,0,2,0,-1
0,-3,-3,3,2,-3,-10,2,0,2,0,-1
0,-3,-3,3,2,-3,-10,2,0,2,0,-1
0,-3,-3,2,2,-3,-10,2,0,3,0,0
0,-2,-3,2,2,-3,-10,2,0,3,0,0
0,-2,-2,1,2,-2,-10,2,0,3,0,0
1,-2,-2,1,2,-2,-10,2,0,3,1,0
1,-2,-2,1,2,-2,-11,2,1,3,1,0
1,-1,-2,1,2,-2,-11,2,1,3,1,0
1,-1,-1,0,2,-1,-12,2,1,3,1,0
2,0,-1,0,2,-1,-12,2,1,3,2,0
2,0,-1,0,2,-1,-12,2,1,4,2,0
2,0,-1,-1,2,-1,-12,2,2,4,3,0
2,0,-1,-1,2,0,-12,2,2,4,3,0
2,0,-1,-1,2,0,-12,2,2,4,3,1
2,0,-1,-1,2,0,-13,2,2,5,3,1
2,1,-1,-1,2,0,-13,2,2,5,3,2
2,1,-1,-1,2,0,-14,2,3,5,3,2
2,2,-1,-1,2,0,-14,2,3,5,4,2
3,2,-1,-1,2,0,-14,2,3,6,4,3
3,2,-1,-2,2,0,-14,2,3,6,5,3
3,2,-1,-2,2,0,-14,1,4,7,5,3
4,2,-1,-2,2,0,-14,1,4,7,5,3
4,2,-1,-2,2,0,-14,1,4,8,5,4
4,2,-1,-2,2,0,-14,1,4,8,5,4
5,2,-1,-3,2,1,-15,2,4,8,5,4
5,3,-1,-3,3,1,-15,2,5,8,6,4
5,3,-1,-3,3,1,-15,2,5,8,6,4
5,3,-1,-4,3,1,-15,2,5,8,6,4
5,3,0,-4,3,1,-16,2,5,8,6,5
5,3,0,-4,3,1,-16,2,5,8,6,5
5,3,0,-4,3,1,-16,1,5,8,7,5
6,3,0,-4,3,1,-16,1,5,8,7,5
6,4,0,-4,3,2,-16,1,5,9,7,5
6,4,0,-4,3,2,-16,1,5,9,7,6
6,5,0,-4,3,2,-16,1,5,9,7,6
6,5,0,-4,3,2,-16,1,5,9,7,7
6,6,0,-5,3,3,-16,1,5,9,7,7
6,6,0,-5,3,3,-16,0,5,9,7,7
6,6,0,-5,3,3,-16,0,5,9,7,7
6,6,0,-5,3,3,-16,0,5,9,7,7
6,6,1,-5,3,3,-16,-1,5,9,7,7
7,7,1,-5,2,3,-16,-1,5,9,7,7
7,7,1,-5,2,4,-16,-1,5,9,7,7
7,7,2,-6,2,4,-16,-1,5,9,7,7
7,7,2,-6,2,4,-17,-1,5,9,7,7
7,7,2,-6,2,5,-17,-2,4,9,7,7
7,7,2,-6,2,5,-17,-2,4,9,7,7
7,7,2,-6,2,5,-16,-2,4,9,7,7
7,8,3,-6,2,5,-16,-2,4,9,7,7
7,8,3,-6,1,6,-16,-3,4,9,7,7
7,8,3,-6,1,6,-16,-3,4,9,7,7
7,8,3,-6,1,6,-16,-3,4,9,7,7
7,8,3,-6,1,5,-16,-3,4,9,7,7
6,8,3,-6,1,5,-15,-3,4,8,7,7
6,8,4,-6,1,5,-15,-3,4,8,7,7
6,7,4,-5,1,5,-14,-3,4,8,7,6
6,7,4,-5,1,5,-14,-3,4,7,7,6
6,7,4,-5,1,5,-13,-3,4,7,6,6
6,8,4,-5,1,5,-12,-3,3,7,6,6
5,7,4,-5,1,6,-12,-3,3,7,6,6
5,7,4,-5,1,6,-11,-2,3,7,6,6
5,7,4,-5,1,6,-11,-2,3,7,6,5
5,7,4,-5,1,6,-10,-2,3,6,5,5
5,7,4,-5,1,6,-9,-2,3,6,5,5
5,7,4,-5,1,5,-8,-1,3,6,5,5
5,7,4,-5,1,5,-7,-1,3,6,5,5
5,7,4,-5,0,5,-6,-1,3,6,5,5
5,6,4,-4,0,5,-5,-1,3,6,5,5
5,6,3,-4,0,5,-4,0,4,6,5,5
5,6,3,-4,0,5,-4,0,4,6,5,4
5,6,3,-4,0,5,-3,0,4,6,5,4
5,6,3,-4,0,4,-2,0,4,6,5,4
5,6,3,-4,0,4,-1,0,4,6,5,4
5,6,3,-4,0,4,0,0,4,6,4,4
4,6,3,-4,0,4,0,1,4,6,4,4
4,5,3,-3,0,4,1,1,4,6,4,3
4,5,3,-3,0,4,1,1,4,6,4,3
4,4,3,-2,0,4,2,1,3,6,4,3
3,4,3,-2,0,4,2,1,3,5,4,2
3,4,3,-2,0,4,3,1,3,5,4,2
3,4,3,-2,0,4,3,1,4,5,4,2
3,3,2,-2,0,3,4,1,4,5,4,2
3,3,2,-2,0,3,4,2,4,5,3,1
3,2,2,-2,0,3,5,2,4,5,3,1
3,2,2,-1,0,3,5,2,4,5,3,1
3,2,2,-1,0,2,6,2,4,5,3,1
2,2,2,0,0,2,6,3,4,4,3,1
2,2,2,0,0,2,6,3,4,4,3,1
2,1,1,0,0,1,7,3,4,4,3,1
2,1,1,0,1,1,7,4,4,4,3,1
2,1,1,0,1,1,7,4,4,4,3,0
2,1,1,0,1,1,7,4,4,4,2,0
2,1,1,0,1,1,7,4,4,4,2,0
2,1,0,0,1,0,7,4,4,4,2,0
2,1,0,0,1,0,7,5,4,4,2,0
2,1,1,0,1,1,7,5,4,4,2,0
2,1,1,0,1,1,7,5,4,4,2,0
2,0,0,0,1,1,7,5,4,4,2,0
2,0,0,0,1,0,7,5,4,4,2,0
3,1,0,0,1,0,7,5,4,4,2,0
3,1,0,0,1,0,7,5,5,3,2,0
3,0,0,0,1,0,7,5,5,3,2,0
3,0,0,0,1,0,7,5,5,3,2,0
3,0,0,0,1,0,7,5,5,3,2,0
3,0,0,0,2,0,7,5,5,3,2,0
2,0,0,0,2,0,7,5,5,3,2,0
2,0,-1,0,2,0,7,5,5,3,2,0
2,0,-1,0,2,0,7,5,5,3,2,0
2,-1,-1,1,2,0,6,5,5,2,1,0
1,-1,-1,1,2,0,6,5,5,2,1,0
2,-1,-1,1,2,0,6,6,5,2,2,0
2,-1,-1,1,2,0,6,6,5,2,2,0
2,-1,-1,1,2,0,5,6,5,2,2,0
2,-1,-1,1,2,-1,5,6,5,2,2,0
2,-1,-1,1,2,-1,5,6,5,2,2,0
2,-1,-1,0,2,-1,5,6,5,2,1,-1
2,-1,-1,0,2,-1,5,5,5,2,1,-1
2,-1,-1,1,2,-1,5,5,5,2,1,-1
2,-1,-1,1,2,-1,5,5,5,2,1,-1
2,-1,-1,1,2,-1,5,5,5,2,1,-1
2,-1,-1,1,2,-1,4,5,4,1,1,-1
2,-1,-1,1,2,-1,4,5,4,1,1,-1
2,-1,-1,1,2,-1,4,5,3,1,1,-1
2,-1,-1,1,2,-1,4,5,3,1,1,-1
1,-1,-1,1,2,-1,4,5,3,1,1,-1
1,-1,-1,1,2,-1,4,5,3,1,1,-1
1,-2,-1,1,2,-1,4,5,2,1,1,-1
1,-2,-1,1,2,-1,4,5,2,0,1,-1
1,-2,-1,2,2,-1,4,5,2,0,1,-1
1,-2,-1,2,2,-1,4,4,2,0,1,-1
1,-2,-1,2,2,-1,3,4,2,0,0,-1
0,-2,-2,2,2,-1,3,4,1,0,0,-1
0,-3,-2,3,2,-1,2,4,1,0,0,-1
0,-3,-2,3,2,-1,2,4,0,0,-1,-1
0,-3,-2,3,2,-2,2,4,0,0,-1,-1
0,-3,-2,3,2,-2,2,4,0,0,-1,-1
0,-3,-2,3,2,-2,2,4,0,0,-1,-1
0,-3,-2,3,2,-2,2,4,0,0,-1,-1
0,-3,-2,3,2,-2,2,4,0,0,-1,-1
0,-3,-2,3,2,-2,2,3,0,0,-1,-1
0,-3,-2,3,2,-2,2,3,0,-1,-1,-2
0,-3,-1,3,2,-2,2,3,0,-1,-2,-2
0,-3,-1,3,1,-2,2,3,0,-1,-2,-2
0,-3,-1,3,2,-2,2,3,0,-1,-2,-2
0,-3,-2,3,2,-2,1,3,0,-2,-2,-2
0,-3,-2,3,2,-2,1,3,0,-2,-2,-2
0,-3,-2,3,2,-2,1,3,0,-2,-2,-2
0,-3,-2,3,2,-2,1,3,0,-2,-2,-2
0,-3,-2,3,2,-2,1,3,0,-2,-2,-2
0,-3,-2,3,2,-2,0,3,0,-2,-2,-2
0,-3,-2,3,2,-2,0,3,-1,-2,-2,-2
0,-4,-3,3,2,-3,0,3,-1,-2,-2,-2
0,-4,-3,3,2,-3,0,2,-1,-2,-2,-2
0,-4,-3,3,2,-3,0,2,-1,-2,-2,-2
0,-4,-3,3,2,-3,0,2,-1,-2,-2,-2
0,-4,-3,3,2,-3,0,2,-1,-2,-2,-2
0,-4,-3,3,2,-4,0,2,-1,-2,-2,-3
0,-4,-3,3,2,-4,0,2,-1,-3,-3,-3
0,-4,-3,3,2,-4,0,2,-1,-3,-3,-3
0,-4,-3,3,2,-4,0,2,-1,-3,-3,-3
0,-4,-3,3,2,-4,0,2,-1,-3,-3,-3
0,-4,-3,3,2,-4,0,2,-1,-3,-3,-3
0,-4,-3,3,2,-4,0,2,-1,-3,-3,-3
0,-4,-3,3,2,-4,0,2,-1,-3,-3,-3
0,-5,-3,4,2,-4,0,2,-1,-3,-3,-3
0,-5,-3,4,2,-4,0,2,-1,-3,-3,-3
0,-4,-3,3,2,-4,0,2,-1,-3,-3,-3
0,-4,-3,3,2,-4,0,2,-1,-3,-3,-3
0,-4,-3,3,2,-4,0,2,-1,-3,-3,-3
0,-4,-3,3,2,-3,0,2,-1,-3,-3,-3
0,-4,-3,3,2,-3,0,2,-1,-3,-3,-3
0,-4,-3,3,2,-3,0,2,-1,-3,-3,-3
0,-4,-3,3,2,-3,0,2,-1,-3,-3,-3
1,-4,-3,3,2,-3,0,2,-1,-3,-3,-3
1,-4,-3,3,2,-3,0,2,-1,-3,-3,-3
0,-4,-3,3,2,-3,0,2,-1,-3,-3,-3
0,-4,-3,3,2,-3,0,2,-1,-3,-3,-3
0,-4,-3,3,2,-3,0,2,-1,-3,-3,-3
0,-4,-3,3,2,-3,0,2,-1,-3,-3,-3
0,-4,-3,3,2,-3,0,2,-2,-3,-3,-3
0,-4,-3,3,2,-3,0,1,-2,-3,-3,-3
0,-4,-3,3,2,-4,0,1,-2,-3,-3,-3
0,-4,-3,3,2,-4,0,1,-2,-3,-3,-3
0,-4,-2,3,2,-3,0,1,-2,-3,-3,-3
0,-4,-2,3,2,-3,0,1,-2,-3,-3,-3
0,-4,-3,3,2,-3,0,1,-2,-3,-3,-3
0,-4,-3,3,2,-3,0,2,-2,-4,-3,-3
0,-4,-3,2,2,-3,0,2,-2,-4,-3,-3
0,-4,-3,2,2,-3,0,2,-2,-4,-3,-3
0,-4,-3,2,2,-3,0,2,-2,-4,-3,-3
1,-4,-3,2,2,-3,0,2,-2,-4,-3,-3
1,-4,-3,2,2,-3,0,2,-2,-4,-3,-3
1,-4,-3,2,2,-3,0,2,-2,-4,-3,-3
1,-4,-3,2,2,-3,0,2,-2,-4,-3,-3
1,-4,-4,2,2,-3,0,2,-2,-4,-3,-3
1,-4,-4,2,2,-3,0,2,-2,-4,-3,-3
1,-4,-4,2,2,-3,0,2,-2,-4,-3,-3
1,-4,-4,2,2,-3,0,2,-2,-4,-2,-3
1,-4,-4,2,2,-3,0,2,-2,-4,-2,-3
1,-4,-4,2,2,-3,0,2,-2,-4,-2,-3
1,-4,-4,2,2,-3,0,2,-2,-4,-2,-3
1,-4,-4,2,2,-4,0,2,-2,-4,-2,-3
1,-4,-4,2,2,-4,0,2,-2,-4,-2,-2
1,-4,-4,1,2,-4,0,2,-2,-4,-2,-2
1,-4,-4,1,2,-4,0,2,-2,-4,-2,-2
1,-4,-4,2,2,-4,0,2,-2,-4,-2,-2
1,-4,-4,2,3,-4,0,2,-2,-4,-2,-2
1,-4,-4,2,3,-4,0,2,-2,-4,-2,-2
1,-4,-4,2,3,-4,0,2,-2,-4,-2,-2
1,-4,-4,2,3,-4,0,2,-2,-4,-2,-2
1,-4,-4,2,3,-4,0,2,-2,-4,-2,-2
1,-4,-4,2,3,-4,0,2,-2,-4,-2,-2
1,-4,-4,2,2,-4,0,2,-2,-4,-2,-2
1,-4,-4,2,2,-4,0,2,-2,-4,-2,-2
0,-5,-4,2,2,-4,0,2,-2,-4,-2,-2
0,-5,-4,2,2,-4,0,2,-2,-4,-2,-2
0,-4,-4,2,2,-4,0,2,-2,-4,-2,-2
0,-4,-4,2,2,-4,0,2,-2,-4,-2,-2
0,-4,-4,2,2,-4,0,2,-2,-4,-2,-3
0,-4,-4,2,2,-4,0,2,-2,-4,-2,-3
1,-4,-4,2,2,-4,0,2,-2,-4,-2,-3
1,-4,-4,2,2,-4,0,2,-2,-4,-2,-3
1,-4,-4,2,2,-4,0,2,-2,-4,-2,-3
1,-4,-4,2,2,-4,0,2,-2,-4,-2,-3
1,-4,-4,2,2,-3,0,2,-2,-4,-2,-3
1,-4,-3,2,2,-3,0,2,-2,-4,-2,-3
1,-4,-3,2,2,-3,0,2,-2,-4,-2,-3
1,-4,-3,2,2,-3,0,2,-2,-4,-2,-3
1,-4,-3,2,2,-3,0,2,-2,-4,-2,-3
1,-3,-3,2,2,-3,0,2,-2,-4,-2,-3
1,-3,-3,2,2,-3,0,2,-2,-4,-2,-3
1,-3,-3,1,2,-3,0,2,-2,-4,-2,-3
1,-3,-3,1,2,-3,0,2,-2,-4,-2,-3
1,-3,-3,1,2,-2,0,2,-2,-4,-2,-2
1,-3,-2,1,2,-2,0,2,-2,-4,-2,-2
1,-3,-2,1,2,-2,0,2,-2,-4,-2,-2
1,-2,-2,1,2,-2,0,2,-2,-4,-2,-2
1,-2,-2,1,2,-1,0,2,-2,-4,-2,-2
1,-2,-2,1,2,-1,1,2,-2,-4,-2,-1
1,-2,-2,1,2,-1,1,2,-2,-4,-2,-1
2,-2,-2,0,2,-1,1,2,-2,-4,-2,-1
2,-1,-1,0,2,0,1,2,-2,-4,-2,-1
2,-1,-1,0,2,0,2,2,-2,-3,-1,-1
2,-1,-1,0,2,0,2,2,-2,-3,-1,-1
2,0,-1,-1,2,0,2,3,-2,-3,-1,-1
2,0,-1,-1,2,0,2,3,-1,-2,-1,-1
2,0,-1,-1,2,0,2,3,-1,-2,-1,-1
2,0,-1,-1,2,0,3,4,-1,-2,0,-1
2,0,-1,-1,2,0,3,4,0,-2,0,-1
3,1,-1,-2,2,1,3,4,0,-1,0,-1
3,1,0,-2,2,1,3,4,0,-1,0,0
4,2,0,-2,2,1,3,4,0,-1,0,0
4,2,0,-2,2,1,3,4,0,-1,0,0
4,2,0,-2,2,1,3,4,0,-1,0,0
4,2,0,-2,2,1,3,4,0,-1,0,0
4,1,0,-2,2,1,3,4,0,-1,0,0
4,1,-1,-2,2,0,2,4,0,-1,0,0
4,1,-1,-2,2,0,2,4,0,-1,0,0
4,1,-1,-2,2,0,2,4,0,-1,0,0
3,0,-1,-2,2,0,1,3,0,-1,0,0
3,0,-1,-2,2,0,1,3,0,-1,0,0
3,0,-1,-2,2,0,1,3,0,-1,0,0
3,0,-1,-2,2,0,0,3,0,-1,0,0
3,0,-1,-1,2,0,0,3,-1,-1,0,0
3,0,-1,-1,2,-1,0,3,-1,-1,0,0
3,0,-2,-1,2,-1,0,3,-1,-2,0,0
3,0,-2,-1,3,-1,-1,3,-1,-2,0,0
3,-1,-3,0,3,-1,-1,3,-2,-2,0,0
3,-1,-3,0,3,-2,-1,3,-2,-3,0,0
3,-2,-3,0,3,-2,-2,3,-2,-3,-1,0
3,-2,-3,0,3,-2,-2,3,-3,-3,-1,-1
3,-3,-4,0,3,-2,-3,2,-3,-3,-1,-1
3,-3,-4,0,3,-3,-3,2,-4,-3,-1,-1
3,-4,-5,1,4,-4,-3,2,-4,-4,-1,-1
3,-4,-5,1,4,-4,-3,2,-4,-4,-1,-2
3,-4,-5,1,4,-4,-4,2,-4,-4,-1,-2
3,-4,-6,1,4,-5,-4,2,-4,-4,-1,-2
3,-4,-6,1,5,-5,-4,2,-4,-4,-1,-2
3,-4,-7,1,5,-5,-4,2,-4,-4,-1,-2
3,-4,-7,1,5,-5,-4,2,-4,-4,-1,-2
4,-4,-7,1,5,-5,-4,2,-4,-4,-1,-2
4,-4,-7,1,6,-5,-4,2,-4,-4,-1,-2
4,-4,-7,1,6,-5,-4,2,-4,-4,-1,-2
4,-4,-7,1,6,-5,-4,2,-4,-4,-1,-2
4,-4,-7,1,6,-5,-4,2,-4,-3,-1,-2
4,-4,-7,1,6,-5,-4,2,-4,-3,-1,-2
4,-4,-7,0,6,-5,-4,2,-4,-3,-1,-2
5,-3,-7,0,6,-5,-4,2,-4,-3,-1,-1
6,-3,-7,0,6,-5,-4,3,-4,-3,-1,-1
6,-3,-7,0,6,-5,-4,3,-4,-3,-1,-1
6,-3,-7,0,6,-6,-4,3,-4,-3,-1,-1
6,-3,-7,-1,7,-6,-4,3,-4,-3,0,-1
6,-3,-7,-1,7,-6,-4,3,-4,-3,0,0
6,-3,-8,0,7,-6,-4,3,-4,-3,0,0
6,-3,-8,0,7,-6,-4,3,-4,-3,0,0
6,-3,-8,0,7,-6,-4,3,-4,-3,0,0
6,-3,-8,0,7,-6,-4,3,-4,-3,0,0
6,-3,-8,0,7,-6,-4,3,-4,-3,0,0
6,-3,-8,0,7,-6,-4,3,-4,-3,0,0
6,-2,-7,0,7,-5,-4,3,-4,-3,0,0
6,-2,-7,0,6,-5,-4,3,-4,-3,0,0
6,-2,-7,0,6,-5,-4,3,-4,-3,0,0
6,-2,-6,0,6,-5,-4,3,-4,-2,0,0
5,-2,-6,0,5,-5,-4,3,-4,-2,-1,-1
4,-2,-5,0,5,-5,-4,2,-4,-3,-1,-1
4,-3,-5,0,5,-5,-4,2,-4,-3,-1,-1
4,-3,-5,0,5,-5,-4,2,-4,-3,-2,-1
3,-3,-5,0,4,-5,-4,2,-4,-3,-2,-1
3,-3,-4,0,4,-4,-4,2,-4,-3,-2,-1
3,-3,-4,1,4,-4,-4,2,-4,-3,-2,-1
3,-3,-4,1,4,-4,-4,2,-4,-3,-2,-1
3,-3,-4,1,4,-4,-4,2,-4,-3,-2,-1
3,-3,-4,1,4,-4,-3,2,-4,-3,-2,-1
3,-3,-5,1,4,-4,-3,2,-4,-3,-2,-1
3,-4,-5,2,4,-5,-3,2,-4,-3,-2,-1
3,-4,-5,2,4,-5,-3,2,-4,-3,-2,-1
3,-3,-4,2,3,-4,-3,2,-4,-3,-2,-1
3,-3,-4,2,3,-4,-3,2,-4,-3,-2,-1
3,-4,-5,2,3,-5,-3,2,-4,-3,-2,-1
2,-4,-5,2,3,-5,-3,2,-4,-3,-2,-1
2,-4,-5,2,3,-5,-3,2,-4,-3,-2,-1
2,-4,-5,2,3,-5,-3,2,-4,-3,-2,-1
2,-4,-5,2,3,-5,-3,2,-3,-3,-2,-1
2,-4,-5,2,3,-5,-3,2,-3,-3,-2,-1
2,-4,-5,2,3,-5,-3,2,-3,-3,-2,-1
2,-4,-5,2,3,-5,-3,2,-3,-2,-2,-1
2,-4,-5,2,3,-5,-3,2,-3,-2,-2,-1
2,-4,-5,2,3,-5,-3,3,-3,-2,-2,-1
2,-4,-5,2,3,-5,-3,3,-3,-2,-2,-1
2,-4,-5,2,3,-5,-3,3,-3,-2,-2,-1
2,-4,-5,2,4,-5,-3,3,-3,-2,-2,-1
2,-4,-5,2,4,-5,-3,3,-3,-2,-1,-1
2,-4,-5,2,4,-5,-3,3,-3,-2,-1,-1
2,-3,-5,2,4,-4,-3,3,-3,-2,-1,-1
2,-3,-5,2,4,-4,-3,3,-3,-2,-1,-1
2,-4,-5,2,4,-5,-3,3,-2,-2,-1,-1
2,-4,-5,2,4,-5,-3,3,-2,-2,-1,-1
2,-4,-4,2,4,-4,-3,3,-2,-2,-1,-1
2,-4,-4,2,4,-5,-3,3,-2,-2,-1,-1
2,-4,-5,2,4,-5,-3,3,-2,-2,-1,-1
2,-4,-4,2,3,-5,-3,3,-2,-2,-2,-1
2,-4,-4,2,3,-5,-2,3,-2,-2,-2,-1
2,-4,-4,2,3,-5,-2,3,-2,-2,-2,-1
2,-4,-5,2,3,-5,-2,3,-2,-1,-1,0
2,-4,-5,2,4,-5,-2,3,-2,-1,-1,0
2,-3,-5,2,4,-5,-2,3,-2,-1,-1,0
2,-3,-5,2,4,-5,-2,3,-2,-1,-1,0
2,-3,-5,2,4,-5,-2,3,-2,-1,-1,0
2,-3,-5,2,4,-5,-2,3,-2,-1,-1,0
2,-3,-4,2,4,-4,-2,3,-2,-1,-1,0
2,-3,-4,2,4,-4,-2,3,-2,-1,-1,0
1,-3,-5,2,4,-5,-2,3,-2,-1,-1,0
1,-4,-5,3,4,-5,-2,3,-2,-1,-1,0
1,-4,-5,3,4,-5,-1,4,-2,-1,-1,0
1,-4,-5,3,3,-5,-1,4,-1,-1,-1,0
1,-4,-5,3,3,-5,0,5,-1,-1,-1,0
1,-4,-5,3,3,-5,0,6,0,-1,-1,0
1,-4,-4,3,3,-5,1,6,2,0,-1,0
1,-4,-4,2,3,-5,2,7,5,2,0,0
1,-3,-4,2,3,-4,4,9,10,5,2,0
2,-3,-4,1,3,-4,5,11,15,8,4,1
2,-2,-4,0,3,-4,7,14,21,13,7,2
3,0,-4,0,3,-3,10,18,29,19,11,4
5,1,-3,-2,4,-2,13,22,38,26,16,6
6,4,-2,-4,4,0,17,27,48,33,21,8
8,8,0,-7,4,3,21,31,59,42,26,11
11,13,2,-11,4,7,25,36,71,51,33,15
13,18,5,-14,4,11,30,41,83,61,40,19
15,23,8,-18,4,15,32,43,94,70,46,23
16,27,11,-21,4,19,32,41,101,77,51,27
17,32,15,-23,2,23,28,34,101,79,54,31
18,34,17,-25,1,25,22,23,95,77,53,33
17,35,18,-25,0,26,15,11,83,70,50,33
16,35,19,-24,-1,27,8,-2,67,59,43,31
13,33,20,-22,-3,26,3,-14,47,44,34,27
8,29,21,-18,-6,25,-1,-26,26,27,22,22
3,24,21,-12,-8,23,-4,-36,4,9,10,16
-2,19,21,-7,-11,20,-6,-45,-17,-8,-1,10
-6,14,20,-2,-13,17,-6,-52,-32,-21,-11,4
-10,10,20,1,-14,14,-5,-54,-40,-30,-18,0
-13,6,20,4,-15,12,-2,-54,-44,-34,-22,-3
-15,4,19,6,-16,10,3,-51,-44,-36,-24,-5
-16,3,19,8,-17,10,9,-46,-41,-35,-25,-6
-17,2,19,9,-18,10,17,-40,-36,-33,-25,-7
-18,0,19,10,-18,9,27,-32,-30,-30,-24,-8
-20,-1,18,12,-18,8,36,-25,-24,-28,-24,-10
-21,-3,18,13,-19,7,44,-19,-20,-26,-23,-11
-22,-4,18,14,-19,6,50,-14,-17,-24,-22,-12
-22,-4,18,14,-19,5,54,-12,-15,-22,-21,-13
-22,-4,17,14,-19,5,56,-10,-14,-22,-21,-13
-22,-4,17,14,-19,6,58,-10,-13,-21,-20,-13
-22,-4,17,14,-20,6,59,-9,-12,-20,-20,-14
-22,-4,17,14,-20,6,60,-9,-12,-20,-20,-14
-22,-4,17,14,-19,6,61,-9,-11,-19,-20,-14
-22,-4,17,14,-19,6,62,-9,-11,-19,-20,-14
-22,-4,17,14,-19,6,64,-9,-10,-18,-20,-14
-22,-5,17,14,-19,6,65,-8,-9,-18,-19,-14
-22,-5,17,14,-19,6,67,-8,-8,-17,-18,-14
-22,-5,17,14,-19,6,68,-8,-7,-16,-18,-13
-22,-4,17,14,-19,6,68,-8,-7,-16,-17,-13
-22,-4,17,14,-19,5,67,-9,-7,-15,-17,-13
-21,-5,16,14,-18,5,64,-9,-7,-15,-17,-13
-21,-5,15,14,-18,4,60,-10,-8,-15,-17,-13
-20,-5,15,14,-17,4,55,-10,-8,-15,-17,-12
-20,-5,14,13,-17,3,50,-11,-8,-15,-16,-12
-19,-6,13,13,-16,3,45,-12,-9,-15,-16,-12
-18,-6,12,12,-14,2,40,-12,-10,-14,-15,-11
-16,-6,10,12,-13,2,34,-12,-10,-14,-14,-11
-15,-5,9,11,-11,1,27,-12,-11,-13,-14,-10
-13,-5,7,10,-10,1,22,-11,-11,-13,-13,-9
-12,-5,6,9,-8,0,17,-11,-10,-12,-12,-8
-10,-4,5,8,-7,0,12,-10,-10,-11,-11,-8
-9,-4,5,7,-6,0,8,-9,-9,-10,-10,-7
-7,-3,4,6,-5,0,5,-9,-9,-10,-9,-7
-6,-3,2,6,-4,0,3,-8,-9,-9,-8,-6
-5,-3,1,5,-3,-1,1,-8,-8,-8,-8,-6
-4,-3,0,5,-2,-1,0,-7,-8,-8,-7,-5
-3,-3,0,4,-1,-2,-1,-5,-7,-7,-6,-5
-2,-3,-1,4,0,-2,-1,-4,-6,-6,-5,-4
-1,-2,-1,3,0,-2,-1,-2,-6,-6,-5,-4
-1,-2,-1,3,0,-2,-1,-1,-5,-5,-4,-3
0,-2,-2,2,0,-2,-2,-1,-5,-5,-4,-3
0,-2,-2,2,1,-2,-2,0,-4,-4,-3,-2
0,-2,-3,2,1,-2,-3,0,-4,-4,-3,-2
0,-1,-3,2,2,-2,-3,0,-4,-4,-3,-2
0,-1,-3,2,2,-2,-4,0,-4,-4,-3,-2
0,-1,-3,2,2,-3,-4,0,-4,-4,-2,-2
0,-1,-3,2,2,-3,-4,0,-4,-3,-2,-2
0,-1,-3,2,2,-3,-5,1,-4,-3,-2,-2
0,-2,-3,2,2,-3,-5,1,-4,-3,-2,-2
0,-2,-4,2,3,-3,-6,1,-4,-3,-2,-2
0,-2,-4,2,3,-3,-6,1,-4,-3,-2,-2
0,-2,-4,2,3,-3,-6,1,-4,-3,-2,-2
1,-2,-4,2,3,-3,-6,1,-4,-3,-2,-2
1,-2,-4,2,3,-3,-6,1,-4,-2,-2,-2
1,-2,-4,2,4,-3,-6,1,-4,-2,-2,-2
1,-2,-4,2,4,-3,-7,1,-4,-2,-2,-2
1,-2,-4,1,4,-3,-7,1,-4,-2,-2,-2
1,-2,-4,1,4,-3,-7,1,-4,-2,-2,-2
1,-3,-4,2,3,-4,-7,1,-4,-2,-2,-2
1,-3,-4,2,3,-4,-7,1,-4,-2,-2,-2
1,-3,-4,2,3,-3,-7,1,-4,-2,-2,-2
1,-3,-4,2,3,-3,-7,1,-4,-2,-2,-2
1,-3,-5,2,3,-4,-7,1,-4,-2,-2,-1
1,-3,-5,2,3,-4,-7,1,-4,-2,-2,-1
1,-3,-5,2,3,-5,-7,1,-4,-2,-2,-1
1,-3,-5,2,3,-5,-7,1,-3,-2,-2,-1
1,-4,-6,3,3,-5,-7,1,-3,-2,-2,-1
1,-4,-6,3,3,-5,-7,1,-3,-2,-2,-1
1,-3,-5,2,3,-5,-8,1,-3,-2,-2,-1
1,-3,-5,2,3,-5,-8,1,-3,-2,-2,-1
1,-4,-5,3,3,-5,-8,1,-3,-2,-2,-1
1,-4,-5,3,3,-5,-8,2,-3,-2,-2,-1
1,-4,-5,3,3,-5,-8,2,-3,-2,-2,-1
1,-4,-5,3,3,-5,-8,1,-3,-2,-2,-1
1,-4,-6,3,3,-5,-8,1,-3,-2,-2,-1
0,-5,-6,3,3,-6,-8,1,-3,-2,-2,-1
0,-5,-6,3,3,-6,-8,1,-3,-2,-2,-1
0,-5,-5,3,3,-5,-8,1,-3,-2,-2,-1
0,-5,-5,3,3,-5,-8,1,-2,-1,-2,-1
0,-5,-5,3,3,-6,-8,1,-2,-1,-2,-1
0,-5,-5,3,2,-5,-8,1,-2,-1,-2,-1
0,-4,-5,3,2,-5,-8,1,-2,-1,-2,-1
0,-4,-5,3,2,-5,-8,1,-2,-1,-1,-1
0,-4,-5,3,2,-5,-8,1,-2,-1,-1,-1
0,-4,-5,3,2,-5,-8,2,-2,-1,-1,-1
0,-4,-5,3,2,-5,-8,2,-2,-1,-1,-1
0,-4,-5,2,2,-4,-8,2,-2,-1,-1,-1
0,-4,-5,2,2,-4,-8,2,-1,-1,-1,0
0,-4,-5,2,2,-4,-8,2,-1,0,-1,0
0,-4,-4,2,2,-4,-8,2,-1,0,-1,0
0,-4,-4,2,2,-4,-8,2,-1,0,-1,0
0,-4,-4,3,2,-5,-8,2,0,0,-1,0
0,-4,-5,3,2,-5,-9,2,0,0,-1,0
0,-4,-5,2,2,-4,-9,2,0,0,-1,0
0,-4,-5,2,2,-4,-9,2,0,0,-1,0
0,-4,-5,2,2,-4,-9,2,0,0,-1,0
0,-4,-5,2,2,-4,-9,2,0,0,0,0
0,-3,-4,2,1,-4,-9,2,0,0,0,0
0,-3,-4,2,1,-4,-9,2,0,0,0,0
0,-3,-4,2,1,-4,-9,2,0,1,0,0
0,-3,-4,2,1,-3,-9,2,0,1,0,0
0,-3,-4,1,1,-3,-9,2,1,1,0,0
0,-3,-4,1,1,-3,-9,2,1,1,0,0
0,-3,-4,2,1,-3,-9,2,1,1,0,0
0,-3,-4,2,1,-3,-9,2,1,1,0,0
0,-3,-4,2,1,-3,-9,2,1,1,0,0
0,-3,-4,2,1,-3,-9,2,1,1,0,0
0,-3,-4,2,1,-3,-9,2,1,1,0,0
0,-3,-4,2,1,-3,-9,2,1,2,0,0
0,-3,-4,2,1,-3,-9,2,1,2,1,0
0,-2,-3,2,1,-2,-10,2,1,2,1,0
0,-2,-3,2,1,-2,-10,2,2,2,1,0
0,-2,-3,2,1,-2,-10,2,2,2,1,0
0,-2,-3,2,1,-2,-10,2,2,2,1,0
0,-2,-3,1,1,-2,-10,2,2,2,1,0
0,-2,-3,1,1,-2,-10,2,2,2,1,0
0,-2,-3,1,1,-2,-10,2,2,3,2,0
0,-2,-3,1,1,-2,-10,2,2,3,2,0
0,-2,-2,1,1,-1,-10,2,3,3,2,1
0,-1,-2,1,1,-1,-10,2,3,3,2,1
0,-1,-2,1,1,-1,-10,2,3,3,2,1
0,-1,-2,1,1,-1,-10,2,3,4,2,1
0,0,-2,1,1,-1,-10,2,3,4,2,1
0,0,-2,1,1,-1,-10,2,3,4,3,1
0,0,-2,1,1,-1,-10,3,4,5,3,1
0,0,-2,1,1,-1,-10,3,4,5,4,2
0,0,-1,0,1,0,-10,2,5,5,4,2
0,0,-1,0,1,0,-10,2,5,5,4,2
0,0,-1,0,1,0,-10,2,5,5,4,2
0,0,-1,0,1,0,-10,2,6,5,4,2
0,0,-1,0,1,0,-11,2,6,6,4,2
0,1,-1,0,1,0,-11,2,6,6,4,3
0,1,-1,0,1,0,-11,2,6,7,5,3
0,1,-1,0,1,0,-11,2,7,7,5,4
0,1,0,0,0,0,-11,2,7,7,5,4
0,2,0,-1,0,1,-11,2,7,7,5,4
1,2,0,-1,0,1,-11,2,7,8,6,4
1,2,0,-1,0,1,-11,2,7,8,6,4
1,2,0,-1,0,1,-12,2,7,8,6,4
1,3,0,-1,0,1,-12,2,7,9,6,4
1,3,0,-1,0,1,-12,2,7,9,6,4
1,3,0,-1,0,1,-12,2,8,9,7,5
1,3,0,-1,0,2,-12,2,8,9,7,5
1,3,1,-2,0,2,-12,2,8,9,7,6
1,4,1,-2,0,2,-13,2,8,10,7,6
1,4,1,-2,0,2,-13,2,8,10,7,6
1,4,1,-2,0,2,-13,2,8,10,7,6
1,4,1,-2,0,3,-13,2,8,10,7,6
1,4,2,-2,0,3,-13,2,8,10,7,6
1,4,2,-2,0,3,-13,2,9,10,7,6
1,4,2,-2,0,3,-13,2,9,10,7,6
2,5,2,-3,0,3,-13,2,9,10,8,6
2,6,3,-3,0,4,-13,2,9,10,8,6
2,7,3,-3,0,4,-13,1,9,11,8,6
2,7,3,-3,0,4,-13,1,9,11,8,6
2,7,3,-3,0,5,-13,1,9,11,8,7
2,7,4,-4,0,5,-13,1,9,11,8,7
2,7,4,-4,0,5,-13,1,9,11,8,7
2,7,3,-4,0,5,-13,1,9,11,9,7
2,7,3,-4,0,5,-13,0,9,11,9,7
2,8,4,-5,0,6,-13,0,9,11,9,7
2,9,4,-5,0,6,-12,0,9,11,9,8
2,9,4,-5,0,6,-12,-1,9,11,9,8
2,9,4,-5,0,7,-12,-1,9,11,9,8
2,9,5,-5,0,7,-12,-1,8,11,9,8
2,9,5,-5,0,7,-12,-1,8,11,9,8
2,9,5,-5,0,6,-11,-1,8,11,9,8
2,9,5,-5,0,6,-11,-1,8,11,9,8
2,9,5,-5,-1,7,-10,-1,8,11,9,8
2,10,6,-6,-1,7,-10,-1,8,11,9,8
2,10,6,-6,-1,7,-10,-1,8,11,9,8
2,10,6,-6,-1,7,-9,-1,8,11,9,8
2,10,6,-5,-1,7,-9,-1,8,11,9,8
2,10,6,-5,-1,7,-8,-1,8,10,8,8
2,9,5,-4,-1,7,-7,-1,8,10,8,8
2,8,5,-4,0,6,-7,-1,8,10,8,8
2,8,5,-4,0,6,-6,-1,8,10,8,8
2,8,5,-4,-1,6,-6,-1,8,9,7,8
2,8,5,-4,-1,6,-5,-1,8,9,7,7
2,8,5,-4,-1,6,-5,-1,8,9,7,7
1,8,5,-4,-1,6,-4,-1,8,9,7,7
1,8,5,-4,-1,6,-4,-1,8,9,7,7
1,8,5,-4,-1,6,-3,-1,8,9,7,7
0,7,5,-3,-1,6,-3,-1,8,9,7,7
0,7,5,-3,-1,6,-2,-1,8,9,7,6
0,7,6,-3,-2,6,-2,-1,8,9,6,6
0,7,6,-3,-2,6,-1,-1,8,9,6,6
0,7,5,-3,-2,6,0,-1,8,9,6,5
0,7,5,-2,-2,6,0,-1,8,8,6,5
0,7,5,-2,-2,6,0,-1,8,8,6,5
0,6,5,-2,-2,6,1,0,8,8,6,5
0,5,5,-2,-2,5,1,0,8,8,5,5
-1,5,5,-1,-2,5,2,0,8,7,5,5
-1,5,5,-1,-2,5,2,0,8,7,4,4
-1,5,5,-1,-3,5,3,0,8,7,4,4
-1,5,5,-1,-3,5,3,0,8,7,4,4
-1,5,5,-1,-3,5,4,0,8,7,4,4
-2,5,5,-1,-3,5,4,0,7,7,4,4
-2,5,5,-1,-3,5,4,0,7,7,4,3
-2,4,5,0,-3,5,5,0,7,7,3,3
-2,4,5,0,-3,4,5,0,7,7,3,3
-2,4,5,0,-3,4,5,0,7,6,3,3
-2,4,5,0,-3,4,5,0,6,6,3,2
-2,3,5,0,-3,4,5,0,6,5,3,2
-3,3,4,1,-3,3,5,0,6,5,3,2
-3,3,4,1,-3,3,5,0,6,5,3,2
-3,3,4,1,-3,3,5,0,6,5,2,1
-3,2,3,1,-2,3,5,0,6,5,2,1
-3,2,3,1,-2,2,5,1,6,5,2,1
-3,1,3,1,-2,2,5,1,6,5,2,1
-3,1,3,1,-2,2,5,1,6,5,2,1
-3,1,3,2,-2,2,5,1,6,5,2,1
-3,1,2,2,-2,1,6,1,6,5,2,1
-3,1,2,2,-2,1,6,1,5,4,2,1
-3,1,2,2,-2,2,6,1,5,4,2,1
-3,1,2,2,-2,2,6,2,5,4,1,1
-3,0,2,2,-1,1,6,2,5,4,1,1
-3,0,1,2,-1,0,5,2,5,4,1,1
-3,0,1,2,-1,0,5,2,5,4,1,1
-3,0,1,2,-1,0,5,2,5,4,1,1
-3,-1,1,2,-1,0,5,2,5,4,1,1
-3,-1,1,2,-1,0,5,2,5,3,1,1
-3,-1,1,2,-1,0,5,2,5,3,1,1
-3,-1,1,2,-1,0,5,2,5,3,1,1
-3,-1,1,3,-1,0,5,3,5,3,1,1
-3,-2,0,3,-1,-1,5,3,5,3,1,1
-3,-2,0,3,-1,-1,4,3,5,3,1,1
-3,-2,0,3,-1,-1,4,3,5,3,1,1
-3,-2,0,3,-1,-1,4,3,5,3,1,1
-3,-2,0,3,-1,-1,4,3,5,3,1,1
-3,-2,0,3,-1,-1,4,3,4,3,0,1
-2,-1,0,2,-1,-1,4,3,4,2,0,0
-2,-1,0,2,-1,-1,4,3,4,2,0,0
-2,-1,0,2,0,-1,4,3,4,2,0,0
-2,-1,0,2,0,-1,3,3,4,2,0,0
-2,-1,0,2,0,-1,3,3,4,2,0,0
-2,-1,0,2,0,-1,3,3,4,2,0,0
-2,-2,0,2,0,-1,3,3,4,2,0,0
-2,-2,0,2,0,-1,2,3,3,1,0,0
-2,-2,0,2,0,-1,2,3,3,1,0,0
-2,-2,0,2,0,-1,2,3,3,1,0,0
-2,-2,0,3,0,-1,2,3,3,1,0,0
-2,-2,-1,3,0,-2,2,2,3,1,0,-1
-2,-2,-1,3,0,-1,2,2,3,1,0,-1
-2,-2,-1,3,0,-1,2,2,3,1,0,-1
-2,-2,-1,3,0,-1,2,2,3,1,0,-1
-2,-2,-1,3,0,-1,1,2,2,1,0,-1
-2,-2,-1,3,0,-1,1,1,2,0,-1,-1
-2,-2,-1,3,0,-1,1,1,2,0,-1,-1
-2,-3,-1,3,0,-2,1,1,2,0,-1,-1
-2,-3,-1,3,0,-2,1,1,1,0,-1,-1
-2,-3,-1,3,0,-2,0,1,1,0,-1,-2
-2,-3,-1,3,0,-2,0,0,1,0,-2,-2
-2,-3,-1,4,0,-2,0,0,1,0,-2,-2
-2,-4,-1,4,0,-2,0,0,0,-1,-2,-2
-2,-4,-1,4,0,-2,0,0,0,-1,-2,-2
-2,-4,-1,4,0,-2,0,0,0,-1,-2,-2
-2,-4,-1,4,0,-2,0,0,0,-1,-2,-2
-2,-4,-1,4,0,-2,0,0,0,-1,-2,-2
-2,-3,-1,3,0,-2,-1,0,0,-1,-2,-3
-2,-3,0,3,0,-2,-1,0,0,-1,-2,-3
-2,-3,0,3,0,-2,-1,0,0,-1,-2,-3
-2,-3,0,3,0,-2,-1,0,0,-1,-2,-3
-2,-3,0,3,0,-2,-1,0,0,-1,-2,-3
-2,-3,0,3,0,-2,-1,0,-1,-2,-2,-3
-2,-3,0,3,0,-2,-1,-1,-1,-2,-3,-3
-2,-4,-1,4,0,-2,-1,-1,-1,-2,-3,-3
-2,-4,-1,4,0,-2,-1,-1,-1,-2,-3,-3
-2,-3,-1,4,0,-2,-1,-1,-2,-2,-3,-3
-2,-3,-1,3,0,-2,-1,-1,-2,-2,-3,-3
-2,-3,-1,3,0,-2,-1,-1,-2,-2,-3,-3
-2,-3,-1,3,0,-2,-1,-1,-2,-2,-3,-4
-2,-3,-1,3,0,-2,-1,-1,-2,-2,-3,-4
-2,-3,-1,3,0,-2,-1,-1,-2,-2,-3,-4
-2,-3,-1,3,0,-2,-1,-1,-2,-2,-3,-4
-2,-3,-1,3,0,-2,-2,-1,-2,-2,-3,-4
-2,-3,-1,3,0,-2,-2,-1,-3,-3,-3,-4
-2,-3,-1,3,0,-2,-2,-1,-3,-3,-3,-4
-2,-3,-1,3,0,-2,-2,-1,-3,-3,-3,-4
-2,-3,-1,3,0,-2,-2,-1,-3,-3,-3,-4
-2,-3,-1,3,0,-2,-2,-1,-3,-3,-3,-4
-2,-3,-1,3,0,-2,-2,-1,-3,-3,-3,-4
-2,-3,-1,3,0,-2,-2,-1,-3,-3,-3,-4
-2,-3,-1,3,0,-2,-2,-1,-3,-3,-3,-4
-2,-3,-1,3,0,-2,-2,-1,-3,-3,-4,-4
-2,-3,-1,3,0,-2,-2,-1,-3,-3,-4,-4
-2,-3,-1,3,0,-2,-2,-2,-3,-3,-4,-4
-1,-3,-2,3,0,-2,-2,-2,-3,-3,-4,-4
-1,-3,-2,3,1,-2,-2,-2,-3,-3,-4,-4
-1,-2,-2,3,1,-2,-3,-2,-4,-3,-4,-4
-1,-2,-2,3,1,-2,-3,-2,-4,-3,-4,-4
-1,-3,-2,3,1,-2,-3,-2,-4,-3,-4,-4
-1,-3,-2,2,1,-2,-3,-2,-4,-3,-4,-4
-1,-3,-1,2,0,-2,-3,-2,-4,-4,-4,-4
-1,-3,-1,2,0,-2,-3,-2,-4,-4,-4,-4
-1,-3,-1,3,0,-2,-3,-2,-4,-4,-4,-4
-1,-3,-1,3,0,-2,-3,-2,-4,-4,-4,-4
-1,-3,-1,3,0,-2,-3,-2,-4,-4,-4,-4
-1,-3,-1,3,0,-2,-3,-2,-4,-4,-4,-4
-1,-3,-1,3,0,-2,-3,-2,-4,-4,-4,-4
-1,-3,-2,3,0,-2,-3,-2,-4,-4,-4,-4
-1,-3,-2,3,0,-2,-3,-2,-4,-4,-4,-4
-1,-3,-1,3,0,-2,-3,-2,-4,-4,-4,-3
-1,-3,-1,3,0,-2,-3,-2,-4,-4,-4,-3
-1,-3,-1,3,0,-2,-3,-2,-4,-4,-4,-3
-1,-3,-1,3,0,-2,-3,-2,-4,-4,-4,-3
-1,-3,-1,3,0,-2,-3,-2,-4,-4,-4,-3
-1,-3,-2,3,0,-2,-3,-2,-4,-4,-4,-3
-1,-3,-2,3,1,-3,-3,-2,-4,-4,-4,-3
-1,-3,-2,3,1,-3,-3,-2,-4,-4,-4,-3
-1,-2,-1,2,1,-2,-3,-2,-4,-4,-4,-3
-1,-2,-1,2,1,-2,-4,-2,-4,-4,-4,-3
-1,-2,-2,2,1,-2,-4,-2,-4,-4,-4,-3
-1,-2,-2,2,1,-2,-4,-2,-4,-4,-4,-3
-1,-2,-2,2,1,-2,-4,-2,-4,-4,-4,-3
-1,-2,-2,2,1,-2,-4,-2,-4,-4,-4,-3
-1,-3,-2,2,1,-3,-4,-2,-4,-4,-3,-3
-1,-3,-2,2,1,-3,-4,-2,-4,-4,-3,-3
-1,-3,-2,2,1,-2,-4,-2,-4,-4,-3,-3
-1,-2,-2,2,1,-2,-4,-2,-4,-4,-3,-3
-1,-2,-2,2,1,-2,-4,-2,-4,-4,-3,-3
-1,-2,-2,2,1,-2,-4,-2,-4,-4,-3,-3
-1,-2,-1,2,1,-1,-4,-2,-4,-4,-3,-3
-1,-2,-1,2,1,-1,-4,-2,-4,-4,-3,-3
-1,-3,-2,2,1,-2,-4,-1,-4,-4,-3,-3
-1,-3,-2,2,1,-2,-4,-1,-4,-4,-3,-3
-1,-2,-2,2,1,-2,-4,-1,-4,-4,-3,-3
-1,-2,-2,2,1,-2,-4,-1,-4,-4,-3,-3
0,-2,-2,2,1,-2,-4,-1,-4,-4,-3,-3
0,-2,-2,2,2,-2,-4,-1,-4,-4,-3,-3
0,-2,-2,2,2,-2,-4,-1,-4,-4,-3,-3
0,-2,-2,2,2,-2,-4,-1,-4,-4,-3,-3
0,-2,-2,2,2,-2,-4,-1,-4,-4,-3,-3
0,-3,-2,2,2,-2,-4,-1,-4,-4,-3,-3
0,-3,-2,2,2,-2,-4,-1,-4,-4,-3,-3
0,-2,-2,2,2,-2,-4,-1,-4,-4,-3,-3
0,-2,-2,1,2,-2,-4,-1,-4,-4,-3,-3
0,-2,-3,1,2,-2,-3,-1,-4,-4,-3,-3
0,-2,-3,1,2,-2,-3,-1,-4,-4,-3,-3
0,-2,-3,1,2,-2,-3,-1,-4,-4,-3,-3
0,-2,-3,1,2,-2,-3,-1,-4,-4,-3,-3
0,-2,-3,1,2,-2,-3,-1,-4,-4,-2,-3
0,-2,-3,1,2,-2,-3,-1,-4,-4,-2,-3
0,-1,-2,1,2,-2,-3,-1,-4,-4,-2,-3
0,-1,-2,1,2,-1,-3,-1,-4,-4,-2,-3
0,-1,-2,1,2,-1,-3,-1,-4,-4,-2,-3
0,-1,-2,1,2,-1,-3,-1,-4,-4,-2,-3
0,-1,-2,1,2,-1,-3,-1,-4,-4,-2,-3
0,-1,-2,1,2,-1,-3,-1,-4,-4,-2,-3
0,-1,-2,1,2,-1,-3,-1,-4,-4,-2,-3
0,-1,-2,1,2,-1,-3,-1,-4,-4,-2,-3
0,-1,-2,0,2,0,-3,-1,-4,-4,-2,-3
0,0,-1,0,2,0,-3,-1,-4,-4,-2,-3
0,0,-1,0,2,0,-3,-1,-4,-4,-2,-2
0,-1,-1,1,2,0,-3,-1,-4,-3,-2,-2
0,-1,-1,1,2,0,-3,-1,-4,-3,-2,-2
0,-1,-1,1,1,0,-3,-1,-4,-3,-2,-2
0,-1,-1,1,1,0,-3,-1,-4,-3,-2,-2
0,-1,-1,1,1,0,-2,-1,-4,-3,-2,-2
0,0,0,1,1,0,-2,-1,-4,-3,-2,-2
0,0,0,0,1,1,-2,-1,-4,-3,-2,-2
0,1,1,0,0,1,-2,-1,-4,-3,-2,-2
0,1,1,0,0,2,-2,-1,-3,-3,-2,-2
0,1,1,0,0,2,-2,-1,-3,-3,-2,-2
0,2,1,0,0,2,-1,-1,-3,-3,-2,-2
0,2,1,0,0,3,-1,-1,-2,-3,-2,-2
1,2,1,0,0,3,-1,-1,-2,-2,-2,-2
1,2,1,-1,0,3,-1,0,-2,-2,-2,-2
1,3,2,-1,0,3,0,0,-2,-2,-2,-2
1,3,2,-1,0,3,0,0,-2,-2,-1,-2
1,3,3,-1,0,3,0,0,-2,-2,-1,-2
1,3,3,-1,0,3,0,0,-2,-2,-1,-2
1,3,3,-1,0,3,0,0,-2,-2,-1,-2
1,3,3,-1,0,3,0,0,-1,-2,-1,-2
1,3,2,-1,1,3,0,0,-1,-2,0,-1
1,3,2,-1,1,3,0,0,-1,-2,0,-1
1,3,2,-1,1,3,0,0,-1,-2,0,-1
1,3,2,-1,1,3,0,0,-1,-2,0,-1
1,3,1,-1,1,3,0,0,-1,-2,0,-1
1,2,1,-1,1,2,0,0,-1,-2,0,-1
1,2,0,-1,1,2,0,0,-1,-1,0,-1
1,1,0,-1,1,1,0,0,-1,-1,0,-1
1,1,0,-1,1,1,0,0,-1,-1,0,-1
1,0,0,0,2,1,0,0,-1,-1,0,-1
1,0,-1,0,2,0,0,0,-1,-1,0,-1
1,0,-1,0,2,0,-1,0,-1,-2,0,-1
1,0,-1,0,3,0,-1,0,-2,-2,0,-1
1,-1,-2,0,3,-1,-2,0,-2,-2,0,-1
1,-1,-2,1,3,-2,-2,0,-2,-2,0,-1
1,-2,-3,1,3,-2,-3,0,-3,-2,0,-1
1,-2,-3,2,3,-3,-3,0,-3,-3,0,-1
1,-3,-4,2,3,-3,-3,0,-3,-3,0,-2
1,-4,-5,3,4,-4,-4,0,-3,-4,-1,-2
0,-4,-5,3,4,-4,-4,0,-3,-4,-1,-2
0,-4,-5,3,4,-4,-4,0,-3,-4,-1,-2
0,-5,-6,3,4,-5,-4,0,-4,-4,-1,-2
0,-6,-7,4,5,-6,-4,0,-4,-4,-1,-2
0,-6,-7,3,5,-7,-4,0,-4,-4,-1,-2
1,-6,-8,3,5,-7,-4,0,-4,-4,-1,-2
1,-6,-8,3,5,-8,-4,0,-4,-4,-1,-2
1,-7,-8,3,5,-8,-4,0,-4,-4,-1,-2
1,-7,-8,3,5,-8,-5,0,-4,-4,-1,-2
1,-7,-8,3,5,-7,-5,0,-4,-4,-1,-2
1,-7,-8,3,6,-7,-5,0,-4,-4,-1,-2
1,-6,-8,3,6,-7,-5,0,-4,-4,-1,-2
1,-6,-8,3,5,-7,-5,0,-5,-4,-1,-2
1,-6,-8,3,5,-7,-5,0,-5,-4,-1,-2
1,-6,-8,3,5,-7,-5,0,-5,-4,-1,-2
1,-6,-8,3,6,-7,-5,0,-5,-4,-1,-2
1,-6,-8,2,6,-7,-5,0,-5,-4,-1,-2
1,-5,-8,2,6,-6,-5,0,-5,-4,-1,-2
1,-5,-8,2,6,-7,-5,1,-5,-4,-1,-2
2,-6,-9,2,7,-7,-5,1,-5,-4,-1,-2
2,-6,-9,2,7,-8,-5,1,-5,-4,-1,-2
2,-6,-9,2,7,-8,-5,1,-5,-4,-1,-2
2,-6,-9,2,7,-8,-5,1,-5,-4,-1,-2
2,-7,-9,2,7,-8,-5,1,-5,-4,-1,-2
2,-7,-9,2,7,-8,-5,1,-5,-4,-1,-2
2,-6,-8,2,7,-8,-5,1,-5,-4,-1,-2
2,-6,-8,2,7,-7,-6,1,-5,-4,-1,-2
2,-6,-8,2,7,-7,-6,1,-5,-4,-1,-2
2,-6,-8,2,7,-7,-6,1,-5,-4,-1,-1
2,-5,-8,2,6,-7,-6,1,-5,-4,-1,-1
2,-5,-8,2,6,-7,-5,1,-5,-4,-1,-1
1,-6,-8,3,6,-7,-5,1,-5,-4,-1,-1
0,-6,-8,3,5,-7,-5,1,-5,-4,-1,-1
0,-7,-7,3,5,-7,-5,0,-5,-4,-1,-2
0,-7,-7,4,4,-7,-5,0,-4,-4,-1,-2
0,-7,-7,4,4,-7,-4,0,-4,-4,-1,-2
-1,-7,-6,4,4,-7,-4,0,-4,-4,-1,-2
-1,-7,-6,4,4,-7,-4,0,-4,-4,-1,-2
-1,-7,-6,4,4,-7,-4,0,-4,-4,-1,-2
-1,-7,-6,4,4,-7,-4,1,-4,-4,-1,-2
-1,-7,-6,4,4,-7,-4,1,-4,-4,-1,-1
-1,-7,-6,4,4,-7,-3,1,-4,-4,-1,-1
-1,-6,-6,4,4,-7,-3,1,-4,-4,-1,-1
-1,-6,-6,4,4,-7,-3,1,-4,-4,-1,-1
-1,-6,-6,4,4,-7,-3,1,-4,-4,-1,-1
-1,-6,-6,4,4,-7,-3,1,-4,-4,-1,-1
-1,-6,-6,4,3,-7,-3,1,-4,-4,-1,-1
-1,-6,-6,4,3,-7,-3,1,-4,-4,-1,-1
-1,-6,-6,4,3,-7,-3,1,-4,-4,-1,-1
-1,-6,-6,4,3,-7,-3,1,-4,-4,-1,-1
-1,-6,-6,4,3,-7,-3,1,-4,-4,-1,-1
-1,-6,-6,4,3,-7,-3,1,-4,-4,-1,-1
-1,-6,-6,4,3,-7,-3,1,-4,-4,-1,-1
-1,-6,-6,4,4,-7,-3,1,-4,-4,-1,-1
-1,-6,-6,4,4,-7,-3,1,-4,-4,-1,-1
-1,-6,-5,4,4,-6,-4,1,-4,-4,-1,-1
-1,-6,-5,4,4,-6,-4,1,-4,-4,-1,-1
-1,-6,-5,4,4,-6,-4,1,-4,-4,-1,-1
-1,-6,-5,4,3,-6,-4,1,-4,-4,-1,-1
-1,-6,-5,4,3,-6,-4,1,-4,-4,-1,-1
-1,-6,-5,4,3,-6,-4,1,-4,-4,-1,-1
-1,-6,-5,4,3,-6,-4,1,-4,-4,-1,-1
-1,-6,-5,4,3,-6,-4,1,-4,-4,-1,-1
-1,-6,-5,4,3,-6,-4,1,-4,-4,-1,-1
-1,-6,-5,4,3,-6,-4,1,-4,-4,-1,-1
-1,-6,-5,4,3,-7,-4,1,-4,-4,-1,-1
-1,-6,-5,4,3,-7,-4,1,-4,-4,-1,-1
-1,-6,-5,4,3,-6,-3,1,-4,-4,-1,-1
-1,-5,-5,4,3,-6,-3,1,-4,-4,-1,-1
-1,-5,-6,4,3,-6,-3,2,-4,-3,-1,-1
-1,-5,-6,4,3,-6,-3,2,-4,-3,-1,-1
0,-5,-6,3,3,-6,-3,2,-4,-3,-1,-1
0,-5,-6,3,3,-6,-3,2,-3,-3,-1,-1
0,-6,-6,3,3,-7,-3,2,-3,-3,-1,-1
0,-6,-6,3,3,-7,-3,2,-2,-3,-1,-1
0,-5,-5,3,3,-6,-3,2,-2,-3,-1,-1
0,-5,-5,3,3,-6,-3,2,-2,-3,-1,-1
0,-5,-6,3,3,-6,-2,2,-2,-3,-1,-1
0,-5,-6,3,3,-6,-2,2,-2,-3,-1,-1
0,-5,-6,3,3,-6,-2,2,-2,-3,-1,-1
0,-5,-6,3,3,-6,-2,2,-2,-3,-1,-1
0,-6,-7,3,4,-7,-2,3,-2,-3,-1,-1
-1,-6,-7,3,4,-7,-2,3,-2,-3,-1,-1
-1,-6,-7,3,3,-7,-1,4,-2,-3,-1,-1
-1,-6,-6,3,3,-7,-1,4,-1,-2,-1,-1
-1,-6,-6,3,3,-7,0,4,0,-1,-1,-1
-1,-6,-6,3,3,-7,1,5,3,0,0,0
0,-5,-6,3,3,-7,2,7,7,3,1,0
0,-5,-6,2,3,-6,4,10,12,7,4,1
1,-4,-6,1,4,-6,6,13,19,12,7,2
2,-3,-6,0,5,-5,9,18,27,18,12,4
4,-1,-6,-1,5,-4,13,23,36,25,17,6
5,1,-5,-3,6,-2,17,29,46,33,22,9
8,5,-4,-6,6,0,21,35,58,42,28,12
11,9,-3,-10,7,2,25,41,71,52,36,16
14,14,-1,-13,8,5,29,47,84,63,43,20
16,19,1,-17,8,9,32,49,94,72,50,25
18,23,3,-20,8,13,32,47,100,77,54,29
19,27,6,-23,7,17,29,40,99,78,56,32
19,29,9,-24,6,19,23,29,92,75,55,33
18,30,11,-24,5,20,17,16,79,66,51,33
16,29,12,-23,3,20,10,2,61,54,43,30
13,27,13,-20,0,20,4,-11,41,38,32,26
9,23,14,-16,-2,18,0,-23,20,22,20,21
3,19,15,-10,-6,17,-2,-35,-1,4,7,15
-3,14,16,-5,-9,15,-4,-45,-20,-11,-4,9
-8,10,17,0,-11,13,-5,-52,-32,-23,-13,4
-11,6,16,3,-12,11,-4,-54,-39,-30,-19,0
-13,3,16,5,-13,9,-1,-53,-42,-34,-23,-3
-15,1,16,7,-14,8,3,-50,-41,-34,-24,-5
-16,0,16,8,-15,7,9,-45,-37,-33,-24,-6
-17,-1,16,9,-16,7,16,-38,-32,-30,-23,-6
-18,-1,15,10,-16,6,25,-31,-26,-28,-23,-7
-19,-2,15,11,-17,6,33,-24,-21,-25,-22,-9
-20,-3,15,12,-17,5,41,-18,-17,-23,-22,-10
-21,-4,15,13,-17,5,47,-13,-13,-21,-21,-11
-21,-5,15,13,-17,4,52,-10,-11,-20,-20,-12
-21,-5,16,13,-18,4,55,-9,-10,-19,-19,-12
-22,-5,16,14,-18,4,57,-8,-9,-18,-19,-12
-22,-6,15,14,-18,3,59,-7,-8,-18,-19,-12
-22,-6,15,14,-18,3,60,-7,-7,-18,-19,-12
-22,-6,15,14,-18,3,62,-7,-7,-18,-19,-12
-22,-6,15,14,-18,4,63,-8,-7,-17,-19,-13
-22,-6,15,15,-18,4,65,-8,-7,-17,-18,-13
-23,-7,16,15,-18,4,66,-8,-7,-16,-18,-13
-23,-6,16,15,-19,4,68,-8,-6,-16,-17,-13
-23,-6,17,15,-19,4,69,-8,-6,-15,-17,-13
-23,-6,17,15,-19,4,71,-8,-5,-15,-17,-13
-23,-5,16,15,-19,4,71,-8,-5,-15,-17,-13
-22,-5,16,14,-19,5,69,-8,-6,-15,-16,-13
-22,-5,16,14,-19,5,65,-8,-6,-14,-16,-13
-21,-5,16,13,-18,5,61,-9,-6,-14,-15,-13
-21,-5,15,13,-17,4,57,-9,-7,-13,-15,-12
-20,-5,14,13,-16,4,52,-10,-7,-13,-15,-12
-19,-5,13,12,-15,4,46,-11,-8,-13,-14,-12
-18,-5,12,12,-14,3,40,-11,-9,-13,-14,-11
-17,-5,10,11,-13,3,33,-11,-10,-13,-14,-11
-15,-5,9,10,-12,2,27,-11,-10,-13,-13,-10
-14,-4,8,9,-10,2,21,-11,-10,-12,-12,-9
-12,-4,7,8,-9,1,16,-10,-10,-11,-10,-8
-10,-4,5,7,-7,0,12,-10,-10,-10,-9,-7
-9,-4,4,6,-6,0,9,-9,-9,-9,-8,-7
-7,-3,4,6,-4,0,6,-9,-9,-8,-7,-6
-6,-3,3,5,-3,-1,3,-8,-9,-8,-6,-6
-5,-3,1,4,-2,-1,2,-7,-8,-7,-5,-5
-4,-3,0,4,-1,-2,1,-5,-8,-7,-5,-5
-3,-3,0,3,-1,-2,0,-4,-7,-6,-4,-5
-2,-3,-1,3,0,-2,0,-2,-6,-6,-4,-5
-2,-3,-1,3,0,-3,0,-1,-6,-5,-3,-4
-1,-3,-2,2,1,-3,-1,-1,-5,-4,-3,-4
-1,-2,-2,1,1,-2,-1,0,-5,-4,-2,-3
0,-1,-2,1,2,-2,-2,0,-4,-4,-2,-3
0,-1,-2,1,2,-2,-3,0,-4,-4,-2,-3
0,-1,-3,1,2,-2,-3,0,-4,-4,-2,-3
1,-1,-3,1,2,-2,-3,0,-4,-3,-2,-3
1,-1,-3,1,2,-2,-3,0,-4,-3,-2,-3
1,-1,-3,1,3,-3,-4,0,-4,-3,-1,-3
1,-2,-4,1,3,-3,-4,0,-4,-3,-1,-3
1,-1,-4,0,3,-3,-5,0,-4,-3,-1,-3
2,-1,-3,0,3,-2,-5,0,-4,-3,-1,-3
2,-1,-4,0,3,-2,-6,0,-4,-3,-1,-3
2,-1,-4,0,3,-2,-6,0,-4,-3,-1,-3
2,-1,-4,0,3,-2,-6,0,-4,-3,-1,-3
2,-1,-4,0,3,-2,-6,0,-4,-3,-1,-3
2,-1,-4,0,3,-2,-6,0,-4,-3,-1,-3
2,-1,-4,0,3,-3,-6,0,-4,-3,-1,-3
2,-1,-4,0,3,-2,-6,0,-4,-3,-1,-3
2,0,-3,-1,3,-2,-7,0,-4,-3,-1,-3
2,0,-3,-1,3,-2,-7,0,-4,-3,-1,-3
2,0,-3,0,3,-2,-7,0,-4,-3,-1,-3
2,0,-3,0,3,-2,-7,0,-4,-3,-1,-3
2,0,-3,0,3,-2,-7,0,-4,-3,-1,-3
2,0,-3,0,3,-2,-7,0,-4,-3,-1,-3
2,-1,-4,0,3,-2,-7,1,-4,-3,-1,-3
2,-1,-4,0,3,-2,-8,1,-4,-3,-1,-3
2,-1,-4,0,3,-2,-8,1,-4,-3,-1,-3
2,-1,-4,0,3,-2,-8,1,-4,-3,-1,-3
2,-1,-4,0,3,-2,-8,1,-4,-3,-1,-3
2,-1,-4,0,3,-2,-8,1,-4,-3,-1,-3
2,0,-4,0,3,-2,-8,1,-4,-3,-1,-3
2,0,-4,0,3,-2,-8,1,-4,-3,-1,-3
2,0,-4,0,3,-2,-8,1,-4,-3,-1,-3
2,-1,-4,0,4,-2,-8,1,-4,-3,-1,-3
2,0,-4,0,4,-2,-8,1,-4,-3,-1,-3
2,0,-4,0,3,-2,-8,1,-4,-3,-1,-3
2,0,-4,0,3,-2,-8,1,-3,-3,-1,-3
2,0,-4,0,3,-2,-8,1,-3,-2,-1,-2
2,0,-4,0,3,-2,-8,1,-3,-2,-1,-2
2,0,-3,0,3,-1,-8,1,-3,-2,-1,-2
2,0,-3,0,3,-1,-8,1,-3,-2,-1,-2
2,-1,-4,0,3,-2,-8,1,-2,-2,-1,-2
2,-1,-4,0,3,-2,-8,1,-2,-2,-1,-2
3,0,-3,-1,3,-1,-8,1,-2,-2,-1,-2
3,0,-3,-1,3,-1,-9,1,-2,-2,0,-2
3,0,-3,-1,3,-1,-9,2,-2,-2,0,-2
2,0,-3,-1,3,-1,-9,2,-2,-2,0,-2
2,0,-3,-1,3,-1,-9,2,-2,-1,0,-2
2,0,-3,-1,3,-1,-9,2,-2,-1,0,-1
2,0,-3,-1,3,-1,-9,2,-2,-1,0,-1
2,0,-4,-1,3,-2,-9,2,-1,-1,0,0
2,0,-3,-1,3,-1,-9,2,-1,-1,0,0
2,0,-3,-1,3,-1,-9,2,-1,0,0,0
3,0,-3,-1,3,-1,-9,2,-1,0,0,0
3,0,-3,-1,3,-1,-9,2,-1,0,0,0
3,0,-3,-1,3,-1,-9,2,-1,0,0,0
3,1,-3,-1,3,-1,-9,2,-1,0,0,0
4,1,-3,-2,3,-1,-9,2,-1,0,0,0
4,1,-4,-2,3,-1,-9,2,0,0,0,1
4,1,-3,-2,3,0,-10,2,0,0,0,1
4,2,-3,-2,3,0,-10,2,0,0,0,1
4,2,-3,-2,3,0,-10,2,0,1,0,1
4,2,-3,-2,3,0,-10,3,0,1,1,1
4,2,-3,-3,3,0,-10,3,0,1,1,1
4,2,-3,-3,3,0,-10,3,0,2,1,1
5,2,-3,-3,3,0,-10,3,0,2,2,2
5,2,-3,-3,4,0,-10,3,1,2,2,2
5,3,-3,-3,4,0,-10,3,1,2,2,2
6,3,-2,-4,4,1,-10,3,1,2,2,2
6,4,-2,-4,4,1,-10,3,1,2,2,2
6,4,-2,-4,4,1,-10,4,1,3,2,2
6,4,-2,-4,4,1,-10,4,1,3,2,2
6,4,-2,-4,4,1,-10,4,1,3,2,2
6,4,-2,-4,4,1,-10,4,1,3,2,2
6,4,-3,-4,4,0,-10,4,2,3,2,3
6,4,-3,-4,4,0,-10,4,2,3,3,3
6,5,-2,-5,4,1,-10,4,3,3,3,3
6,5,-2,-5,4,1,-10,4,3,3,3,3
6,5,-2,-5,4,1,-9,5,3,4,4,3
6,5,-2,-5,4,1,-9,5,3,4,4,3
6,5,-2,-6,4,2,-9,5,3,5,4,3
7,6,-2,-6,4,2,-9,5,4,5,4,3
7,6,-2,-6,4,2,-9,5,4,6,4,3
8,7,-2,-7,4,2,-9,5,5,6,4,3
8,7,-2,-7,4,3,-9,5,5,6,4,3
8,8,-1,-7,4,3,-9,5,5,6,5,4
8,8,-1,-7,4,4,-9,5,5,7,5,4
9,8,-1,-8,4,4,-10,6,6,7,6,5
9,9,-1,-8,4,4,-10,6,6,8,6,5
9,9,0,-8,4,4,-11,6,6,8,6,6
9,10,0,-9,4,4,-11,6,6,8,7,6
9,10,0,-9,4,5,-11,7,7,8,7,6
9,10,0,-10,4,5,-11,7,7,8,7,6
10,11,0,-10,4,6,-11,7,7,9,8,6
10,11,0,-10,4,6,-11,7,8,10,8,6
10,12,0,-10,4,7,-11,7,8,10,9,7
10,12,0,-11,4,7,-11,7,9,11,9,7
10,13,1,-11,4,7,-11,7,9,11,9,7
10,13,1,-11,4,7,-11,7,9,11,9,7
11,13,1,-11,4,7,-11,7,9,11,9,7
11,13,1,-12,5,7,-11,7,10,11,9,8
11,14,1,-12,5,8,-12,7,10,11,10,8
11,14,1,-13,5,8,-12,7,10,12,10,9
11,14,1,-13,5,8,-13,7,10,12,10,9
11,14,1,-12,5,8,-13,7,10,13,10,10
11,15,2,-12,5,8,-13,7,10,13,10,10
11,15,2,-13,5,9,-13,7,10,13,10,10
12,15,2,-13,5,9,-13,7,10,13,11,10
12,15,2,-13,5,8,-13,7,10,13,11,10
12,15,2,-13,4,9,-13,6,10,13,11,10
12,15,3,-13,4,9,-13,6,10,13,11,10
12,16,3,-13,4,9,-13,6,10,14,11,10
12,16,3,-13,4,9,-13,6,11,14,11,11
12,16,3,-13,4,9,-13,5,11,15,11,11
12,16,3,-13,4,9,-13,5,11,15,11,11
12,16,3,-13,4,9,-13,5,11,15,12,11
12,16,3,-13,4,9,-12,5,11,15,12,11
12,16,3,-13,4,10,-12,5,11,15,12,11
12,17,3,-13,4,10,-12,5,10,15,12,11
12,17,4,-13,4,11,-12,4,10,15,12,11
12,17,4,-13,4,11,-12,4,10,15,12,11
12,17,5,-13,4,11,-12,4,9,15,12,11
12,17,5,-13,3,11,-12,3,9,14,12,11
11,17,5,-14,3,11,-12,3,9,14,12,11
11,17,5,-14,3,11,-12,3,9,14,12,11
11,17,5,-14,3,11,-12,3,9,14,12,11
11,17,5,-14,2,11,-12,2,9,14,12,11
11,17,6,-13,2,11,-11,2,9,14,11,10
11,17,6,-13,2,11,-11,1,9,14,11,10
11,17,6,-13,2,11,-10,1,9,14,11,11
11,17,6,-13,2,11,-10,1,9,13,11,11
11,17,6,-13,1,11,-10,1,9,13,10,10
10,17,6,-13,1,12,-10,1,9,13,10,10
10,17,6,-12,1,12,-9,1,9,13,10,10
10,17,6,-12,0,12,-8,1,9,12,9,10
9,17,7,-12,0,13,-8,1,8,12,9,9
9,18,7,-12,0,13,-7,1,8,12,9,9
9,18,8,-12,0,12,-7,1,8,12,9,9
9,18,8,-12,0,12,-6,1,8,12,9,9
9,18,8,-12,0,12,-5,1,8,11,9,9
9,17,8,-12,0,12,-4,1,8,11,9,9
9,17,8,-12,0,12,-4,2,8,11,9,9
9,17,8,-12,0,12,-3,2,8,11,9,8
9,17,8,-12,0,12,-3,2,8,10,8,8
8,17,8,-12,0,12,-2,2,8,10,8,7
8,16,8,-11,0,12,-2,2,8,10,8,7
7,16,8,-11,0,12,-1,2,8,10,7,7
7,16,8,-11,0,12,-1,2,8,9,7,7
7,16,8,-11,0,12,0,2,8,9,7,7
7,16,7,-11,0,12,0,2,8,9,7,7
7,15,7,-11,0,12,1,3,8,9,6,7
7,15,7,-11,0,12,1,3,8,9,6,6
7,15,8,-11,0,12,2,3,8,9,6,6
7,15,8,-11,0,11,2,3,8,9,6,6
7,15,8,-11,0,11,3,3,8,9,6,6
7,15,8,-11,0,11,4,3,8,8,6,6
7,15,8,-11,0,12,4,4,8,8,6,6
7,15,8,-11,0,12,5,4,8,8,6,5
7,14,8,-10,0,11,5,4,8,8,6,5
6,14,8,-10,0,11,5,4,8,8,6,4
6,14,8,-10,0,11,5,4,8,7,6,4
6,14,7,-10,0,11,6,4,8,7,6,4
6,14,7,-9,0,10,6,5,8,7,5,4
6,13,6,-9,0,10,6,5,8,7,5,4
6,13,6,-9,0,10,6,5,8,7,5,4
6,13,6,-9,0,10,6,5,8,7,5,4
6,13,6,-9,0,10,6,5,8,7,5,4
6,13,6,-9,0,10,6,5,8,7,5,3
6,13,6,-8,0,10,6,5,7,6,4,3
6,13,6,-8,0,9,6,6,7,6,4,3
6,12,6,-8,0,9,7,6,7,6,4,3
6,12,5,-8,0,9,7,7,7,6,4,3
6,12,5,-8,0,9,7,7,7,5,4,2
6,11,5,-7,0,8,7,7,7,5,4,2
6,11,5,-7,0,8,7,7,7,5,4,2
6,10,4,-7,0,7,7,7,7,5,4,2
6,10,4,-7,0,7,6,7,6,4,4,2
5,10,4,-7,0,7,6,7,6,4,4,2
5,10,4,-7,0,7,6,7,6,4,4,2
5,9,3,-7,0,6,6,7,6,4,4,2
5,9,3,-7,0,6,5,7,6,4,4,2
5,9,3,-7,0,6,5,7,6,4,4,2
5,9,3,-6,1,6,5,7,6,4,3,2
5,9,3,-6,1,6,5,7,6,4,3,1
5,9,3,-6,1,6,4,7,5,4,3,1
5,9,3,-6,1,6,4,7,5,4,3,1
5,9,3,-6,1,6,4,7,5,4,3,1
6,8,2,-6,1,6,4,8,4,3,3,0
6,8,2,-6,1,6,4,8,4,3,2,0
6,8,2,-6,1,6,4,8,3,2,2,0
6,8,2,-6,1,6,4,8,3,2,2,0
6,8,1,-6,1,5,4,8,3,2,2,0
6,8,1,-6,2,5,4,8,3,2,2,0
6,8,1,-6,2,5,4,7,3,2,2,0
6,8,1,-6,2,5,4,7,3,2,2,0
6,8,1,-6,2,5,3,7,3,2,2,0
6,8,1,-6,2,5,3,7,2,2,2,0
6,8,2,-6,1,5,2,7,2,2,1,0
6,8,2,-6,1,5,2,7,1,2,1,0
5,8,2,-6,1,5,1,7,1,2,1,-1
5,8,2,-6,1,5,1,7,1,2,1,-1
5,8,2,-6,1,5,1,7,1,2,1,-1
5,8,2,-6,1,5,1,7,1,1,1,-1
5,7,2,-5,1,5,1,7,1,1,0,-1
5,7,2,-5,1,5,1,6,1,1,0,-1
5,7,2,-5,1,5,1,6,0,1,0,-1
5,7,2,-5,0,5,1,6,0,0,0,-2
5,6,2,-5,0,4,0,6,0,0,0,-2
5,6,1,-4,0,4,0,5,0,0,0,-2
4,6,1,-4,0,4,0,5,0,0,0,-2
4,6,2,-4,0,4,0,5,0,0,0,-2
4,6,2,-4,0,4,0,5,0,0,-1,-2
4,5,1,-4,0,4,0,5,0,-1,-1,-2
4,5,1,-4,0,4,0,5,-1,-1,-1,-2
4,6,2,-4,0,4,0,4,-1,-1,-1,-2
4,6,2,-4,0,4,0,4,-1,-1,-1,-2
4,5,1,-4,0,4,0,4,-1,-1,-1,-2
4,5,1,-4,0,4,0,4,-1,-1,-1,-2
4,5,1,-4,0,4,0,4,-1,-1,-1,-2
4,5,1,-4,0,4,0,4,-1,-1,-1,-2
3,5,1,-3,0,3,0,4,-1,-1,-1,-2
3,4,1,-3,0,3,0,4,-1,-1,-1,-2
3,4,1,-3,0,3,0,3,-2,-1,-1,-3
3,4,1,-3,0,3,0,3,-2,-1,-1,-3
3,4,1,-2,0,3,0,3,-3,-2,-1,-3
2,4,1,-2,0,3,-1,3,-3,-2,-2,-3
2,5,2,-2,0,4,-1,2,-3,-2,-2,-3
2,5,2,-2,0,4,-1,2,-3,-2,-3,-3
2,4,2,-2,0,3,-1,2,-3,-2,-3,-3
2,4,2,-2,0,3,-1,2,-3,-3,-3,-3
2,4,2,-2,0,3,-1,2,-3,-3,-3,-4
2,5,2,-2,0,3,-2,2,-3,-3,-3,-4
2,5,2,-2,0,3,-2,2,-3,-4,-3,-4
2,4,2,-2,0,3,-2,2,-3,-4,-3,-4
2,4,1,-2,0,3,-2,2,-3,-4,-4,-4
2,3,1,-2,0,3,-2,2,-3,-4,-4,-4
2,3,1,-1,0,2,-2,2,-3,-4,-4,-4
2,2,1,-1,0,2,-2,2,-3,-4,-4,-4
1,2,1,-1,0,1,-2,2,-3,-4,-4,-4
1,2,1,0,0,1,-2,2,-3,-4,-4,-4
1,2,1,0,0,1,-2,2,-3,-4,-4,-4
1,1,0,0,0,1,-2,2,-3,-4,-4,-4
1,1,0,0,0,1,-2,2,-3,-4,-4,-4
1,1,0,0,0,1,-2,2,-3,-4,-4,-4
0,1,0,0,0,0,-2,2,-3,-4,-4,-4
0,0,0,0,0,0,-2,2,-3,-4,-4,-4
0,0,0,0,0,0,-2,2,-3,-4,-4,-4
0,0,0,0,0,0,-2,2,-3,-4,-4,-4
0,0,0,1,0,0,-2,2,-3,-4,-4,-4
0,0,0,1,0,0,-2,2,-3,-4,-4,-4
0,-1,-1,1,0,-1,-2,1,-3,-4,-4,-4
0,-1,-1,1,0,0,-2,1,-3,-4,-4,-4
0,-1,0,1,0,0,-3,1,-3,-4,-4,-4
0,-1,0,1,0,0,-3,1,-3,-4,-4,-5
0,-1,-1,2,0,-1,-3,1,-3,-4,-4,-5
0,-1,-1,2,0,-1,-3,1,-4,-4,-5,-5
0,-1,-1,2,0,-1,-3,1,-4,-4,-5,-5
0,-1,-1,2,0,-1,-3,1,-4,-4,-5,-5
0,-2,-1,2,0,-1,-3,1,-4,-4,-5,-5
0,-1,-1,1,0,0,-3,1,-4,-4,-5,-5
0,-1,-1,1,0,0,-4,1,-4,-4,-5,-5
0,-1,-1,1,0,0,-4,1,-4,-4,-5,-5
0,-1,-1,1,0,0,-4,1,-4,-4,-5,-5
0,-1,-1,1,0,0,-4,1,-4,-4,-5,-5
0,-1,-1,1,0,0,-4,1,-4,-4,-5,-5
0,-1,-1,2,0,-1,-4,1,-4,-4,-5,-5
0,-2,-1,2,0,-1,-4,1,-4,-4,-4,-5
0,-2,-1,2,0,-1,-4,1,-4,-4,-4,-5
0,-1,-1,2,0,-1,-4,1,-4,-4,-4,-5
0,-1,-1,2,0,-1,-4,1,-4,-4,-4,-5
0,-1,-1,2,1,-1,-3,1,-4,-4,-4,-4
0,-1,-1,2,1,-1,-3,1,-4,-4,-4,-4
0,-1,-1,2,1,-1,-3,1,-4,-4,-4,-4
0,-2,-2,2,1,-2,-3,1,-4,-4,-4,-4
0,-2,-2,2,1,-2,-3,1,-4,-4,-4,-4
0,-3,-3,2,1,-3,-3,1,-4,-4,-4,-4
0,-3,-3,2,1,-3,-3,1,-4,-4,-4,-4
0,-3,-3,2,1,-3,-3,1,-4,-4,-4,-4
0,-3,-3,2,1,-3,-3,1,-4,-4,-4,-4
0,-3,-4,2,1,-3,-3,1,-4,-4,-4,-4
0,-3,-4,2,1,-3,-3,1,-4,-4,-4,-4
0,-3,-3,2,1,-3,-3,1,-4,-4,-4,-4
0,-3,-3,2,1,-3,-3,1,-4,-4,-4,-4
0,-3,-3,3,1,-3,-3,1,-4,-4,-4,-4
0,-3,-3,3,1,-3,-3,1,-3,-4,-4,-4
0,-3,-3,2,1,-3,-3,1,-3,-4,-4,-4
0,-3,-3,2,1,-3,-3,1,-3,-4,-4,-4
0,-3,-4,2,1,-3,-3,1,-3,-4,-4,-3
0,-3,-4,2,1,-3,-3,2,-3,-4,-4,-3
0,-3,-3,2,1,-3,-3,2,-3,-4,-4,-3
0,-3,-3,2,1,-3,-4,2,-3,-4,-4,-3
0,-3,-4,2,2,-4,-4,2,-3,-4,-4,-3
0,-3,-4,2,2,-4,-4,2,-3,-4,-4,-3
0,-3,-4,2,2,-4,-4,2,-3,-4,-4,-3
0,-3,-4,2,2,-4,-4,2,-3,-4,-4,-3
0,-4,-4,3,2,-4,-4,2,-3,-4,-4,-3
0,-4,-4,3,2,-4,-4,2,-3,-4,-4,-3
0,-4,-4,3,2,-4,-4,2,-3,-4,-4,-3
0,-4,-4,3,2,-4,-4,2,-3,-4,-4,-3
0,-4,-4,3,2,-4,-4,2,-4,-4,-4,-3
0,-4,-5,3,2,-4,-4,2,-4,-4,-4,-3
0,-4,-5,3,2,-4,-4,2,-4,-4,-4,-3
0,-4,-5,3,2,-4,-4,2,-4,-4,-4,-3
1,-4,-5,3,2,-4,-4,2,-4,-4,-4,-3
1,-4,-5,3,2,-4,-4,2,-4,-4,-4,-3
1,-4,-5,3,2,-4,-4,2,-4,-4,-4,-3
1,-4,-4,3,2,-4,-4,2,-4,-4,-4,-4
1,-4,-4,3,2,-4,-3,2,-4,-4,-4,-4
1,-4,-5,3,2,-5,-3,2,-4,-4,-3,-4
1,-4,-5,3,2,-5,-3,2,-4,-4,-3,-4
1,-4,-5,3,2,-4,-3,2,-4,-4,-3,-3
1,-4,-5,3,2,-4,-2,2,-4,-4,-3,-3
1,-5,-5,3,2,-5,-2,2,-4,-4,-3,-3
1,-5,-5,3,2,-5,-2,2,-4,-4,-3,-3
1,-5,-5,3,2,-5,-2,2,-4,-4,-3,-3
1,-5,-5,3,3,-5,-2,2,-4,-4,-3,-3
1,-5,-5,3,3,-5,-2,2,-4,-4,-3,-3
1,-5,-5,3,2,-4,-2,2,-4,-4,-3,-3
1,-5,-4,3,2,-4,-2,2,-3,-4,-3,-3
1,-5,-4,3,2,-4,-2,2,-3,-4,-3,-3
1,-5,-4,3,2,-5,-1,2,-3,-4,-3,-3
1,-5,-4,3,2,-5,-1,2,-3,-4,-3,-2
1,-5,-4,3,2,-5,-1,2,-3,-3,-3,-2
1,-4,-4,3,2,-5,-1,2,-2,-3,-3,-2
1,-4,-5,2,2,-5,-1,2,-2,-2,-2,-2
1,-4,-5,2,2,-5,0,2,-2,-2,-2,-2
1,-4,-4,2,2,-4,0,2,-2,-2,-2,-2
1,-3,-4,2,2,-4,0,3,-2,-2,-2,-2
1,-3,-4,2,2,-4,0,3,-2,-2,-2,-2
1,-3,-4,2,3,-4,0,3,-2,-2,-2,-2
2,-2,-4,1,3,-3,0,3,-2,-2,-2,-2
2,-2,-4,1,3,-3,0,3,-2,-1,-2,-2
3,-1,-4,0,3,-3,0,4,-1,-1,-1,-1
3,-1,-4,0,4,-3,0,4,-1,-1,-1,-1
4,0,-4,-1,4,-2,0,4,-1,-1,-1,-1
4,0,-3,-1,3,-1,0,4,-1,-1,-1,-1
4,0,-3,-1,3,-1,0,4,-1,-1,-1,-1
4,0,-4,-1,3,-2,0,4,0,-1,0,-1
4,0,-4,-1,3,-2,0,4,0,-1,0,-1
4,0,-4,-1,3,-2,0,4,-1,-1,0,-1
4,0,-4,-1,3,-2,-1,4,-1,-1,0,-1
4,0,-4,-1,3,-2,-1,4,-1,-1,0,-1
4,0,-4,-1,3,-2,-1,4,-1,-1,0,-1
4,0,-4,-1,3,-2,-2,3,-1,-1,-1,-1
4,0,-4,0,3,-2,-2,3,-1,-1,-1,-1
4,-1,-5,0,3,-2,-2,3,-1,-1,-1,-1
4,-1,-5,0,3,-3,-2,3,-1,-2,-1,-1
4,-1,-5,0,3,-3,-2,3,-1,-2,-1,-1
4,-1,-5,0,3,-3,-3,3,-2,-2,-1,-1
4,-2,-5,0,3,-3,-3,3,-2,-2,-1,-1
3,-2,-5,0,3,-3,-3,2,-3,-3,-1,-1
3,-2,-5,0,3,-3,-4,2,-3,-3,-2,-1
3,-2,-5,0,3,-3,-4,2,-4,-3,-2,-1
3,-3,-6,0,3,-4,-5,2,-4,-3,-2,-2
3,-3,-6,1,3,-4,-6,2,-4,-3,-2,-2
3,-4,-7,1,3,-5,-6,1,-4,-3,-2,-2
3,-4,-7,1,4,-5,-7,1,-4,-3,-2,-2
3,-4,-7,1,4,-6,-7,1,-4,-3,-2,-2
3,-5,-8,1,5,-6,-7,1,-4,-4,-2,-2
3,-5,-8,1,5,-6,-7,1,-5,-4,-2,-2
3,-5,-8,1,5,-7,-6,1,-5,-4,-2,-2
3,-5,-9,1,5,-7,-6,2,-5,-4,-2,-2
3,-5,-9,1,5,-7,-5,2,-5,-4,-2,-2
3,-5,-9,1,5,-7,-5,2,-5,-4,-2,-2
3,-5,-9,1,5,-7,-5,2,-5,-4,-2,-2
4,-5,-9,1,5,-7,-5,2,-5,-4,-2,-2
4,-5,-9,1,6,-7,-5,2,-5,-4,-2,-2
4,-4,-10,0,6,-6,-5,2,-4,-4,-1,-2
4,-4,-9,0,6,-6,-5,2,-4,-4,-1,-2
4,-4,-9,0,6,-6,-5,2,-4,-4,-1,-1
5,-4,-10,0,7,-6,-5,3,-4,-4,-1,-1
5,-4,-10,0,7,-6,-5,3,-4,-4,-1,-1
6,-4,-10,0,7,-6,-5,3,-4,-3,-1,-1
6,-4,-10,0,7,-6,-5,3,-4,-3,-1,-1
6,-5,-10,0,7,-7,-5,3,-4,-3,-1,-1
6,-5,-10,0,7,-7,-5,3,-4,-3,-1,-1
6,-5,-10,0,7,-7,-5,3,-4,-3,-1,-1
6,-4,-10,0,7,-6,-5,3,-4,-3,-1,-1
6,-4,-10,0,7,-6,-5,3,-4,-3,-1,-1
6,-4,-9,0,6,-6,-6,3,-4,-3,-1,-1
6,-4,-9,0,6,-6,-6,3,-4,-3,-1,-1
6,-3,-8,-1,6,-5,-6,3,-4,-3,-1,0
6,-3,-8,-1,6,-5,-6,3,-4,-3,-1,0
6,-3,-8,-1,6,-5,-6,3,-4,-3,-1,0
5,-3,-8,-1,6,-5,-5,3,-4,-4,-1,0
5,-3,-8,0,6,-5,-5,3,-4,-4,-1,0
4,-4,-8,0,6,-5,-5,3,-4,-4,-1,0
4,-5,-8,0,5,-6,-4,3,-4,-4,-1,0
3,-5,-8,1,5,-6,-4,3,-4,-4,-1,0
3,-5,-7,1,4,-6,-4,3,-5,-4,-1,-1
3,-5,-7,2,4,-6,-4,3,-5,-4,-1,-1
3,-5,-7,2,4,-7,-4,3,-5,-4,-1,-1
3,-5,-7,1,4,-6,-4,3,-5,-4,-1,-1
3,-5,-7,1,4,-6,-4,3,-5,-4,-1,-1
3,-4,-7,1,4,-6,-4,3,-5,-4,-1,-1
3,-4,-7,1,4,-6,-4,3,-4,-4,-1,-1
3,-4,-7,1,4,-6,-4,3,-4,-4,-1,-1
3,-4,-7,1,4,-6,-4,3,-4,-4,-1,-1
3,-4,-7,1,4,-6,-4,3,-4,-4,-1,-1
3,-5,-7,1,4,-6,-4,3,-4,-4,-1,-1
3,-5,-7,1,4,-6,-4,3,-4,-4,-1,-1
3,-5,-7,1,4,-6,-4,3,-4,-4,-1,-1
3,-5,-7,1,4,-6,-4,3,-4,-4,-1,-1
3,-5,-7,1,4,-6,-4,3,-4,-4,-1,-1
3,-5,-7,1,4,-6,-4,3,-4,-4,-1,-1
3,-5,-7,1,4,-6,-4,3,-4,-4,-1,-1
3,-5,-7,1,4,-6,-4,3,-4,-4,-1,-1
3,-5,-7,1,4,-6,-3,3,-4,-4,-1,-1
3,-5,-7,1,4,-7,-3,3,-4,-4,-1,-1
3,-5,-7,1,4,-6,-3,3,-4,-4,-1,-1
2,-5,-6,1,4,-6,-3,3,-4,-4,-1,0
2,-5,-6,1,4,-6,-3,3,-4,-4,-1,0
2,-5,-7,1,4,-6,-3,3,-4,-4,-1,0
2,-5,-7,1,4,-7,-3,3,-4,-4,-1,0
2,-5,-7,1,4,-7,-2,3,-4,-4,-1,0
2,-5,-7,1,4,-7,-2,3,-4,-4,-1,0
2,-6,-7,1,4,-7,-2,3,-4,-4,-1,0
2,-6,-7,1,4,-7,-3,3,-4,-4,-1,0
2,-5,-7,1,4,-6,-3,3,-4,-4,-1,0
2,-4,-6,1,4,-5,-3,3,-4,-4,-1,0
2,-4,-6,1,4,-5,-3,3,-4,-4,-1,0
2,-4,-6,1,4,-5,-3,3,-3,-3,-1,0
2,-4,-6,1,4,-5,-3,3,-3,-3,-1,0
2,-5,-7,1,4,-6,-3,3,-3,-3,-1,0
2,-5,-7,1,4,-6,-2,4,-3,-3,0,0
2,-6,-8,1,5,-7,-2,4,-3,-3,0,0
2,-5,-7,1,5,-6,-2,4,-3,-3,0,0
2,-5,-7,1,4,-6,-2,4,-3,-3,0,0
2,-5,-7,1,4,-6,-2,4,-3,-3,0,0
2,-5,-7,1,4,-6,-2,4,-3,-3,0,0
2,-5,-7,1,4,-6,-2,4,-3,-3,0,0
2,-5,-7,1,4,-6,-2,4,-3,-3,0,0
2,-5,-8,1,4,-6,-2,4,-3,-4,0,0
2,-5,-8,1,4,-6,-1,4,-2,-4,0,0
2,-5,-7,1,4,-6,-1,5,-2,-4,0,0
2,-6,-8,1,5,-7,0,5,-1,-3,0,0
2,-4,-5,0,3,-5,0,5,0,-3,-1,-1
2,17,17,-10,-8,17,-6,0,-6,-9,-7,-8
1,42,42,-22,-20,42,-12,-6,-11,-15,-13,-16
2,38,37,-20,-17,37,-9,-2,-5,-10,-9,-13
3,18,15,-11,-6,17,-2,6,5,0,0,-6
4,3,-1,-4,2,1,4,13,15,8,7,0
5,-6,-11,0,8,-9,8,19,24,16,13,5
7,-8,-15,0,10,-12,12,25,33,24,18,8
8,-5,-13,-2,10,-9,15,30,42,31,23,10
10,1,-8,-6,9,-4,18,34,52,38,27,11
12,7,-3,-10,8,2,21,39,63,47,33,14
15,12,-2,-14,8,5,26,45,76,57,41,19
18,14,-3,-16,10,5,31,51,89,69,50,25
20,14,-7,-17,13,4,34,54,100,79,57,31
21,14,-8,-19,14,3,34,52,105,84,62,35
22,18,-5,-21,13,6,30,44,102,84,63,38
22,23,0,-24,11,11,23,32,93,78,59,38
21,28,7,-25,7,17,15,18,77,67,52,35
19,31,12,-25,3,22,7,3,58,52,43,31
16,30,15,-23,0,23,0,-9,37,35,32,26
11,25,14,-18,-1,20,-3,-20,16,19,20,21
5,16,11,-11,-2,14,-4,-30,-3,3,9,17
0,7,7,-5,-3,8,-5,-39,-19,-11,-1,12
-3,2,6,0,-5,4,-6,-44,-30,-21,-9,8
-6,1,8,1,-7,5,-6,-46,-37,-28,-16,3
-8,3,12,2,-10,7,-4,-46,-40,-32,-20,0
-10,5,16,2,-13,10,-1,-44,-40,-33,-22,-3
-11,6,18,3,-15,12,3,-40,-37,-32,-23,-5
-12,4,17,4,-15,11,11,-33,-32,-30,-22,-6
-13,0,13,7,-14,6,20,-25,-25,-26,-20,-6
-14,-5,9,9,-12,1,29,-17,-18,-22,-18,-6
-15,-9,6,11,-11,-1,37,-11,-14,-20,-17,-6
-16,-9,7,11,-12,-1,43,-8,-11,-18,-17,-8
-16,-6,10,10,-13,1,47,-6,-10,-18,-17,-9
-16,-3,13,10,-15,4,50,-6,-9,-18,-17,-10
-16,-1,16,9,-16,7,52,-5,-9,-18,-18,-11
-17,-1,16,9,-17,7,54,-5,-9,-17,-18,-11
-17,-4,14,11,-16,4,56,-5,-8,-16,-17,-11
-18,-9,10,12,-14,0,59,-4,-6,-15,-16,-10
-18,-12,7,14,-13,-2,61,-4,-5,-15,-15,-10
-19,-13,6,15,-14,-3,63,-5,-5,-15,-15,-10
-19,-11,9,14,-15,-1,64,-5,-6,-15,-16,-11
-20,-8,13,14,-17,2,65,-6,-6,-15,-16,-12
-20,-5,15,13,-18,5,65,-6,-6,-15,-16,-12
-20,-3,17,12,-18,6,66,-6,-6,-15,-16,-12
-20,-5,16,12,-18,5,68,-6,-6,-15,-15,-12
-20,-8,12,13,-16,2,68,-6,-5,-14,-15,-11
-20,-11,9,14,-15,0,66,-7,-5,-13,-14,-10
-19,-12,8,14,-15,-2,62,-8,-5,-13,-13,-10
-19,-11,9,13,-15,-1,57,-9,-6,-13,-13,-10
-19,-8,11,12,-15,2,52,-10,-6,-13,-13,-10
-18,-5,13,11,-15,4,46,-11,-7,-13,-13,-10
-17,-4,13,11,-14,5,40,-11,-8,-13,-13,-9
-15,-4,12,10,-13,4,35,-11,-9,-13,-13,-9
-14,-7,8,10,-11,1,30,-10,-10,-13,-12,-8
-12,-9,3,10,-9,-2,26,-10,-10,-12,-10,-7
-11,-10,1,9,-7,-4,21,-9,-9,-11,-9,-6
-9,-9,0,7,-6,-4,16,-9,-9,-10,-8,-6
-8,-6,2,6,-6,-2,12,-8,-9,-10,-7,-5
-7,-3,4,5,-5,0,7,-8,-9,-9,-7,-5
-6,-1,5,4,-5,2,4,-8,-9,-9,-6,-4
-5,-1,4,3,-4,2,2,-7,-9,-9,-6,-4
-4,-3,1,3,-3,-1,1,-6,-9,-8,-5,-3
-3,-6,-2,3,-1,-4,1,-4,-8,-7,-4,-2
-3,-8,-5,3,0,-7,1,-3,-7,-6,-3,-2
-2,-8,-6,3,1,-7,0,-2,-7,-6,-3,-1
-2,-6,-5,2,1,-6,0,-2,-6,-5,-3,-1
-1,-4,-3,2,1,-3,-1,-1,-6,-5,-3,-1
-1,-2,-1,2,1,-2,-2,-1,-6,-5,-3,-1
0,-1,0,1,1,-1,-3,-1,-6,-5,-2,-1
0,-2,-2,1,1,-2,-3,0,-5,-5,-2,-1
0,-4,-5,1,2,-5,-2,0,-5,-4,-1,-1
1,-6,-7,1,2,-7,-2,1,-4,-4,0,0
1,-7,-8,1,3,-8,-2,1,-4,-3,0,0
1,-6,-8,1,3,-7,-2,1,-4,-3,0,0
1,-4,-6,1,3,-5,-3,1,-4,-3,0,0
1,-3,-4,0,3,-4,-3,1,-4,-3,0,0
2,-2,-3,0,3,-2,-4,1,-3,-3,0,0
2,-2,-3,0,3,-2,-4,1,-3,-3,0,0
2,-4,-5,0,3,-4,-4,1,-3,-3,0,0
2,-5,-7,0,4,-6,-4,1,-3,-3,0,0
2,-6,-8,0,4,-7,-4,1,-3,-3,0,0
2,-5,-8,0,4,-6,-5,1,-3,-3,0,0
2,-3,-6,0,4,-4,-5,1,-3,-3,0,0
2,-2,-5,0,4,-3,-5,1,-3,-3,0,0
3,-1,-3,-1,4,-2,-5,1,-3,-3,0,0
3,0,-2,-1,4,-1,-5,2,-3,-3,0,0
3,-1,-4,-1,4,-2,-5,2,-3,-3,0,0
3,-3,-6,-1,4,-4,-5,3,-2,-2,0,0
3,-4,-7,-1,4,-5,-5,3,-2,-2,0,0
3,-4,-7,-1,4,-6,-6,3,-2,-2,0,0
3,-3,-6,-1,4,-5,-6,3,-2,-2,0,0
3,-2,-5,-1,5,-4,-6,3,-2,-2,0,0
3,-1,-5,-1,5,-3,-6,3,-2,-2,0,0
3,0,-4,-1,4,-3,-6,3,-2,-2,0,0
3,-1,-4,-1,4,-3,-6,3,-2,-2,0,0
3,-2,-6,-1,4,-5,-6,3,-2,-1,0,0
3,-3,-7,-1,4,-6,-6,3,-1,-1,1,0
3,-4,-7,-1,4,-6,-6,3,-1,-1,1,0
3,-3,-7,-1,4,-5,-6,3,-1,-1,1,0
3,-2,-6,-1,4,-4,-6,3,-1,-1,1,0
3,-2,-5,-1,4,-4,-6,3,-1,-1,1,0
3,-2,-5,-1,4,-3,-6,3,-1,-1,1,0
3,-2,-5,-1,4,-3,-6,3,-1,-1,1,0
3,-3,-6,-1,4,-4,-6,3,-1,-1,1,0
3,-3,-7,-1,4,-5,-6,3,-1,-1,1,0
3,-3,-7,-1,4,-5,-7,3,-2,-1,0,0
3,-3,-6,-1,4,-5,-7,3,-2,-1,0,0
3,-2,-5,-1,4,-4,-7,3,-2,-1,0,0
3,-2,-5,-1,4,-4,-7,3,-2,-1,0,0
3,-2,-5,-1,4,-3,-7,3,-2,-1,0,0
3,-1,-4,-1,4,-3,-7,3,-2,-1,0,0
3,-1,-5,-1,4,-3,-7,3,-2,-1,0,0
3,-2,-5,-1,4,-4,-7,3,-2,-1,0,0
3,-2,-5,-1,4,-4,-8,3,-2,-1,0,0
3,-1,-5,-2,4,-3,-8,2,-2,-1,0,0
3,-1,-4,-2,4,-2,-8,2,-2,-1,0,0
3,-1,-4,-2,4,-2,-8,2,-2,-1,0,1
3,-1,-4,-2,4,-2,-8,2,-2,-1,1,1
3,-1,-4,-2,4,-2,-8,2,-1,-1,1,1
3,-1,-4,-2,4,-2,-8,2,-1,-1,1,1
3,-1,-5,-2,4,-3,-8,2,-1,0,1,1
3,-1,-5,-2,4,-3,-8,2,-1,0,1,1
3,-1,-5,-2,4,-3,-9,2,-1,0,1,1
3,-1,-5,-2,4,-3,-9,2,-1,0,1,1
3,-1,-4,-2,4,-2,-9,3,-1,0,1,1
3,-1,-4,-2,4,-2,-9,3,0,0,1,1
3,0,-4,-2,4,-2,-9,3,0,0,1,1
3,0,-4,-2,4,-2,-9,3,0,1,1,1
3,0,-4,-2,4,-2,-9,3,0,1,2,2
3,0,-4,-2,4,-2,-9,3,0,1,2,2
4,0,-4,-3,4,-2,-9,3,0,1,2,2
4,0,-3,-3,4,-1,-10,3,0,1,2,2
4,1,-3,-3,4,-1,-10,3,0,2,3,2
4,1,-3,-3,5,-1,-10,3,1,2,3,3
4,1,-3,-3,5,-1,-10,3,1,2,3,3
4,1,-3,-4,4,0,-10,3,1,2,3,3
4,1,-3,-4,4,0,-10,4,1,3,3,3
4,1,-4,-3,4,-1,-10,4,1,3,3,3
4,1,-4,-3,4,-1,-10,4,1,3,3,3
4,1,-3,-4,4,0,-10,4,1,4,3,3
5,2,-3,-4,4,0,-10,4,2,4,4,3
5,2,-3,-4,5,0,-10,4,2,4,4,3
5,2,-3,-4,5,0,-10,4,3,4,5,3
5,2,-3,-4,5,0,-10,4,3,4,5,3
5,2,-3,-4,5,0,-10,4,3,5,5,3
6,2,-4,-4,5,0,-10,4,4,5,5,4
6,2,-4,-5,5,0,-10,5,4,5,5,4
6,3,-3,-5,5,0,-10,5,4,5,5,4
6,3,-3,-6,5,1,-10,5,4,6,5,4
6,4,-3,-6,5,1,-11,5,4,6,6,5
6,4,-3,-6,5,1,-11,5,4,6,6,5
6,4,-2,-7,5,1,-11,5,4,6,7,5
6,5,-2,-7,5,2,-11,5,4,6,7,5
6,5,-2,-7,5,2,-11,5,5,7,7,6
6,5,-2,-7,5,2,-12,5,5,7,7,6
7,5,-2,-7,6,2,-12,5,6,8,7,6
7,6,-2,-8,6,3,-13,5,6,8,8,6
7,7,-1,-8,6,3,-13,5,6,9,8,6
7,7,-1,-8,6,3,-13,5,7,9,9,7
7,7,-1,-8,6,4,-13,5,7,9,9,7
7,8,-1,-8,6,4,-13,5,7,9,9,7
8,8,-1,-8,6,4,-13,5,7,10,9,7
8,8,-1,-9,6,4,-14,5,7,10,9,8
8,8,-1,-9,6,4,-14,5,7,10,9,8
9,9,0,-10,6,4,-15,5,7,10,9,8
9,9,0,-10,6,5,-15,5,7,11,10,9
9,9,0,-10,6,5,-15,5,8,11,10,9
9,9,0,-10,6,5,-15,5,8,11,11,10
9,10,0,-10,6,5,-15,4,8,11,11,10
9,10,0,-10,6,6,-15,4,8,12,11,10
9,10,0,-10,6,6,-15,4,8,12,11,10
9,10,0,-10,6,6,-16,4,8,12,11,10
9,11,0,-11,6,6,-16,4,8,12,11,10
9,11,1,-11,6,6,-17,3,8,12,11,10
9,11,1,-11,6,6,-17,3,8,12,11,10
9,11,1,-11,6,7,-17,3,8,12,11,10
9,11,1,-11,5,7,-17,2,8,12,11,10
9,11,1,-11,5,7,-17,2,8,12,11,10
9,12,1,-11,5,7,-17,2,8,12,11,10
9,12,1,-11,5,7,-18,2,7,12,11,10
9,12,2,-12,5,8,-18,1,7,12,11,11
9,13,2,-12,5,8,-19,1,6,12,11,11
9,13,2,-12,5,8,-19,0,6,12,11,11
9,13,2,-12,5,8,-19,0,6,12,11,11
9,13,2,-12,5,8,-19,0,5,11,11,11
9,13,3,-12,4,8,-19,-1,5,11,10,11
9,13,3,-12,4,9,-19,-1,5,11,10,11
9,13,3,-12,4,9,-19,-1,5,11,10,11
9,13,3,-12,4,9,-19,-2,4,11,10,11
8,13,4,-12,4,9,-19,-2,4,10,10,10
8,13,4,-12,4,9,-19,-3,3,10,9,10
8,13,4,-11,4,9,-19,-4,3,9,9,10
8,13,4,-11,4,9,-19,-4,3,9,8,10
8,13,4,-11,4,9,-19,-5,3,9,8,10
8,14,5,-11,3,9,-19,-5,3,9,8,9
8,14,5,-11,3,9,-19,-5,3,9,8,9
7,13,5,-11,3,9,-19,-5,3,8,8,9
7,13,5,-11,3,9,-18,-5,2,8,8,9
7,13,6,-11,2,10,-18,-5,2,7,7,9
7,13,6,-11,2,10,-18,-5,2,7,7,9
6,13,6,-11,2,9,-17,-5,2,7,7,9
6,13,6,-10,1,9,-17,-5,1,7,7,9
6,13,6,-10,1,9,-16,-5,1,7,7,9
6,13,6,-10,1,9,-16,-5,1,7,7,9
6,12,6,-10,1,9,-15,-5,1,7,7,8
5,12,6,-10,1,9,-14,-5,1,6,6,8
5,12,6,-10,1,9,-13,-5,1,6,6,7
5,12,6,-9,1,9,-13,-5,1,6,5,7
5,12,6,-9,1,9,-12,-5,1,6,5,7
5,11,6,-8,1,9,-11,-5,1,6,5,7
5,11,6,-8,1,9,-10,-5,1,6,5,6
5,11,6,-8,1,9,-10,-5,1,5,5,6
5,11,6,-8,1,9,-9,-4,1,5,5,6
5,11,6,-8,1,8,-8,-4,1,5,5,6
5,11,6,-8,1,8,-7,-4,1,5,5,6
5,11,6,-8,1,8,-6,-3,1,4,5,6
4,11,6,-8,1,8,-5,-3,2,4,5,6
4,10,6,-8,1,8,-4,-2,2,4,5,5
4,10,6,-8,1,8,-3,-2,2,4,5,5
4,10,6,-8,1,8,-3,-2,2,4,5,5
4,10,5,-8,1,8,-2,-1,3,4,5,5
4,10,5,-8,1,8,-1,-1,3,4,4,5
4,10,5,-8,1,8,-1,-1,3,4,4,4
4,10,5,-8,1,8,0,0,3,4,4,4
4,9,5,-7,1,8,0,0,3,4,4,4
4,9,5,-7,1,7,0,0,4,4,4,4
4,9,5,-7,1,7,1,0,4,4,4,4
4,9,5,-7,1,7,1,0,4,4,4,4
4,9,5,-7,1,7,2,1,4,5,4,4
4,9,4,-7,1,6,2,1,5,5,4,4
4,9,4,-7,1,6,3,2,5,5,4,4
4,9,4,-7,1,6,3,2,5,5,4,4
4,9,4,-7,1,6,3,3,5,5,4,4
4,8,4,-7,2,6,3,3,5,5,4,4
4,8,4,-7,2,6,3,3,6,5,4,3
4,8,4,-7,2,6,3,3,6,5,4,3
4,8,4,-6,2,5,4,4,6,5,4,3
4,8,3,-6,2,5,4,4,6,6,4,3
4,7,3,-6,2,5,4,4,6,6,4,3
4,7,3,-6,2,5,4,4,6,6,4,3
4,7,3,-6,2,5,4,4,6,6,4,3
4,6,2,-6,2,5,4,5,6,6,4,3
4,6,2,-6,2,4,5,5,6,6,4,3
4,6,2,-6,2,5,5,5,6,6,4,3
4,7,2,-6,3,5,5,5,6,6,4,3
4,7,1,-6,3,4,5,5,6,6,4,3
4,7,1,-6,3,4,5,5,6,6,4,3
5,7,1,-6,3,4,5,5,6,6,4,3
5,7,1,-6,3,4,5,5,5,5,4,3
5,6,1,-6,3,4,5,5,5,5,4,3
5,6,1,-6,3,3,5,5,5,5,5,2
5,6,1,-6,3,3,5,5,5,5,5,2
5,6,1,-6,3,3,5,5,5,5,4,2
5,6,1,-6,3,3,5,5,5,5,4,2
5,5,1,-5,3,3,4,5,5,5,4,2
4,5,1,-5,3,3,4,5,5,5,4,2
4,5,1,-4,2,3,3,5,5,5,3,2
3,4,1,-4,2,3,3,5,4,5,3,1
2,3,1,-3,2,2,3,5,4,4,3,1
2,2,1,-2,2,2,3,5,4,4,3,0
3,3,1,-3,2,2,3,5,4,4,3,0
4,5,1,-4,3,3,3,5,4,4,3,0
5,5,0,-5,3,3,3,5,4,4,3,0
5,6,0,-5,3,3,3,5,4,4,3,0
6,6,1,-6,3,4,3,5,4,4,3,0
6,6,1,-6,3,4,3,5,4,4,3,1
6,6,1,-6,3,3,3,5,4,4,3,1
6,6,1,-6,3,3,3,5,4,3,3,1
6,6,1,-6,2,3,3,4,3,3,2,0
5,6,1,-6,2,3,2,4,3,2,2,0
5,5,1,-5,2,3,2,3,2,2,2,0
5,5,1,-5,2,3,2,3,2,2,1,0
5,5,1,-5,2,3,2,3,2,2,1,0
5,5,1,-5,2,3,2,3,2,2,1,0
5,5,1,-5,2,3,2,3,2,2,1,0
4,4,1,-5,2,2,2,3,2,1,1,0
4,4,1,-5,2,2,2,3,1,1,0,0
4,4,1,-5,2,2,2,2,1,1,0,0
4,4,1,-5,2,2,2,2,0,0,0,0
4,4,1,-5,2,2,2,2,0,0,0,0
4,4,1,-5,2,2,2,2,0,0,0,0
4,4,1,-5,2,2,2,2,0,0,0,0
4,4,1,-5,2,2,2,2,0,0,0,-1
4,4,1,-5,2,2,2,2,0,0,0,-1
4,4,1,-5,2,2,1,2,0,0,0,-1
4,4,1,-5,2,2,1,2,0,0,0,-1
4,4,1,-4,1,3,1,2,0,-1,0,-1
4,4,1,-4,2,3,1,2,0,-1,0,-1
4,4,1,-4,2,2,1,2,-1,-1,0,-1
4,4,1,-4,2,2,0,1,-1,-1,-1,-2
4,4,1,-4,2,2,0,1,-1,-1,-1,-2
4,3,1,-4,2,2,0,1,-1,-1,-1,-2
4,3,0,-4,2,2,0,1,-2,-1,-1,-2
4,3,0,-4,2,2,0,1,-2,-1,-2,-2
4,3,0,-4,2,2,0,0,-2,-2,-2,-2
3,3,0,-3,2,2,0,0,-2,-2,-2,-2
3,3,0,-3,2,2,0,0,-2,-2,-2,-2
3,3,0,-3,2,2,0,0,-2,-2,-2,-2
3,3,0,-4,2,2,0,0,-2,-2,-2,-2
3,3,0,-4,2,2,0,0,-2,-2,-2,-2
3,2,0,-4,2,1,0,0,-2,-2,-2,-2
3,2,0,-4,2,1,0,0,-2,-2,-2,-2
3,2,0,-4,2,1,0,0,-2,-2,-2,-3
3,2,0,-4,2,1,0,0,-2,-2,-2,-3
3,2,0,-4,2,1,-1,0,-2,-2,-2,-3
3,2,0,-4,2,1,-1,0,-2,-3,-2,-3
3,3,0,-4,2,2,-1,0,-2,-3,-2,-3
3,3,0,-4,2,2,-1,0,-2,-3,-2,-3
3,2,0,-4,2,1,-1,0,-2,-3,-2,-3
3,2,0,-3,2,1,-1,0,-2,-3,-2,-3
3,2,0,-3,1,1,-1,0,-2,-3,-2,-3
3,2,0,-3,1,2,-1,0,-3,-3,-2,-3
3,2,0,-3,2,2,-1,0,-3,-3,-2,-3
3,2,0,-3,2,1,-1,0,-3,-3,-2,-3
3,2,0,-3,2,1,-1,0,-3,-4,-3,-3
3,2,0,-3,1,1,-1,0,-3,-4,-3,-3
3,2,0,-3,1,1,-1,0,-3,-4,-3,-3
3,2,0,-3,1,1,-1,0,-3,-4,-3,-3
3,2,0,-3,1,1,-2,0,-4,-4,-3,-3
3,2,0,-3,1,1,-2,0,-4,-4,-3,-4
3,2,0,-3,1,1,-2,0,-4,-4,-3,-4
3,1,0,-3,1,1,-2,0,-4,-4,-3,-4
2,1,0,-3,1,1,-2,0,-4,-4,-3,-4
2,1,0,-3,1,1,-2,0,-4,-4,-3,-4
2,1,0,-2,1,1,-2,0,-4,-4,-3,-4
2,1,0,-2,1,0,-2,0,-4,-4,-3,-4
2,1,0,-2,1,0,-2,0,-4,-4,-3,-4
2,1,0,-2,1,1,-2,0,-4,-4,-3,-4
2,1,0,-2,1,1,-2,0,-4,-4,-3,-4
2,1,0,-2,1,1,-2,0,-4,-4,-3,-4
2,1,0,-2,1,1,-2,0,-4,-4,-3,-4
2,1,0,-2,1,1,-2,0,-4,-5,-3,-4
2,1,0,-2,1,1,-2,0,-4,-5,-3,-3
2,0,0,-2,1,0,-2,0,-4,-4,-3,-3
2,0,0,-2,1,0,-2,-1,-4,-4,-3,-3
2,1,0,-2,1,0,-2,-1,-4,-4,-3,-3
2,1,0,-2,1,0,-2,-1,-4,-4,-3,-3
2,1,-1,-2,2,0,-2,-1,-4,-4,-3,-3
2,1,-1,-2,2,0,-2,-1,-4,-4,-3,-3
2,1,0,-2,2,1,-2,-1,-4,-4,-3,-3
2,1,0,-2,2,1,-2,-1,-4,-4,-3,-3
2,1,0,-2,2,0,-2,-1,-4,-4,-3,-3
2,1,0,-2,2,0,-2,-1,-4,-4,-3,-3
2,1,0,-2,2,0,-2,-1,-4,-4,-3,-3
2,1,0,-2,2,0,-2,-1,-4,-4,-3,-3
2,1,0,-2,2,0,-2,-1,-4,-4,-3,-3
2,1,-1,-2,2,0,-2,-1,-4,-4,-3,-3
2,1,-1,-2,2,0,-2,-1,-4,-4,-3,-3
2,1,0,-2,2,0,-2,-1,-4,-4,-3,-3
2,1,-1,-2,2,0,-2,-1,-4,-4,-3,-3
2,1,-1,-2,2,0,-2,-1,-4,-4,-3,-3
2,1,-1,-2,2,0,-2,-1,-4,-4,-3,-3
2,1,0,-2,2,0,-2,-1,-4,-4,-3,-3
2,1,0,-2,2,0,-2,-1,-4,-4,-3,-3
2,0,-1,-2,2,0,-2,-1,-4,-4,-3,-3
2,0,-1,-2,2,0,-2,-1,-4,-4,-3,-3
2,1,0,-2,2,0,-2,-1,-4,-4,-3,-3
2,1,0,-2,2,0,-2,-1,-4,-4,-3,-3
2,1,-1,-2,2,0,-2,0,-4,-4,-3,-3
2,1,-1,-2,2,0,-2,0,-4,-4,-3,-3
2,1,-1,-2,2,0,-2,0,-4,-4,-4,-3
2,1,-1,-2,2,0,-2,0,-4,-4,-4,-3
2,1,-1,-2,2,0,-2,0,-4,-4,-4,-3
2,1,-1,-2,2,0,-2,0,-4,-5,-4,-3
2,1,-1,-2,2,0,-2,0,-4,-5,-4,-3
2,1,-1,-2,2,0,-2,0,-4,-5,-4,-3
2,0,-1,-2,2,0,-2,0,-4,-5,-4,-3
2,0,-1,-2,2,0,-2,0,-4,-4,-4,-3
2,0,-1,-2,2,0,-2,0,-4,-4,-4,-3
2,0,-1,-2,2,0,-2,0,-4,-4,-4,-3
2,0,-1,-2,2,0,-2,0,-4,-4,-4,-3
2,0,-1,-2,2,0,-2,0,-4,-4,-4,-3
2,0,-1,-2,2,0,-2,0,-4,-4,-4,-3
2,0,-1,-2,2,0,-2,0,-4,-4,-4,-3
2,0,-2,-2,2,-1,-2,0,-4,-4,-4,-3
2,0,-2,-2,2,-1,-2,0,-4,-4,-4,-3
2,0,-2,-2,2,-1,-2,0,-4,-4,-4,-3
2,0,-1,-2,2,-1,-2,0,-4,-4,-4,-3
2,0,-1,-2,2,-1,-2,0,-4,-4,-3,-3
2,0,-1,-2,2,-1,-2,0,-4,-4,-3,-3
2,0,-1,-2,2,-1,-2,0,-4,-4,-3,-3
2,0,-1,-2,2,0,-2,0,-4,-4,-3,-3
2,0,-1,-2,2,0,-1,0,-3,-3,-3,-2
2,0,-1,-2,2,0,-1,0,-3,-3,-3,-2
2,0,-1,-2,2,0,-1,0,-3,-3,-3,-2
2,0,-1,-2,1,0,0,0,-3,-3,-3,-2
2,0,0,-2,1,0,0,0,-3,-2,-3,-2
2,0,0,-2,1,0,0,0,-3,-2,-2,-2
2,1,0,-2,1,0,0,0,-2,-2,-2,-2
2,1,0,-3,1,1,0,0,-2,-2,-2,-2
2,2,0,-3,1,1,0,0,-2,-2,-2,-2
3,2,0,-3,2,1,1,0,-2,-2,-2,-1
3,2,0,-3,2,1,1,1,-2,-2,-2,-1
3,2,0,-3,2,1,1,1,-2,-2,-2,-1
3,2,0,-4,2,1,1,1,-1,-2,-2,-1
3,2,0,-4,2,1,2,1,-1,-1,-2,-1
3,3,0,-4,2,1,2,1,-1,-1,-1,-1
3,3,0,-4,2,2,2,1,-1,-1,-1,-1
3,3,0,-4,2,2,2,1,-1,-1,-1,-1
3,3,0,-4,2,2,2,1,-1,-1,-1,-1
3,3,0,-4,2,2,1,1,0,-1,-1,-1
3,3,0,-4,2,2,1,1,0,-1,-1,-1
3,3,0,-4,2,2,1,1,0,-1,-1,-1
3,3,0,-4,2,2,1,1,0,-1,-1,-1
3,2,0,-4,2,1,1,1,0,-1,-1,-1
3,2,0,-4,2,1,0,1,0,-1,-1,-1
3,2,0,-4,2,1,0,1,0,-1,-1,-1
3,2,0,-4,2,1,0,1,-1,-1,-1,-1
3,2,0,-3,2,1,0,1,-1,-1,-1,-1
3,1,-1,-3,2,0,0,1,-1,-1,-1,-1
3,1,-1,-3,2,0,0,0,-1,-1,-2,-1
3,1,-1,-3,2,0,-1,0,-2,-2,-2,-1
3,1,-1,-3,2,0,-1,0,-2,-2,-2,-1
3,0,-2,-2,2,0,-2,0,-3,-2,-2,-1
3,0,-2,-2,2,0,-3,0,-3,-3,-3,-2
3,0,-2,-2,2,-1,-3,0,-3,-3,-3,-2
2,-1,-3,-1,2,-2,-3,0,-3,-4,-3,-2
2,-2,-3,-1,3,-3,-3,0,-3,-4,-3,-2
2,-2,-3,-1,3,-3,-4,-1,-4,-4,-4,-2
2,-2,-3,-1,3,-3,-4,-1,-4,-4,-4,-2
2,-3,-4,0,3,-3,-4,-1,-4,-4,-4,-2
2,-3,-4,0,3,-4,-5,-1,-4,-4,-4,-2
2,-3,-5,0,3,-4,-5,-1,-4,-4,-4,-2
2,-3,-5,0,3,-4,-5,-1,-4,-5,-4,-3
2,-4,-5,0,4,-4,-5,-1,-4,-5,-4,-3
2,-4,-6,0,4,-5,-5,-1,-4,-5,-4,-3
2,-4,-6,0,4,-5,-5,-1,-4,-5,-4,-3
2,-4,-6,0,4,-5,-5,-1,-4,-5,-4,-3
2,-4,-6,0,4,-5,-5,-1,-4,-5,-4,-3
2,-4,-7,0,4,-5,-5,-1,-4,-4,-4,-3
2,-4,-7,0,4,-5,-5,-1,-4,-4,-4,-3
3,-3,-6,0,4,-5,-5,-1,-4,-4,-4,-3
3,-3,-6,-1,5,-4,-5,0,-4,-4,-4,-2
3,-3,-6,-1,5,-4,-5,0,-4,-4,-3,-2
3,-3,-6,-1,5,-4,-5,0,-4,-4,-3,-2
3,-3,-6,-1,5,-4,-5,0,-4,-4,-3,-2
3,-3,-6,-1,5,-5,-5,0,-4,-4,-3,-2
3,-3,-7,-1,5,-5,-5,0,-4,-4,-3,-2
3,-4,-7,-1,5,-5,-5,0,-4,-4,-3,-2
3,-4,-7,-1,5,-5,-5,0,-5,-4,-3,-2
3,-3,-7,-1,5,-5,-5,0,-5,-4,-3,-2
3,-3,-7,-1,5,-5,-5,0,-5,-4,-3,-2
3,-3,-7,-1,5,-5,-5,0,-4,-4,-3,-2
3,-3,-7,-1,5,-5,-5,0,-4,-4,-3,-2
3,-3,-7,-1,5,-5,-4,0,-4,-4,-3,-2
3,-3,-7,-1,5,-5,-4,0,-4,-4,-3,-2
3,-3,-7,-1,5,-5,-4,0,-4,-3,-2,-2
3,-3,-6,-1,5,-5,-4,0,-4,-3,-2,-2
3,-3,-6,-1,5,-4,-4,0,-4,-3,-2,-2
2,-3,-5,0,4,-4,-4,0,-4,-3,-3,-2
1,-4,-5,0,4,-4,-4,0,-4,-3,-3,-2
1,-4,-5,0,4,-4,-4,0,-4,-3,-3,-2
0,-4,-5,0,3,-4,-4,0,-4,-4,-4,-2
0,-4,-5,1,3,-4,-4,0,-4,-4,-4,-2
0,-4,-5,1,3,-5,-4,0,-4,-4,-4,-2
0,-4,-4,1,3,-5,-4,0,-4,-4,-4,-2
0,-4,-4,1,2,-4,-4,0,-4,-4,-4,-2
0,-3,-3,1,2,-4,-4,0,-4,-4,-4,-2
0,-3,-4,1,3,-4,-4,0,-4,-4,-4,-2
0,-3,-4,1,3,-4,-4,0,-4,-4,-4,-2
0,-3,-4,1,2,-4,-4,0,-4,-4,-4,-2
0,-3,-4,1,2,-4,-4,0,-4,-4,-4,-2
0,-4,-5,1,2,-4,-4,0,-4,-4,-4,-2
0,-4,-5,1,2,-5,-4,0,-4,-4,-4,-2
0,-4,-4,1,2,-4,-4,0,-4,-4,-4,-2
0,-4,-4,1,1,-4,-4,0,-4,-4,-4,-2
0,-4,-4,1,1,-4,-4,0,-4,-4,-4,-2
0,-4,-5,1,2,-4,-4,0,-4,-4,-4,-2
0,-4,-5,1,2,-4,-4,0,-4,-4,-4,-2
0,-4,-4,1,2,-4,-4,0,-4,-4,-4,-2
0,-4,-4,1,2,-4,-4,0,-4,-4,-3,-2
0,-4,-4,1,2,-4,-4,0,-4,-4,-3,-2
0,-4,-4,1,2,-4,-4,0,-4,-4,-3,-2
0,-3,-3,1,2,-4,-4,0,-4,-4,-3,-2
0,-4,-3,1,2,-4,-4,0,-4,-4,-3,-2
0,-4,-4,1,2,-4,-4,0,-4,-4,-3,-2
0,-4,-4,1,2,-4,-4,0,-3,-4,-3,-2
0,-4,-4,1,2,-4,-4,0,-3,-4,-3,-2
0,-4,-4,1,2,-4,-3,0,-3,-4,-3,-2
0,-5,-4,1,2,-5,-3,0,-3,-4,-3,-2
0,-5,-4,1,2,-5,-3,0,-3,-4,-3,-2
0,-4,-3,1,1,-4,-3,0,-3,-4,-3,-2
0,-4,-3,1,1,-4,-3,0,-3,-4,-3,-2
0,-4,-3,1,1,-4,-3,0,-3,-4,-3,-2
0,-4,-4,1,1,-4,-3,0,-3,-4,-3,-2
0,-4,-4,1,1,-4,-3,0,-3,-4,-3,-2
-1,-4,-4,1,1,-4,-3,0,-3,-4,-3,-2
-1,-5,-4,1,1,-5,-3,0,-3,-4,-2,-2
-1,-6,-5,2,2,-6,-3,0,-2,-4,-2,-2
-1,-7,-6,2,2,-7,-3,0,-2,-3,-1,-2
-1,-7,-6,2,2,-7,-3,0,-2,-3,-1,-2
-1,-5,-4,1,1,-5,-3,0,-3,-4,-2,-2
-1,-2,-1,0,0,-2,-4,-1,-4,-5,-3,-3
-1,0,0,-1,-1,0,-4,-1,-4,-5,-4,-3
-1,-1,-1,0,0,-1,-4,0,-4,-5,-3,-3
-1,-5,-4,1,1,-4,-3,0,-3,-4,-2,-2
-1,-8,-8,3,2,-8,-2,1,-2,-3,-1,-1
-1,-9,-9,3,3,-9,-1,2,-2,-3,-1,-1
-1,-8,-7,3,2,-8,-2,1,-2,-3,-1,-1
-1,-5,-4,1,1,-5,-2,1,-2,-4,-2,-2
-1,-1,0,0,0,-1,-2,1,-2,-4,-3,-3
-1,0,1,0,-1,0,-2,1,-1,-4,-3,-4
-1,0,0,0,-1,0,-1,2,0,-3,-3,-4
-1,-3,-3,0,0,-3,1,4,3,-1,-1,-3
0,-6,-6,1,2,-6,3,6,8,2,0,-1
0,-7,-7,1,3,-8,4,8,13,6,3,0
0,-5,-6,0,3,-7,5,10,18,9,5,0
1,-1,-3,-2,2,-3,7,12,24,14,8,1
3,4,0,-4,1,1,9,16,32,20,12,3
4,8,3,-7,1,5,12,20,41,27,16,5
6,11,4,-9,1,7,16,25,51,35,22,7
8,12,3,-11,2,7,21,30,62,44,29,12
10,13,3,-13,3,8,26,35,75,55,36,17
12,16,3,-16,4,9,30,39,88,65,43,21
14,21,6,-20,3,13,31,39,97,73,49,26
16,28,11,-24,2,19,29,35,102,78,53,29
17,35,17,-28,0,25,24,26,99,78,53,31
17,40,21,-30,-1,30,17,15,91,74,51,32
17,41,23,-30,-3,32,10,3,78,66,47,32
15,38,23,-28,-4,31,4,-8,60,54,40,30
11,33,21,-24,-5,27,0,-18,40,39,31,27
7,26,19,-19,-7,22,-3,-29,19,22,20,22
1,21,19,-13,-9,19,-6,-39,-2,4,8,16
-3,17,20,-8,-12,17,-8,-48,-22,-12,-4,9
-7,14,21,-5,-14,17,-9,-53,-35,-25,-13,4
-10,13,22,-2,-16,17,-8,-54,-43,-32,-20,0
-13,11,22,0,-17,16,-4,-53,-45,-36,-24,-3
-15,8,22,2,-18,15,1,-49,-44,-36,-25,-5
-16,4,21,4,-19,12,8,-44,-40,-34,-24,-6
-17,1,19,6,-19,10,15,-38,-34,-32,-24,-6
-19,-1,18,8,-19,8,24,-31,-29,-29,-23,-8
-20,-2,18,9,-20,8,32,-24,-24,-27,-23,-9
-21,-2,19,9,-20,8,39,-19,-19,-25,-22,-11
-21,-2,19,10,-20,8,45,-15,-16,-23,-22,-12
-22,-2,19,10,-20,8,49,-13,-15,-22,-21,-12
-22,-2,19,10,-20,8,52,-12,-14,-21,-21,-13
-22,-2,19,10,-21,8,54,-11,-13,-21,-21,-13
-22,-3,19,11,-21,7,55,-11,-13,-20,-21,-13
-23,-4,18,11,-22,6,56,-11,-12,-20,-21,-14
-23,-5,18,11,-22,6,57,-11,-12,-20,-21,-14
-24,-5,18,12,-22,6,58,-11,-12,-20,-20,-14
-24,-5,18,12,-21,6,60,-11,-11,-19,-20,-14
-24,-5,18,13,-21,6,61,-11,-11,-19,-20,-14
-24,-5,18,13,-22,6,62,-11,-10,-18,-20,-14
-24,-4,19,12,-22,7,62,-12,-10,-18,-20,-14
-24,-4,19,12,-22,6,63,-12,-9,-18,-19,-14
-24,-5,18,12,-22,6,62,-12,-9,-18,-19,-14
-24,-5,18,12,-22,6,59,-13,-9,-18,-19,-14
-24,-6,17,12,-21,5,55,-13,-10,-18,-19,-14
-23,-6,16,13,-20,5,51,-14,-10,-17,-19,-14
-23,-7,15,13,-19,4,46,-14,-10,-17,-18,-13
-22,-7,13,12,-18,3,42,-15,-10,-16,-17,-13
-21,-7,12,12,-17,2,37,-15,-11,-16,-17,-12
-19,-7,12,11,-16,2,31,-14,-11,-16,-16,-12
-18,-6,12,9,-15,3,25,-14,-12,-16,-16,-11
-16,-4,12,8,-15,4,19,-14,-12,-16,-15,-11
-15,-3,11,6,-14,4,14,-14,-12,-15,-14,-10
-13,-4,9,6,-12,3,10,-13,-11,-13,-13,-9
-12,-5,6,6,-10,0,7,-12,-10,-11,-11,-8
-10,-6,3,6,-7,-1,4,-11,-10,-10,-10,-6
-9,-6,1,5,-6,-2,2,-10,-10,-9,-9,-6
-8,-6,1,5,-5,-2,0,-10,-10,-9,-8,-5
-8,-5,2,4,-5,-2,-1,-9,-10,-9,-8,-5
-7,-4,2,3,-5,-1,-3,-9,-10,-9,-8,-5
-6,-3,2,2,-5,0,-4,-8,-9,-9,-8,-5
-6,-3,1,2,-5,-1,-4,-6,-8,-8,-7,-5
-5,-4,0,2,-3,-2,-4,-5,-7,-7,-6,-5
-5,-6,-3,2,-2,-4,-3,-4,-6,-6,-5,-4
-4,-6,-4,2,-1,-5,-3,-3,-6,-5,-4,-3
-4,-6,-4,2,-1,-5,-4,-3,-5,-5,-4,-3
-4,-5,-3,1,-1,-4,-5,-3,-5,-5,-4,-3
-4,-4,-2,1,-1,-3,-5,-3,-5,-5,-4,-3
-4,-4,-1,1,-2,-3,-6,-3,-5,-5,-4,-3
-4,-4,-1,1,-2,-3,-6,-3,-5,-5,-4,-3
-3,-5,-2,1,-1,-4,-6,-3,-5,-5,-4,-3
-3,-6,-4,1,-1,-5,-6,-3,-5,-5,-4,-3
-3,-7,-5,1,0,-6,-6,-3,-5,-5,-4,-3
-3,-6,-5,1,0,-6,-7,-3,-5,-5,-4,-3
-3,-5,-4,1,0,-5,-7,-3,-5,-5,-4,-3
-3,-4,-2,1,-1,-3,-7,-3,-6,-5,-4,-3
-3,-1,1,0,-2,0,-8,-3,-6,-5,-4,-4
-3,0,3,0,-3,1,-9,-3,-7,-6,-5,-5
-3,-2,0,0,-2,-1,-8,-3,-6,-5,-4,-4
-3,-7,-6,2,0,-7,-7,-2,-4,-4,-3,-3
-3,-12,-11,4,2,-11,-6,-1,-3,-3,-2,-2
-3,-13,-12,5,3,-12,-6,-1,-3,-2,-2,-1
-3,-10,-9,4,2,-10,-7,-1,-4,-3,-2,-2
-3,-5,-3,2,0,-5,-8,-2,-5,-4,-3,-3
-3,0,1,0,-2,0,-9,-3,-6,-5,-4,-4
-3,1,3,0,-3,2,-10,-3,-6,-6,-5,-5
-3,0,2,0,-3,0,-9,-3,-6,-6,-4,-4
-4,-5,-3,2,-1,-4,-8,-2,-5,-5,-3,-3
-4,-10,-8,3,1,-10,-8,-1,-4,-4,-2,-2
-3,-12,-11,4,2,-12,-7,0,-4,-3,-2,-2
-3,-11,-9,3,1,-10,-7,-1,-4,-3,-2,-2
-3,-6,-4,2,0,-5,-8,-1,-4,-4,-3,-2
-3,-2,0,1,-2,-1,-8,-2,-5,-5,-4,-3
-3,0,2,0,-3,1,-9,-2,-5,-6,-4,-3
-3,0,2,0,-3,1,-9,-2,-5,-5,-4,-3
-3,-4,-2,1,-2,-3,-8,-2,-4,-4,-4,-3
-3,-9,-7,3,0,-8,-8,-1,-4,-4,-3,-2
-3,-13,-10,4,1,-11,-8,-1,-4,-3,-3,-2
-3,-13,-11,4,2,-12,-8,-1,-4,-3,-3,-2
-3,-10,-7,3,1,-8,-8,-1,-4,-4,-3,-2
-3,-5,-2,2,-1,-3,-9,-1,-4,-4,-3,-2
-3,-1,1,1,-2,0,-9,-1,-4,-4,-3,-3
-3,0,3,0,-3,1,-10,-1,-5,-4,-4,-3
-3,-3,0,1,-2,-1,-9,-1,-5,-4,-3,-3
-3,-8,-5,2,0,-6,-9,-1,-5,-3,-3,-3
-3,-9,-6,2,0,-8,-9,-2,-5,-4,-3,-3
-3,-7,-5,1,-1,-6,-10,-3,-6,-4,-4,-4
-3,-6,-3,1,-1,-5,-10,-2,-5,-4,-4,-3
-3,-5,-1,2,-1,-3,-10,-2,-4,-3,-3,-3
-3,-3,1,2,-2,-1,-10,-1,-4,-3,-3,-3
-3,-1,2,1,-2,0,-10,-1,-4,-4,-3,-3
-3,-2,1,1,-2,-1,-10,-1,-4,-3,-3,-3
-3,-6,-3,2,-1,-5,-9,-1,-4,-3,-2,-2
-3,-11,-8,3,0,-9,-9,-1,-3,-2,-2,-2
-3,-13,-11,4,1,-12,-9,-1,-3,-2,-2,-1
-3,-12,-10,4,1,-11,-9,-1,-3,-2,-2,-1
-3,-9,-7,3,0,-8,-10,-1,-3,-2,-2,-1
-3,-5,-3,2,-1,-4,-10,-1,-3,-2,-2,-1
-3,-2,0,1,-2,-1,-10,-1,-3,-2,-2,-2
-3,-2,1,1,-2,0,-10,-1,-3,-2,-2,-2
-3,-4,-2,1,-1,-3,-10,-1,-2,-2,-1,-2
-3,-8,-6,2,0,-8,-10,-1,-2,-2,-1,-2
-3,-11,-9,2,1,-10,-10,-1,-2,-1,-1,-2
-3,-12,-10,3,1,-11,-10,-1,-2,-1,-1,-2
-3,-9,-7,2,0,-8,-10,-1,-2,-1,-1,-1
-3,-5,-3,2,0,-4,-10,-1,-2,-1,-1,-1
-3,-3,0,1,-1,-1,-10,-1,-2,-1,-1,-1
-3,-1,1,1,-2,0,-10,0,-2,-1,-1,-1
-3,-3,0,1,-1,-2,-10,0,-1,-1,-1,-1
-3,-7,-4,2,0,-6,-10,0,-1,-1,-1,-1
-3,-10,-8,2,0,-9,-11,0,-1,-1,-1,-1
-3,-11,-9,2,1,-10,-11,0,-1,0,-1,-1
-3,-9,-8,2,1,-9,-11,0,0,0,0,-1
-3,-6,-4,1,0,-5,-11,0,0,0,0,-1
-3,-3,0,1,-1,-2,-11,0,0,1,0,-1
-3,-1,1,0,-1,0,-11,0,0,1,0,-1
-3,-1,1,0,-1,0,-11,0,0,1,0,-1
-3,-4,-2,0,0,-3,-11,0,0,1,0,-1
-3,-7,-6,1,0,-6,-11,0,0,1,0,0
-3,-8,-7,1,0,-8,-11,0,0,1,0,0
-3,-8,-7,1,0,-7,-11,0,0,1,0,0
-3,-5,-4,0,0,-4,-11,0,1,2,1,0
-3,-2,-1,0,-1,-1,-11,0,1,2,1,0
-2,0,1,0,-1,0,-11,0,2,3,1,0
-2,1,2,0,-1,1,-11,0,2,3,1,0
-2,-1,0,0,-1,0,-11,0,2,3,1,0
-2,-4,-3,0,0,-4,-11,0,3,3,2,0
-1,-6,-5,-1,0,-6,-11,0,3,4,2,0
-1,-6,-6,-1,0,-6,-11,0,2,4,2,1
-1,-4,-4,-1,0,-4,-12,0,2,4,2,1
-1,-1,-1,-1,0,-1,-12,0,3,4,2,2
-1,0,1,-1,0,0,-12,0,3,5,2,2
0,2,2,-2,0,2,-13,0,3,5,2,2
0,2,1,-2,0,1,-13,0,3,5,3,2
0,0,-1,-2,0,-1,-13,0,3,5,3,2
0,-2,-3,-2,0,-3,-13,0,3,5,4,2
0,-3,-4,-3,0,-4,-13,0,3,5,4,3
0,-2,-3,-3,0,-3,-13,0,3,5,4,3
0,1,0,-3,0,0,-13,0,4,6,4,3
0,3,2,-4,0,2,-13,0,4,6,5,3
0,4,3,-4,0,3,-14,0,4,6,5,4
0,5,3,-4,0,3,-14,0,4,6,5,4
0,3,1,-4,0,1,-14,0,5,6,5,4
1,1,-1,-5,0,0,-14,0,5,7,5,5
1,0,-2,-5,0,-1,-15,0,5,7,6,5
1,1,-2,-5,0,-1,-15,0,5,7,6,5
1,3,0,-5,0,1,-15,0,5,8,6,5
2,5,2,-5,0,3,-16,0,5,8,7,5
2,6,3,-6,0,4,-16,0,5,8,7,5
2,7,4,-6,0,5,-16,0,5,8,7,5
2,6,3,-7,0,4,-17,0,5,8,7,5
2,4,1,-7,0,2,-17,0,5,8,7,6
2,3,0,-7,0,1,-17,-1,5,8,7,6
2,3,-1,-7,0,1,-17,-1,5,8,7,6
2,4,0,-8,0,3,-17,-2,5,8,7,6
3,6,2,-8,0,5,-17,-2,5,8,7,6
3,7,4,-8,0,6,-17,-2,5,8,7,6
3,8,5,-8,0,7,-17,-2,5,8,7,6
3,8,4,-8,0,6,-17,-2,4,8,7,6
3,6,2,-8,0,4,-17,-2,4,8,7,7
3,5,1,-8,0,3,-17,-3,4,8,7,7
3,5,1,-8,-1,3,-17,-3,4,8,7,7
3,6,1,-8,-1,4,-17,-3,4,8,7,7
3,7,3,-8,-1,5,-17,-3,4,8,7,7
3,8,4,-8,-1,6,-18,-4,4,8,7,7
3,9,5,-8,-1,7,-18,-4,3,8,7,7
3,9,6,-8,-2,7,-18,-5,3,8,7,7
3,8,5,-8,-2,6,-17,-5,3,8,7,7
3,7,3,-8,-2,4,-17,-5,3,8,7,7
3,6,2,-8,-2,4,-17,-5,3,8,7,7
2,6,2,-8,-2,4,-17,-5,3,8,7,7
2,7,4,-8,-2,5,-17,-5,3,8,7,7
2,8,5,-8,-2,6,-17,-5,3,8,7,7
2,8,6,-8,-2,6,-16,-5,2,7,6,7
2,9,7,-8,-2,7,-16,-5,2,7,6,7
2,8,6,-8,-2,6,-15,-6,2,7,6,7
2,7,5,-8,-2,5,-15,-6,2,7,6,7
2,6,4,-8,-2,5,-14,-6,2,7,6,6
1,6,3,-8,-3,4,-14,-6,2,7,6,6
1,6,4,-8,-3,5,-13,-6,2,7,6,6
1,6,5,-7,-3,5,-12,-6,2,7,6,6
0,6,5,-7,-3,5,-12,-6,2,7,6,5
0,6,6,-7,-3,5,-11,-6,2,6,5,5
0,5,5,-6,-3,5,-11,-6,2,6,5,5
0,5,4,-6,-3,4,-10,-6,2,6,4,5
0,4,4,-6,-3,3,-9,-6,2,5,4,4
-1,4,4,-6,-3,3,-8,-6,1,5,4,4
-1,4,4,-6,-4,4,-7,-6,1,5,4,4
-1,4,5,-5,-4,4,-6,-5,1,5,4,4
-1,3,5,-5,-4,4,-5,-5,1,5,3,4
-2,3,5,-5,-4,4,-5,-5,1,5,3,3
-2,3,5,-5,-4,4,-4,-4,1,5,3,3
-2,3,4,-5,-4,3,-3,-4,1,5,3,3
-2,2,4,-4,-4,3,-2,-4,2,5,3,3
-2,1,3,-3,-5,2,-2,-4,2,4,2,2
-2,1,3,-3,-5,2,-1,-4,2,4,2,2
-2,1,3,-3,-4,2,-1,-4,2,4,2,2
-2,1,3,-3,-4,2,0,-4,2,4,2,2
-3,1,3,-3,-4,2,0,-4,2,4,2,2
-3,1,3,-3,-5,2,1,-4,2,4,1,1
-3,1,3,-2,-5,2,1,-3,2,4,1,1
-3,0,2,-2,-4,1,2,-3,2,4,1,1
-3,0,2,-2,-4,1,2,-3,2,4,1,0
-3,0,2,-2,-5,1,2,-3,2,3,1,0
-3,0,2,-1,-5,1,3,-2,2,3,1,0
-3,0,2,-1,-5,1,3,-2,2,3,1,0
-3,0,2,-1,-5,1,3,-2,2,3,0,0
-3,0,2,-1,-5,1,3,-2,2,3,0,0
-3,0,3,-1,-5,1,3,-2,2,3,0,0
-3,0,2,-1,-5,1,3,-2,2,3,0,0
-3,-1,2,-1,-5,0,3,-1,2,2,0,0
-4,-1,2,-1,-5,0,3,-1,2,2,0,-1
-4,-1,2,-1,-5,0,4,-1,2,2,0,-1
-4,-1,2,-1,-5,0,4,-1,2,2,0,-1
-4,-2,1,-1,-5,0,4,-1,2,2,0,-1
-4,-2,1,-1,-5,0,4,-1,2,2,0,-1
-4,-1,2,-1,-5,0,4,-1,2,2,0,-1
-4,-1,2,-1,-4,0,4,-1,2,2,0,-1
-4,-2,1,-1,-4,0,4,0,2,2,0,-2
-4,-2,1,-1,-4,-1,4,0,2,2,0,-2
-4,-2,1,-1,-4,-1,4,0,2,2,0,-2
-4,-2,1,0,-4,-1,4,0,2,2,0,-2
-4,-3,0,0,-4,-2,4,1,2,2,0,-2
-4,-3,0,0,-4,-2,4,1,2,2,0,-2
-3,-2,0,0,-4,-2,4,1,2,2,0,-2
-3,-2,0,0,-4,-2,4,1,2,2,0,-2
-3,-3,0,0,-3,-2,4,1,2,2,0,-2
-3,-3,-1,0,-3,-2,4,1,2,2,0,-2
-3,-3,0,0,-3,-2,4,1,2,2,0,-2
-3,-3,0,0,-3,-2,4,1,2,2,0,-2
-3,-3,-1,0,-3,-2,4,1,3,2,0,-2
-3,-3,-1,0,-3,-2,4,1,3,2,0,-2
-3,-3,0,0,-3,-2,3,1,3,1,0,-2
-3,-3,0,0,-4,-2,3,1,3,1,0,-2
-3,-4,-1,0,-4,-2,3,1,3,1,0,-2
-3,-4,-1,0,-4,-2,3,1,3,1,0,-2
-3,-4,-1,0,-4,-2,3,1,3,1,0,-2
-3,-4,-1,0,-4,-2,3,1,3,1,0,-2
-3,-4,-1,0,-4,-3,3,1,3,0,0,-2
-4,-5,-1,0,-4,-3,3,1,2,0,0,-2
-4,-5,-1,0,-4,-3,3,1,2,0,0,-2
-4,-5,-1,0,-4,-3,2,1,2,0,0,-2
-4,-5,-1,0,-4,-3,2,1,1,0,0,-2
-4,-6,-2,1,-3,-4,2,1,1,0,0,-2
-4,-6,-2,1,-3,-4,2,1,1,0,0,-2
-4,-6,-2,1,-3,-4,2,1,1,0,0,-2
-4,-6,-3,1,-3,-4,2,1,1,0,0,-2
-4,-8,-5,2,-2,-6,2,1,2,0,0,-2
-4,-10,-6,2,-1,-8,2,2,2,1,0,-1
-4,-9,-6,2,-1,-7,1,2,2,0,0,-1
-4,-8,-5,2,-2,-6,1,1,1,0,0,-2
-4,-7,-4,1,-2,-6,1,1,1,0,-1,-2
-4,-8,-5,1,-2,-6,1,1,1,0,-1,-2
-4,-8,-5,1,-2,-7,1,1,1,0,0,-2
-4,-8,-5,1,-2,-7,0,1,0,0,0,-2
-4,-8,-5,1,-2,-7,0,1,0,0,-1,-2
-4,-8,-4,1,-2,-6,0,0,0,-1,-1,-2
-4,-7,-3,0,-3,-5,-1,0,0,-1,-1,-2
-4,-6,-2,0,-3,-4,-1,0,0,-2,-2,-2
-4,-6,-2,0,-3,-5,-1,0,0,-2,-2,-2
-4,-7,-3,1,-3,-6,-1,0,0,-2,-2,-2
-4,-8,-4,1,-2,-7,-1,0,0,-2,-2,-2
-4,-8,-5,1,-2,-7,-1,0,0,-2,-2,-2
-4,-8,-5,1,-2,-7,-1,0,-1,-2,-2,-2
-4,-8,-4,1,-2,-7,-1,0,-1,-2,-2,-2
-4,-8,-4,1,-3,-6,-1,0,-1,-2,-2,-2
-4,-7,-3,1,-3,-6,-1,0,-1,-2,-2,-2
-4,-7,-4,1,-3,-6,-1,0,-1,-2,-2,-2
-4,-8,-5,1,-2,-7,-1,0,-1,-2,-2,-2
-4,-8,-5,1,-2,-8,-1,0,-2,-2,-2,-2
-4,-9,-6,1,-2,-8,-2,0,-2,-2,-2,-3
-4,-9,-6,1,-2,-8,-2,0,-2,-2,-2,-3
-4,-9,-6,1,-2,-8,-2,0,-2,-2,-2,-3
-4,-9,-6,1,-1,-8,-2,0,-2,-3,-2,-3
-4,-8,-5,1,-1,-7,-2,-1,-2,-3,-2,-3
-4,-8,-5,1,-2,-7,-2,-1,-3,-3,-2,-3
-4,-9,-5,1,-2,-7,-2,-1,-3,-3,-2,-3
-4,-9,-6,1,-2,-8,-2,-1,-3,-3,-2,-3
-4,-9,-6,1,-2,-8,-3,-1,-4,-3,-2,-3
-4,-9,-6,1,-2,-8,-3,-1,-4,-3,-2,-3
-4,-9,-6,1,-2,-8,-3,-1,-4,-3,-2,-3
-4,-9,-6,1,-2,-8,-3,-1,-4,-3,-2,-4
-4,-9,-6,1,-2,-8,-3,-1,-4,-3,-2,-4
-4,-8,-5,1,-2,-8,-3,-1,-4,-4,-2,-4
-4,-8,-5,1,-2,-8,-3,0,-5,-4,-2,-4
-4,-9,-6,1,-2,-8,-3,0,-5,-4,-3,-4
-4,-9,-6,1,-2,-8,-3,-1,-5,-4,-3,-4
-4,-9,-6,1,-2,-8,-3,-1,-5,-4,-3,-4
-4,-9,-6,1,-2,-8,-3,-1,-5,-4,-3,-4
-4,-9,-6,1,-1,-8,-3,-1,-5,-4,-3,-4
-4,-9,-6,1,-1,-7,-3,-1,-5,-4,-3,-4
-4,-8,-5,1,-1,-7,-3,-2,-5,-4,-3,-4
-4,-8,-5,1,-1,-7,-3,-2,-5,-4,-3,-4
-4,-8,-5,1,-1,-7,-3,-2,-5,-4,-3,-4
-4,-8,-5,1,-2,-7,-4,-2,-5,-4,-4,-4
-4,-8,-5,0,-2,-7,-4,-2,-5,-5,-4,-4
-4,-8,-5,0,-2,-7,-4,-2,-5,-5,-4,-4
-4,-8,-6,0,-2,-7,-4,-2,-5,-5,-4,-4
-4,-8,-6,0,-2,-7,-4,-2,-5,-5,-4,-4
-3,-8,-5,0,-2,-7,-5,-2,-5,-5,-4,-4
-3,-7,-5,0,-2,-7,-5,-2,-5,-5,-4,-4
-3,-7,-6,0,-2,-7,-5,-2,-5,-5,-4,-4
-3,-8,-6,0,-2,-7,-4,-2,-6,-5,-4,-4
-3,-8,-6,0,-2,-7,-4,-2,-6,-5,-4,-4
-3,-8,-6,0,-2,-7,-5,-2,-6,-6,-4,-4
-3,-8,-6,0,-2,-7,-5,-2,-6,-6,-4,-4
-3,-8,-6,0,-2,-7,-5,-2,-6,-6,-4,-4
-3,-8,-6,0,-2,-7,-5,-2,-6,-6,-4,-4
-3,-8,-5,0,-2,-7,-5,-3,-6,-6,-4,-4
-3,-8,-5,0,-2,-7,-5,-3,-6,-6,-4,-4
-3,-8,-5,0,-2,-7,-5,-3,-6,-6,-4,-4
-3,-8,-5,0,-2,-7,-5,-3,-6,-6,-4,-4
-3,-8,-5,0,-2,-7,-5,-3,-6,-6,-4,-4
-4,-8,-6,0,-2,-7,-5,-3,-6,-6,-4,-4
-4,-8,-6,0,-2,-7,-6,-3,-6,-6,-4,-4
-4,-7,-6,0,-2,-7,-6,-3,-6,-6,-4,-4
-4,-7,-5,0,-2,-7,-6,-3,-6,-6,-4,-4
-4,-7,-5,0,-2,-7,-6,-3,-6,-6,-4,-4
-4,-7,-6,0,-2,-7,-6,-3,-6,-6,-4,-4
-4,-7,-6,0,-2,-7,-6,-3,-6,-6,-4,-4
-4,-7,-5,0,-2,-6,-6,-3,-6,-6,-4,-4
-4,-7,-5,0,-2,-6,-6,-3,-6,-6,-4,-4
-4,-7,-6,0,-2,-7,-6,-3,-6,-5,-4,-4
-4,-8,-6,0,-2,-7,-6,-3,-6,-5,-4,-4
-4,-8,-6,0,-2,-8,-6,-3,-6,-5,-4,-4
-4,-8,-6,0,-2,-8,-6,-3,-6,-5,-4,-4
-4,-8,-7,0,-2,-8,-6,-3,-6,-5,-4,-4
-4,-8,-7,0,-2,-7,-6,-3,-6,-5,-4,-4
-4,-7,-6,0,-2,-6,-6,-3,-6,-5,-4,-5
-4,-6,-5,0,-3,-6,-6,-3,-6,-5,-4,-5
-4,-7,-5,0,-2,-6,-6,-3,-6,-5,-5,-5
-4,-7,-6,0,-2,-6,-6,-3,-6,-5,-5,-5
-4,-8,-6,0,-2,-7,-7,-3,-6,-5,-5,-5
-4,-8,-7,0,-2,-7,-7,-3,-6,-5,-5,-5
-4,-8,-7,0,-2,-7,-7,-3,-6,-5,-5,-5
-4,-8,-7,0,-2,-7,-7,-3,-6,-5,-5,-5
-4,-7,-7,0,-2,-7,-7,-3,-6,-5,-5,-5
-4,-7,-6,-1,-2,-7,-7,-3,-6,-5,-5,-5
-4,-7,-6,-1,-2,-7,-7,-3,-6,-5,-5,-5
-4,-7,-7,-1,-2,-7,-6,-3,-6,-5,-4,-5
-4,-8,-7,-1,-2,-7,-6,-3,-6,-5,-4,-5
-4,-8,-7,-1,-2,-7,-6,-3,-6,-5,-4,-5
-4,-8,-7,-1,-2,-7,-6,-3,-6,-5,-4,-5
-4,-8,-7,0,-1,-8,-6,-3,-6,-5,-4,-5
-4,-8,-7,0,-1,-8,-7,-3,-6,-5,-4,-5
-4,-7,-6,0,-2,-7,-7,-3,-7,-6,-5,-5
-4,-7,-6,0,-2,-7,-7,-3,-7,-6,-5,-5
-4,-8,-7,0,-2,-8,-7,-3,-7,-6,-5,-5
-4,-8,-7,0,-2,-8,-7,-3,-7,-6,-5,-5
-4,-8,-7,0,-2,-8,-7,-3,-7,-6,-5,-5
-4,-8,-7,0,-2,-8,-7,-3,-7,-6,-5,-5
-4,-8,-7,0,-2,-8,-7,-3,-7,-6,-5,-5
-4,-8,-7,0,-2,-8,-7,-3,-7,-6,-5,-5
-4,-8,-7,0,-2,-7,-6,-3,-7,-6,-5,-5
-4,-7,-6,0,-2,-7,-6,-3,-6,-6,-5,-4
-4,-7,-6,0,-2,-7,-6,-3,-6,-6,-5,-4
-4,-7,-6,-1,-2,-7,-6,-3,-6,-6,-5,-4
-4,-7,-6,-1,-2,-6,-5,-3,-6,-6,-5,-4
-4,-6,-6,-1,-3,-6,-5,-3,-6,-6,-5,-4
-4,-6,-6,-1,-3,-6,-4,-3,-6,-5,-5,-4
-4,-6,-6,-2,-3,-6,-4,-2,-6,-5,-5,-4
-4,-6,-6,-2,-3,-6,-4,-2,-6,-5,-5,-4
-4,-6,-5,-2,-3,-5,-4,-2,-6,-5,-5,-4
-4,-6,-5,-2,-3,-6,-3,-2,-5,-5,-4,-4
-4,-6,-5,-2,-2,-6,-3,-2,-5,-5,-4,-4
-4,-6,-5,-2,-2,-6,-3,-2,-5,-5,-4,-4
-4,-5,-5,-2,-2,-5,-3,-2,-5,-5,-4,-4
-4,-5,-5,-2,-2,-5,-2,-2,-5,-5,-4,-4
-4,-5,-5,-2,-2,-5,-2,-2,-5,-4,-3,-4
-4,-5,-5,-3,-2,-5,-2,-2,-5,-4,-3,-4
-4,-5,-5,-3,-2,-5,-2,-2,-5,-4,-3,-4
-4,-5,-5,-3,-2,-5,-2,-1,-5,-4,-3,-4
-4,-5,-6,-3,-2,-6,-2,-1,-5,-4,-3,-4
-3,-5,-6,-3,-2,-6,-2,-1,-5,-4,-3,-4
-3,-5,-5,-3,-2,-5,-3,-2,-5,-4,-3,-4
-3,-5,-5,-3,-2,-5,-3,-2,-5,-4,-3,-4
-3,-5,-6,-3,-2,-6,-4,-2,-5,-4,-3,-4
-3,-6,-6,-3,-2,-6,-4,-2,-5,-5,-3,-4
-3,-6,-6,-3,-2,-6,-4,-2,-6,-5,-3,-4
-3,-6,-6,-3,-2,-6,-4,-2,-6,-5,-3,-4
-3,-6,-7,-3,-2,-6,-5,-2,-6,-5,-3,-4
-3,-7,-7,-2,-2,-7,-5,-2,-6,-5,-3,-4
-3,-7,-7,-2,-2,-7,-6,-2,-6,-6,-3,-4
-3,-7,-7,-2,-2,-7,-6,-2,-6,-6,-4,-4
-3,-7,-7,-2,-1,-7,-7,-2,-6,-6,-4,-5
-3,-7,-8,-2,-1,-8,-7,-2,-6,-7,-4,-5
-3,-7,-8,-2,-1,-8,-8,-3,-7,-7,-5,-5
-3,-8,-8,-2,-1,-8,-8,-3,-7,-7,-5,-5
-3,-8,-9,-2,-1,-9,-9,-3,-8,-8,-5,-5
-3,-9,-9,-2,0,-9,-9,-3,-8,-8,-5,-5
-3,-9,-9,-2,0,-9,-9,-3,-8,-8,-5,-5
-3,-9,-9,-1,0,-9,-10,-3,-8,-8,-5,-5
-3,-9,-10,-1,0,-10,-10,-3,-8,-8,-5,-5
-3,-10,-10,-1,0,-10,-10,-3,-9,-8,-5,-5
-3,-10,-11,-1,0,-11,-10,-3,-9,-8,-6,-5
-3,-10,-11,-1,0,-11,-10,-3,-9,-8,-6,-5
-3,-10,-11,-1,0,-11,-10,-3,-9,-8,-6,-5
-2,-10,-11,-1,0,-11,-10,-3,-9,-8,-6,-5
-2,-10,-12,-1,1,-11,-10,-3,-9,-8,-6,-5
-2,-10,-12,-1,1,-11,-10,-3,-10,-9,-6,-6
-2,-10,-12,-1,1,-11,-10,-3,-10,-9,-6,-6
-2,-10,-12,-1,1,-11,-10,-3,-10,-9,-6,-6
-2,-10,-12,-1,1,-11,-10,-3,-10,-9,-6,-6
-2,-9,-12,-1,1,-10,-10,-3,-10,-9,-6,-6
-2,-9,-12,-1,1,-10,-10,-3,-10,-8,-6,-5
-2,-9,-12,-1,1,-10,-10,-3,-9,-8,-5,-5
-1,-9,-12,-2,1,-10,-10,-3,-9,-8,-5,-5
-1,-8,-12,-2,1,-10,-10,-3,-9,-8,-5,-5
-1,-8,-12,-3,1,-9,-11,-3,-9,-7,-5,-5
-1,-8,-12,-3,1,-10,-11,-3,-9,-7,-5,-5
-1,-9,-12,-3,1,-10,-11,-3,-9,-7,-5,-5
-1,-9,-12,-2,1,-11,-11,-3,-9,-7,-5,-5
-1,-9,-12,-2,1,-11,-11,-3,-9,-8,-5,-5
-1,-9,-12,-2,1,-11,-10,-3,-9,-8,-5,-5
-1,-9,-12,-2,1,-11,-10,-3,-9,-8,-5,-5
-1,-9,-12,-2,1,-11,-10,-3,-9,-8,-5,-5
-1,-8,-11,-3,1,-10,-10,-3,-10,-8,-5,-5
-1,-8,-11,-3,0,-9,-10,-3,-10,-8,-5,-5
-1,-8,-11,-3,1,-9,-10,-3,-10,-8,-5,-5
-1,-8,-11,-3,1,-9,-10,-3,-9,-8,-5,-5
0,-7,-11,-3,1,-9,-10,-2,-9,-8,-5,-5
0,-7,-11,-3,0,-9,-10,-2,-9,-8,-5,-5
-1,-8,-10,-3,0,-9,-9,-3,-9,-8,-5,-5
-2,-8,-10,-2,0,-9,-9,-3,-9,-8,-6,-6
-3,-8,-9,-2,-1,-9,-9,-4,-9,-8,-6,-6
-3,-7,-8,-2,-1,-8,-9,-4,-9,-8,-6,-6
-3,-7,-7,-2,-2,-8,-9,-4,-9,-8,-6,-6
-3,-7,-7,-2,-2,-8,-9,-4,-9,-8,-6,-6
-3,-7,-7,-2,-2,-8,-9,-4,-9,-9,-6,-6
-3,-7,-7,-2,-2,-8,-9,-4,-9,-9,-6,-6
-3,-7,-8,-2,-2,-8,-9,-4,-9,-9,-6,-7
-3,-7,-8,-2,-2,-8,-9,-3,-9,-9,-6,-7
-3,-6,-7,-2,-2,-7,-9,-3,-9,-8,-6,-8
-3,-6,-7,-2,-2,-7,-9,-3,-9,-8,-6,-8
-3,-6,-7,-2,-2,-7,-9,-3,-9,-8,-6,-8
-3,-6,-7,-2,-2,-7,-9,-3,-9,-8,-6,-8
-3,-6,-7,-2,-2,-7,-9,-3,-9,-8,-6,-8
-3,-6,-6,-2,-2,-7,-9,-3,-9,-8,-6,-8
-3,-6,-6,-2,-2,-7,-9,-3,-9,-8,-6,-8
-3,-7,-7,-2,-2,-7,-9,-3,-9,-8,-6,-8
-3,-7,-7,-2,-2,-7,-9,-3,-9,-8,-6,-8
-3,-6,-7,-2,-2,-7,-9,-3,-9,-8,-7,-8
-3,-6,-7,-2,-2,-7,-9,-3,-9,-8,-7,-8
-3,-6,-7,-2,-2,-7,-9,-3,-9,-8,-7,-8
-3,-6,-7,-2,-2,-7,-9,-3,-9,-8,-7,-8
-3,-6,-7,-2,-3,-7,-9,-3,-9,-8,-7,-9
-4,-6,-7,-2,-3,-7,-9,-3,-9,-9,-7,-9
-4,-7,-7,-2,-3,-7,-9,-3,-9,-9,-7,-9
-4,-7,-7,-2,-3,-7,-9,-3,-9,-9,-7,-9
-4,-7,-6,-2,-3,-7,-9,-3,-9,-9,-7,-9
-4,-6,-6,-2,-4,-6,-9,-3,-9,-9,-7,-10
-4,-6,-6,-2,-4,-6,-9,-3,-9,-9,-7,-10
-4,-6,-6,-2,-4,-6,-9,-3,-9,-9,-7,-9
-5,-6,-5,-2,-4,-6,-9,-4,-9,-9,-7,-9
-5,-6,-5,-2,-4,-6,-9,-4,-9,-9,-7,-9
-5,-6,-6,-3,-4,-6,-9,-4,-9,-9,-7,-9
-5,-6,-6,-3,-4,-6,-9,-4,-9,-9,-7,-9
-5,-6,-5,-3,-4,-6,-9,-4,-9,-9,-7,-9
-5,-5,-5,-3,-4,-6,-9,-4,-9,-9,-7,-9
-5,-5,-5,-3,-4,-6,-9,-4,-9,-9,-7,-9
-5,-6,-6,-3,-4,-6,-9,-4,-9,-9,-7,-9
-5,-6,-6,-3,-4,-6,-9,-4,-9,-9,-7,-9
-5,-6,-6,-3,-4,-6,-9,-4,-9,-9,-7,-9
-5,-6,-6,-3,-4,-6,-9,-4,-9,-9,-7,-9
-5,-6,-6,-3,-4,-6,-9,-4,-9,-9,-7,-9
-5,-6,-6,-3,-4,-6,-9,-4,-9,-9,-7,-9
-5,-6,-5,-3,-4,-6,-9,-4,-9,-9,-7,-9
-5,-6,-5,-3,-4,-6,-9,-4,-9,-9,-7,-9
-5,-6,-6,-3,-4,-6,-9,-4,-9,-9,-7,-9
-5,-6,-6,-3,-4,-6,-9,-4,-9,-9,-7,-9
-5,-6,-6,-3,-4,-6,-9,-4,-9,-9,-7,-9
-5,-6,-6,-3,-4,-6,-9,-4,-9,-9,-7,-9
-5,-6,-6,-3,-4,-6,-9,-3,-9,-9,-7,-9
-5,-6,-6,-3,-4,-7,-9,-3,-9,-9,-7,-9
-5,-6,-5,-3,-4,-6,-9,-2,-8,-9,-8,-9
-5,-5,-5,-3,-4,-6,-8,-2,-7,-8,-8,-9
-5,-5,-5,-3,-4,-6,-7,-1,-6,-8,-8,-9
-5,-5,-5,-3,-4,-6,-6,0,-3,-6,-7,-8
-5,-5,-5,-4,-4,-5,-4,1,1,-3,-5,-8
-4,-4,-5,-4,-4,-5,-3,2,6,0,-3,-7
-4,-4,-5,-5,-4,-5,-1,5,12,4,0,-5
-2,-2,-5,-6,-4,-4,1,8,19,10,3,-4
-1,0,-4,-8,-4,-3,4,13,28,17,8,-2
0,2,-3,-10,-4,-1,8,18,38,24,13,0
1,5,-1,-13,-3,1,12,23,49,32,18,3
4,9,0,-16,-3,4,17,28,61,42,25,7
6,14,2,-19,-2,8,21,32,74,52,32,11
9,19,4,-23,-3,12,24,35,85,62,38,15
11,24,7,-27,-4,16,24,34,93,69,44,19
12,28,11,-30,-5,19,22,28,94,72,47,23
12,32,14,-32,-6,23,16,17,89,71,47,25
12,34,16,-32,-7,24,9,5,79,65,44,26
10,34,17,-32,-8,25,2,-7,63,54,38,24
7,32,18,-29,-10,24,-4,-20,44,40,29,21
3,28,18,-25,-12,23,-8,-32,22,23,18,16
-2,23,19,-21,-15,21,-11,-43,0,5,5,10
-7,18,19,-15,-18,19,-13,-53,-21,-13,-7,3
-12,13,19,-10,-20,16,-14,-60,-38,-27,-17,-2
-15,9,19,-6,-22,14,-14,-63,-47,-36,-25,-6
-18,6,19,-3,-23,12,-11,-63,-52,-41,-29,-10
-20,3,18,-1,-24,10,-7,-61,-52,-43,-32,-12
-22,1,18,0,-25,9,0,-56,-49,-43,-33,-14
-24,0,17,2,-25,8,7,-50,-45,-41,-32,-15
-25,-2,17,3,-26,7,15,-42,-39,-39,-32,-16
-26,-3,17,4,-26,6,24,-35,-34,-36,-31,-18
-27,-5,16,5,-26,5,33,-29,-29,-34,-31,-19
-27,-6,16,6,-26,4,40,-24,-25,-32,-30,-20
-28,-6,16,6,-27,4,44,-21,-23,-31,-29,-20
-28,-6,16,6,-27,4,47,-19,-21,-30,-29,-21
-28,-6,16,6,-27,4,49,-18,-20,-29,-28,-21
-28,-7,15,7,-27,3,50,-18,-19,-28,-28,-21
-28,-7,15,7,-27,3,51,-18,-19,-28,-28,-21
-28,-7,15,7,-27,3,52,-18,-18,-27,-28,-22
-29,-7,15,7,-27,3,54,-18,-18,-27,-28,-22
-29,-7,15,7,-27,3,55,-18,-18,-27,-27,-22
-29,-7,15,7,-28,3,56,-17,-17,-26,-27,-22
-29,-7,15,7,-28,3,57,-17,-17,-26,-27,-22
-29,-7,15,7,-28,3,58,-17,-16,-25,-26,-21
-29,-8,15,7,-28,3,59,-17,-16,-25,-26,-21
-29,-8,15,7,-28,3,58,-17,-16,-25,-26,-21
-29,-8,15,7,-28,3,55,-18,-16,-24,-26,-21
-29,-8,14,7,-27,3,51,-18,-17,-24,-26,-21
-29,-8,14,7,-27,3,47,-19,-17,-24,-25,-21
-28,-8,13,6,-26,2,43,-20,-17,-24,-25,-21
-27,-8,12,6,-25,1,38,-21,-18,-24,-24,-21
-26,-8,11,5,-24,1,32,-21,-18,-24,-24,-20
-24,-8,10,5,-22,0,26,-21,-19,-23,-23,-19
-23,-8,8,4,-21,0,20,-21,-20,-23,-22,-18
-21,-8,7,3,-20,0,14,-21,-20,-22,-21,-17
-20,-7,6,2,-19,0,8,-20,-20,-21,-20,-16
-18,-7,4,1,-17,-1,4,-20,-19,-20,-19,-16
-16,-6,3,0,-16,-1,0,-19,-19,-19,-18,-15
-15,-5,3,-1,-15,-1,-3,-19,-18,-19,-18,-15
-14,-5,2,-2,-14,-1,-6,-18,-18,-18,-17,-15
-13,-5,1,-2,-13,-2,-8,-18,-17,-17,-16,-14
-12,-5,0,-3,-11,-3,-9,-16,-17,-17,-16,-14
-11,-5,-1,-3,-10,-3,-10,-15,-16,-16,-15,-13
-10,-5,-2,-4,-10,-4,-11,-13,-16,-15,-14,-13
-9,-5,-2,-4,-9,-4,-11,-12,-15,-14,-13,-12
-9,-5,-3,-5,-9,-5,-11,-11,-15,-14,-13,-12
-8,-5,-3,-5,-8,-5,-12,-11,-14,-13,-12,-12
-7,-5,-4,-6,-8,-5,-12,-10,-14,-13,-12,-12
-6,-5,-4,-6,-7,-5,-13,-10,-13,-12,-12,-12
-6,-5,-5,-6,-7,-5,-13,-10,-13,-12,-12,-11
-6,-5,-5,-6,-7,-5,-13,-10,-13,-12,-12,-11
-6,-5,-5,-6,-7,-5,-13,-9,-13,-12,-11,-11
-6,-5,-5,-6,-7,-5,-13,-9,-13,-11,-11,-11
-6,-5,-6,-6,-6,-6,-14,-9,-13,-11,-11,-11
-6,-6,-6,-6,-6,-6,-14,-9,-12,-11,-10,-11
-6,-6,-6,-6,-6,-6,-14,-9,-12,-11,-10,-11
-6,-6,-6,-7,-6,-6,-14,-9,-12,-11,-10,-11
-6,-6,-7,-7,-5,-6,-15,-9,-12,-11,-10,-11
-6,-6,-7,-7,-5,-6,-15,-9,-12,-11,-10,-11
-6,-6,-7,-7,-5,-7,-15,-9,-12,-11,-10,-10
-6,-6,-8,-7,-5,-7,-16,-9,-12,-11,-10,-10
-5,-7,-8,-7,-5,-7,-16,-9,-12,-11,-10,-10
-5,-7,-8,-7,-5,-7,-16,-9,-12,-11,-10,-10
-5,-6,-8,-7,-5,-7,-16,-9,-12,-11,-10,-10
-5,-6,-7,-7,-6,-7,-16,-9,-12,-11,-10,-10
-5,-7,-7,-7,-6,-7,-16,-9,-12,-11,-10,-10
-5,-7,-8,-7,-5,-8,-16,-9,-12,-11,-10,-10
-5,-7,-9,-7,-5,-8,-16,-9,-11,-11,-10,-10
-5,-7,-9,-7,-5,-8,-16,-9,-11,-11,-10,-10
-5,-7,-9,-7,-5,-8,-17,-8,-11,-11,-10,-10
-5,-7,-9,-7,-5,-8,-17,-8,-11,-11,-10,-10
-5,-7,-9,-7,-5,-8,-17,-8,-11,-11,-10,-10
-5,-7,-8,-8,-5,-7,-17,-8,-11,-11,-10,-10
-5,-7,-8,-8,-5,-7,-17,-8,-11,-11,-10,-10
-5,-7,-8,-8,-5,-7,-17,-8,-11,-11,-10,-9
-5,-7,-8,-8,-5,-8,-17,-8,-11,-11,-10,-9
-5,-7,-8,-8,-5,-8,-17,-8,-11,-11,-10,-9
-5,-7,-8,-8,-5,-7,-18,-8,-11,-11,-10,-9
-5,-7,-8,-8,-5,-7,-18,-8,-11,-11,-10,-9
-5,-7,-8,-8,-5,-7,-18,-8,-11,-11,-9,-9
-5,-7,-8,-8,-5,-7,-18,-8,-11,-11,-9,-9
-5,-6,-8,-8,-5,-7,-18,-8,-11,-11,-9,-9
-5,-6,-8,-8,-5,-7,-18,-8,-11,-11,-9,-9
-5,-6,-8,-8,-5,-7,-17,-8,-11,-11,-9,-9
-5,-6,-8,-8,-5,-7,-17,-8,-11,-11,-9,-9
-5,-6,-8,-8,-5,-7,-18,-8,-11,-11,-9,-9
-5,-6,-8,-8,-5,-7,-18,-8,-11,-11,-9,-9
-5,-6,-8,-9,-5,-7,-18,-8,-11,-11,-9,-9
-5,-6,-8,-9,-6,-6,-18,-8,-11,-11,-9,-10
-5,-5,-7,-9,-6,-6,-19,-8,-11,-11,-9,-10
-5,-5,-7,-9,-6,-6,-19,-8,-11,-11,-9,-10
-5,-5,-7,-9,-6,-7,-18,-8,-11,-11,-9,-10
-5,-5,-7,-9,-6,-7,-18,-8,-11,-11,-9,-10
-5,-5,-7,-10,-6,-7,-18,-8,-11,-11,-9,-10
-5,-5,-8,-10,-6,-7,-18,-8,-12,-11,-9,-10
-5,-5,-8,-10,-6,-7,-18,-8,-12,-11,-9,-10
-5,-5,-8,-10,-6,-7,-18,-8,-12,-10,-9,-10
-5,-5,-8,-10,-6,-7,-18,-8,-12,-10,-9,-10
-5,-5,-8,-10,-6,-7,-18,-8,-12,-10,-9,-10
-5,-5,-8,-10,-6,-7,-18,-8,-12,-10,-9,-10
-4,-5,-8,-10,-6,-7,-19,-8,-12,-10,-9,-10
-4,-5,-8,-10,-6,-7,-19,-8,-11,-9,-9,-10
-4,-5,-8,-10,-6,-7,-19,-8,-11,-9,-9,-10
-4,-5,-8,-10,-6,-7,-18,-8,-11,-9,-8,-10
-4,-5,-8,-11,-6,-7,-18,-8,-11,-9,-8,-10
-4,-5,-8,-11,-6,-6,-18,-8,-11,-8,-8,-10
-4,-5,-8,-11,-6,-6,-18,-8,-11,-8,-8,-10
-4,-5,-8,-11,-6,-6,-18,-8,-11,-8,-8,-10
-4,-5,-8,-11,-6,-6,-18,-8,-11,-8,-8,-10
-4,-5,-8,-11,-6,-6,-19,-8,-11,-8,-8,-10
-4,-5,-8,-11,-6,-6,-19,-8,-10,-8,-8,-10
-4,-5,-8,-11,-6,-6,-19,-8,-10,-8,-8,-10
-4,-5,-8,-11,-6,-6,-19,-8,-10,-8,-8,-10
-4,-5,-8,-12,-6,-6,-19,-8,-10,-8,-8,-10
-4,-4,-8,-12,-6,-6,-19,-8,-10,-8,-8,-9
-4,-4,-8,-12,-6,-6,-19,-8,-10,-7,-7,-9
-4,-4,-8,-12,-6,-6,-19,-7,-9,-7,-7,-9
-4,-4,-8,-12,-6,-6,-19,-7,-9,-7,-7,-9
-4,-4,-8,-12,-6,-6,-19,-7,-9,-7,-7,-9
-4,-4,-8,-12,-6,-6,-18,-7,-9,-6,-7,-8
-4,-4,-8,-12,-6,-6,-18,-7,-9,-6,-6,-8
-4,-4,-8,-12,-6,-6,-18,-7,-8,-6,-6,-8
-4,-3,-8,-13,-6,-6,-18,-7,-8,-6,-6,-7
-4,-3,-8,-13,-6,-6,-18,-6,-8,-6,-6,-7
-4,-4,-8,-13,-6,-6,-18,-6,-7,-6,-6,-7
-4,-4,-8,-13,-6,-6,-18,-6,-7,-5,-6,-7
-4,-3,-8,-13,-6,-6,-18,-6,-7,-5,-6,-6
-4,-3,-8,-13,-6,-6,-18,-6,-6,-5,-6,-6
-4,-3,-8,-13,-6,-6,-18,-6,-6,-4,-5,-6
-4,-3,-8,-13,-6,-6,-18,-6,-6,-4,-5,-6
-3,-2,-8,-14,-6,-6,-18,-6,-6,-4,-5,-6
-3,-2,-8,-14,-6,-5,-18,-6,-6,-4,-5,-6
-3,-2,-8,-15,-6,-5,-18,-6,-5,-3,-4,-6
-3,-2,-8,-15,-6,-5,-18,-6,-5,-3,-4,-6
-3,-1,-8,-15,-6,-5,-18,-6,-4,-2,-4,-5
-3,-1,-8,-16,-6,-4,-18,-6,-4,-2,-3,-5
-2,-1,-8,-16,-6,-4,-18,-6,-4,-2,-3,-5
-2,-1,-8,-16,-6,-4,-19,-6,-4,-2,-2,-5
-2,-1,-8,-17,-6,-4,-19,-6,-4,-2,-2,-5
-1,0,-8,-17,-6,-4,-19,-6,-4,-1,-2,-4
-1,0,-8,-17,-6,-4,-19,-5,-4,-1,-2,-4
-1,0,-8,-18,-6,-4,-20,-5,-3,-1,-2,-3
-1,0,-8,-18,-6,-4,-20,-6,-3,-1,-2,-3
-1,1,-7,-18,-6,-4,-20,-6,-3,-1,-2,-3
-1,1,-7,-18,-6,-4,-20,-6,-3,0,-2,-3
-1,1,-7,-18,-6,-4,-20,-6,-3,0,-1,-3
-1,1,-7,-19,-6,-4,-20,-6,-3,0,-1,-3
