leadI,leadII,leadIII,leadaVR,leadaVL,leadaVF,leadV1,leadV2,leadV3,leadV4,leadV5,leadV6
0,0,0,0,0,0,-1,-1,-2,-1,-2,-2
-1,0,1,1,-1,0,-3,-2,-5,-2,-4,-4
-2,0,2,1,-2,1,-4,-2,-6,-2,-4,-3
-2,0,3,1,-3,2,-5,-2,-6,-1,-2,1
-2,0,3,1,-3,1,-5,-1,-5,2,4,8
-2,-1,2,1,-2,0,-6,1,-2,6,11,17
-1,-1,0,1,-1,0,-6,3,0,10,18,25
1,0,-1,-1,1,0,-5,7,1,14,26,35
4,2,-2,-3,3,0,-5,10,3,19,35,47
7,3,-4,-5,6,-1,-6,12,3,22,44,60
9,2,-7,-6,8,-2,-8,13,1,24,52,74
11,2,-9,-7,11,-3,-9,14,0,25,59,86
14,1,-13,-7,13,-5,-9,14,-3,25,65,96
15,-1,-17,-7,16,-9,-10,15,-6,25,70,104
17,-4,-22,-7,20,-13,-11,15,-11,23,73,110
19,-7,-28,-7,24,-17,-12,16,-16,21,75,115
22,-10,-33,-7,28,-22,-13,17,-21,18,76,118
24,-14,-39,-6,32,-26,-13,18,-26,15,76,119
26,-19,-45,-4,36,-32,-14,19,-30,14,76,119
29,-23,-52,-4,41,-37,-14,20,-31,14,75,117
33,-26,-59,-4,46,-42,-15,22,-32,15,73,111
35,-28,-65,-4,50,-46,-15,23,-32,15,69,100
37,-31,-69,-3,54,-49,-14,25,-31,15,61,85
38,-34,-73,-2,56,-52,-13,28,-29,14,52,66
38,-37,-75,0,57,-56,-13,30,-28,13,42,46
37,-41,-78,1,58,-59,-11,32,-27,11,31,26
37,-45,-82,4,60,-64,-9,35,-27,8,19,5
36,-51,-86,7,61,-69,-6,37,-27,4,5,-17
34,-57,-90,11,62,-73,-2,39,-27,0,-8,-39
31,-62,-92,16,62,-77,1,42,-26,-3,-21,-60
28,-66,-93,20,60,-79,5,44,-25,-6,-33,-78
24,-68,-93,22,58,-80,9,47,-24,-8,-44,-93
21,-69,-91,24,56,-80,13,50,-23,-10,-53,-105
19,-70,-88,25,54,-79,17,53,-21,-12,-61,-115
17,-69,-85,26,51,-78,21,55,-21,-16,-69,-123
13,-70,-82,28,47,-77,25,56,-23,-23,-79,-131
8,-72,-80,32,43,-76,27,56,-28,-33,-91,-138
2,-74,-76,35,39,-75,30,54,-33,-44,-103,-145
-3,-75,-72,39,34,-74,33,52,-38,-56,-116,-152
-7,-75,-69,41,31,-72,37,48,-45,-69,-129,-158
-10,-75,-65,42,27,-70,41,43,-51,-81,-140,-164
-14,-75,-61,44,23,-68,44,37,-56,-91,-148,-168
-16,-74,-58,44,21,-66,48,32,-59,-98,-153,-169
-17,-73,-55,44,19,-64,50,29,-60,-101,-155,-168
-19,-72,-52,44,17,-62,50,26,-59,-102,-153,-165
-22,-70,-47,45,13,-58,49,22,-58,-102,-151,-160
-25,-67,-42,45,9,-54,49,19,-58,-102,-148,-157
-27,-63,-36,45,5,-49,50,16,-59,-102,-146,-153
-29,-59,-30,44,1,-44,51,12,-59,-102,-143,-149
-31,-57,-25,44,-2,-41,52,8,-60,-102,-141,-145
-33,-55,-21,44,-5,-38,53,4,-62,-102,-137,-141
-34,-52,-17,43,-8,-35,54,0,-63,-101,-132,-135
-35,-49,-13,42,-10,-31,54,-3,-62,-99,-127,-129
-36,-46,-9,41,-13,-28,56,-4,-61,-96,-121,-122
-36,-44,-7,40,-14,-26,57,-4,-59,-93,-115,-116
-36,-42,-6,40,-15,-25,59,-3,-57,-89,-109,-110
-35,-41,-6,38,-14,-24,61,-2,-55,-84,-103,-104
-34,-39,-5,36,-14,-22,64,0,-52,-79,-97,-98
-33,-36,-2,34,-15,-20,67,1,-49,-74,-90,-92
-32,-33,0,32,-15,-17,70,1,-46,-70,-85,-87
-33,-33,1,33,-16,-16,72,1,-44,-68,-81,-83
-35,-33,1,34,-18,-16,74,0,-44,-67,-78,-81
-34,-32,1,34,-18,-15,76,-2,-45,-66,-76,-78
-33,-31,1,33,-17,-15,79,-3,-45,-65,-73,-76
-33,-30,2,33,-18,-14,83,-1,-45,-62,-70,-73
-34,-30,2,33,-18,-14,88,1,-43,-59,-66,-69
-34,-31,2,33,-18,-14,92,3,-41,-55,-62,-65
-33,-32,1,33,-17,-15,96,6,-40,-51,-57,-61
-33,-33,0,33,-17,-16,100,8,-38,-48,-54,-58
-32,-33,0,33,-16,-16,105,10,-37,-46,-51,-55
-32,-33,-1,33,-16,-16,110,10,-36,-44,-49,-52
-33,-34,-2,33,-15,-17,113,8,-35,-43,-47,-50
-33,-35,-2,34,-15,-18,113,5,-35,-42,-46,-48
-33,-35,-1,34,-15,-19,111,0,-35,-42,-44,-46
-33,-35,-1,34,-15,-19,107,-7,-35,-41,-42,-44
-31,-34,-1,32,-15,-18,102,-12,-35,-40,-40,-42
-30,-33,-2,31,-14,-18,97,-18,-37,-39,-38,-41
-29,-33,-2,31,-14,-17,90,-24,-39,-40,-38,-41
-30,-32,-2,31,-14,-17,82,-29,-40,-41,-37,-40
-30,-31,-1,30,-14,-15,73,-32,-41,-40,-36,-39
-28,-28,0,28,-13,-14,63,-33,-40,-39,-34,-36
-25,-25,0,25,-12,-12,53,-33,-38,-36,-31,-34
-22,-21,0,22,-11,-11,41,-32,-35,-33,-27,-31
-19,-18,1,19,-10,-9,30,-30,-32,-29,-23,-27
-17,-15,2,16,-10,-6,22,-27,-29,-24,-19,-24
-15,-12,3,14,-10,-3,16,-22,-25,-20,-14,-21
-14,-9,5,12,-10,-1,10,-18,-21,-16,-11,-18
-13,-6,7,10,-9,1,4,-14,-18,-13,-8,-15
-10,-2,8,7,-8,3,0,-10,-15,-10,-5,-12
-9,0,8,5,-8,4,-4,-7,-12,-8,-3,-10
-8,0,8,4,-8,4,-6,-5,-10,-5,-1,-8
-6,1,8,2,-7,5,-8,-3,-8,-3,1,-6
-5,3,8,0,-6,6,-10,-1,-6,0,4,-5
-5,3,9,0,-7,6,-11,0,-5,1,5,-4
-5,3,9,0,-7,7,-13,0,-4,1,6,-4
-5,4,10,0,-7,7,-14,1,-4,1,6,-4
-5,5,10,0,-7,7,-15,1,-4,1,6,-3
-5,6,10,0,-6,7,-16,1,-3,1,6,-3
-4,6,10,-1,-6,7,-17,1,-3,2,7,-3
-3,7,10,-1,-6,7,-17,1,-2,3,8,-3
-3,7,10,-2,-6,8,-17,1,-2,3,9,-2
-3,7,10,-2,-6,8,-18,1,-2,4,9,-2
-3,7,10,-2,-6,9,-18,1,-2,4,10,-2
-2,8,10,-3,-5,9,-18,1,-2,5,10,-2
-2,8,9,-3,-4,9,-19,1,-2,5,10,-2
-1,9,9,-4,-4,9,-19,1,-2,5,10,-2
-1,9,10,-4,-5,10,-19,1,-1,5,10,-1
-1,8,10,-3,-6,9,-19,0,-1,5,10,-2
-2,8,10,-3,-6,9,-20,0,-1,5,10,-2
-2,8,10,-3,-6,10,-20,0,-1,5,10,-2
-3,8,11,-2,-7,10,-20,0,-1,6,11,-1
-4,8,12,-2,-8,10,-20,0,0,6,11,-1
-5,8,13,-2,-8,10,-20,-1,0,6,12,-1
-5,8,13,-2,-8,10,-21,-1,0,6,12,-1
-4,9,13,-3,-8,11,-21,-1,0,6,12,0
-3,10,13,-3,-8,11,-21,-1,0,7,13,0
-2,10,13,-3,-8,12,-21,-1,0,8,13,0
-2,11,13,-4,-8,12,-21,-1,0,9,14,0
-2,11,13,-4,-8,12,-22,-2,0,9,14,0
-3,10,13,-3,-8,12,-22,-2,0,9,14,0
-3,10,13,-3,-8,12,-22,-2,0,9,14,1
-2,11,14,-4,-7,12,-22,-2,0,10,15,2
-2,12,14,-5,-8,13,-22,-2,0,10,16,2
-3,12,15,-4,-9,14,-22,-2,0,11,16,3
-2,13,15,-6,-9,14,-23,-2,0,11,17,3
0,15,15,-7,-8,15,-23,-2,0,11,17,4
0,15,15,-7,-8,15,-23,-2,0,11,17,4
0,14,15,-7,-8,14,-24,-3,0,12,18,4
0,15,15,-7,-7,15,-24,-3,1,12,19,5
0,16,15,-8,-7,15,-24,-3,2,13,19,6
0,16,15,-9,-7,16,-24,-3,2,14,19,6
0,16,15,-8,-8,16,-25,-3,2,14,19,7
-1,16,16,-8,-9,16,-26,-4,2,14,20,7
-1,16,17,-8,-9,16,-26,-4,2,14,20,8
-1,17,18,-8,-9,17,-26,-4,2,14,21,8
0,19,19,-10,-9,18,-25,-4,3,15,22,9
2,20,19,-11,-8,19,-25,-4,4,16,23,11
3,21,18,-12,-7,20,-26,-4,5,17,24,12
3,21,18,-12,-7,20,-26,-5,5,17,24,12
3,22,19,-13,-8,21,-26,-5,6,18,25,13
3,23,20,-13,-8,22,-27,-5,6,18,26,14
3,24,21,-13,-9,23,-27,-4,7,19,27,15
2,24,21,-13,-9,23,-28,-5,7,19,28,16
1,23,22,-12,-10,22,-29,-5,7,20,28,16
0,22,22,-11,-11,23,-30,-6,7,20,29,17
1,24,23,-13,-11,24,-30,-5,8,21,30,19
3,26,24,-14,-10,25,-30,-5,9,23,32,20
3,26,24,-14,-10,25,-30,-5,9,23,32,21
2,26,24,-14,-11,25,-31,-6,9,23,32,22
3,26,24,-14,-11,25,-32,-7,10,23,33,22
3,27,24,-15,-10,25,-32,-7,10,23,33,23
4,27,23,-16,-9,25,-33,-7,11,24,34,23
5,28,23,-17,-9,26,-34,-7,11,24,35,24
4,28,24,-16,-10,26,-34,-7,11,25,36,25
3,28,25,-15,-11,27,-35,-7,11,25,37,27
3,28,26,-16,-11,27,-36,-7,12,26,38,28
3,29,26,-16,-11,27,-36,-7,12,27,39,29
3,29,26,-16,-11,27,-37,-7,12,27,39,30
4,29,25,-16,-11,27,-37,-7,12,28,40,30
6,30,25,-18,-10,28,-38,-6,13,28,40,31
7,31,24,-19,-9,28,-38,-6,13,29,41,32
7,31,24,-19,-8,28,-38,-5,14,30,42,33
8,31,24,-20,-8,28,-39,-5,14,30,43,33
9,32,23,-21,-7,28,-40,-4,14,31,44,34
9,33,23,-21,-7,29,-40,-4,15,32,45,35
10,34,23,-21,-7,29,-40,-3,16,33,45,36
11,33,22,-21,-6,28,-41,-3,16,34,46,36
11,33,22,-21,-6,28,-41,-2,16,34,46,36
10,32,22,-21,-6,28,-42,-2,16,34,46,36
10,32,23,-21,-7,28,-42,-1,16,35,47,36
11,32,22,-21,-6,28,-43,0,16,36,47,37
12,32,21,-22,-5,27,-44,0,16,36,47,37
12,31,20,-21,-4,26,-44,1,17,37,47,37
12,31,19,-21,-3,25,-44,2,17,37,47,37
12,31,18,-21,-3,25,-44,3,17,38,47,37
13,31,17,-21,-2,25,-44,4,18,38,47,37
14,31,17,-22,-2,25,-43,5,19,39,47,37
14,30,16,-22,-1,24,-42,6,19,39,47,36
14,29,16,-22,-1,23,-42,7,19,39,47,36
14,29,16,-23,-1,23,-42,8,20,40,48,37
15,30,15,-23,0,23,-41,9,20,41,48,37
15,30,15,-23,0,23,-41,10,21,41,47,37
16,30,14,-23,1,23,-40,11,21,41,47,37
16,29,13,-22,1,22,-39,12,20,41,46,35
15,27,12,-21,1,21,-39,13,20,40,45,34
15,26,11,-21,2,19,-38,13,20,40,44,33
16,26,11,-21,2,19,-37,14,20,39,44,32
15,25,10,-21,2,18,-37,15,20,39,43,31
15,25,10,-21,3,18,-36,15,19,39,43,31
17,26,9,-21,4,18,-35,16,19,39,42,30
16,25,8,-21,4,17,-34,16,19,38,41,29
15,24,8,-20,4,16,-33,17,19,38,40,28
15,23,8,-19,4,16,-32,18,19,37,39,27
15,22,7,-18,4,15,-31,18,18,37,38,26
14,20,6,-17,4,13,-31,18,17,35,36,24
12,17,5,-15,3,11,-30,17,16,34,34,22
12,16,5,-14,3,11,-29,17,15,33,33,21
13,17,4,-15,4,11,-28,18,15,32,32,20
13,17,4,-15,4,11,-27,19,15,32,31,19
11,15,4,-13,3,10,-26,18,15,31,30,18
10,14,3,-12,2,9,-25,18,14,30,28,16
10,13,3,-11,3,9,-24,18,13,29,27,15
11,13,2,-11,4,8,-22,18,13,28,27,14
11,13,2,-11,4,8,-20,18,13,28,26,13
11,13,2,-12,5,8,-19,18,13,27,25,12
11,12,1,-11,5,7,-17,18,12,26,24,11
10,11,1,-11,5,7,-17,18,12,25,22,10
10,11,0,-10,5,7,-16,17,11,24,21,10
10,11,1,-10,4,7,-14,17,11,24,21,9
9,10,1,-9,4,6,-14,16,10,23,20,8
8,8,0,-8,4,5,-14,15,8,21,18,6
8,8,0,-8,4,5,-13,14,7,20,17,5
7,8,1,-8,3,5,-12,13,6,18,16,5
7,8,0,-8,3,4,-11,12,5,17,15,4
9,8,-1,-9,4,3,-11,11,4,15,13,3
9,7,-2,-8,5,3,-11,10,4,15,12,2
8,6,-1,-7,4,3,-10,10,3,14,12,1
6,6,0,-5,2,3,-9,9,3,14,11,1
5,6,0,-5,2,3,-9,8,2,13,11,0
5,6,1,-5,2,3,-8,8,2,13,10,0
5,6,0,-5,2,3,-7,7,1,12,10,0
5,5,0,-5,3,2,-7,5,1,11,9,-1
5,4,0,-4,2,2,-7,4,0,10,9,-2
4,3,0,-3,2,2,-7,3,0,9,8,-3
5,3,-1,-3,2,2,-7,2,0,8,7,-4
6,3,-1,-4,3,1,-7,1,0,7,6,-4
6,4,-1,-4,3,2,-6,0,0,7,5,-4
5,4,-1,-4,3,2,-6,0,0,7,5,-4
6,4,-1,-5,3,2,-6,0,0,6,5,-4
5,3,-1,-4,3,2,-6,-1,0,6,4,-5
2,1,0,-2,1,1,-6,-2,0,5,4,-5
1,0,0,-1,0,0,-6,-2,0,4,3,-6
0,0,0,0,0,0,-6,-3,0,4,3,-6
0,0,0,0,0,0,-6,-4,0,4,3,-6
2,2,0,-2,1,1,-6,-4,0,4,3,-6
3,3,0,-3,2,1,-6,-4,0,4,3,-6
1,2,0,-1,1,0,-6,-5,-1,3,2,-6
0,1,0,0,0,0,-6,-5,-1,3,2,-6
1,1,0,-1,0,1,-6,-6,0,4,2,-6
1,2,0,-2,0,2,-6,-6,0,4,3,-5
2,3,0,-3,1,2,-5,-6,0,4,3,-5
2,3,1,-3,1,2,-5,-6,0,4,4,-5
1,3,1,-2,0,2,-5,-6,0,4,4,-5
1,3,2,-2,0,2,-5,-6,0,5,4,-5
2,3,1,-2,1,2,-5,-6,0,5,4,-5
2,2,0,-2,1,2,-5,-6,0,5,4,-5
2,2,1,-2,1,2,-5,-7,0,5,4,-5
2,2,1,-2,1,2,-5,-7,0,5,4,-4
2,3,1,-3,1,3,-5,-7,0,5,4,-4
2,3,1,-3,0,3,-6,-7,0,5,4,-4
2,3,1,-3,1,3,-6,-7,0,5,4,-4
2,4,1,-3,1,3,-6,-7,0,5,4,-4
2,3,1,-3,1,3,-6,-7,0,5,4,-4
2,3,1,-3,1,3,-6,-8,0,5,4,-4
3,3,0,-4,1,3,-6,-8,0,5,4,-3
3,3,0,-3,1,2,-6,-8,0,5,4,-3
2,2,0,-2,1,2,-6,-8,0,5,4,-3
2,3,1,-2,0,2,-5,-7,0,5,4,-3
3,3,1,-3,1,2,-5,-7,0,5,4,-3
4,4,0,-3,2,2,-6,-8,0,5,4,-3
3,4,0,-3,2,2,-6,-8,0,5,4,-3
3,4,1,-3,1,2,-6,-7,1,5,5,-2
2,3,1,-2,1,2,-6,-7,1,5,5,-2
0,2,1,-1,0,2,-6,-7,1,5,5,-2
0,1,2,-1,0,2,-5,-7,1,5,5,-2
1,2,1,-2,0,2,-5,-7,1,5,5,-2
2,3,1,-2,1,1,-5,-7,1,5,4,-3
2,2,0,-2,1,0,-5,-7,0,4,4,-3
2,1,0,-1,1,0,-6,-7,0,4,4,-3
2,2,0,-2,1,1,-5,-6,0,5,5,-2
3,3,1,-3,1,2,-5,-6,1,6,6,-1
4,4,1,-4,2,2,-4,-5,0,6,6,-1
4,4,1,-4,2,2,-4,-5,0,6,6,-1
4,4,1,-4,2,3,-3,-5,0,6,7,-1
5,5,1,-5,2,3,-3,-4,1,7,7,0
5,5,1,-5,2,3,-3,-4,1,7,7,0
5,5,1,-5,2,3,-3,-4,1,7,7,0
5,5,1,-4,2,3,-3,-4,2,7,7,0
4,5,1,-4,2,3,-3,-4,2,7,7,0
5,6,1,-5,2,3,-2,-4,2,7,8,0
6,7,1,-7,3,4,-2,-3,3,8,8,0
5,6,1,-6,2,4,-1,-3,3,8,8,0
4,6,1,-5,2,4,-1,-3,4,8,8,0
6,8,1,-7,2,5,0,-2,4,8,8,0
7,8,1,-7,3,5,0,-2,4,8,8,0
6,8,2,-7,2,5,-1,-3,4,8,8,0
5,8,3,-6,1,5,-1,-3,4,8,8,0
5,8,3,-6,1,6,0,-3,4,8,8,0
5,8,3,-7,1,6,0,-3,4,8,8,0
6,9,3,-7,1,6,0,-3,4,8,8,0
6,9,3,-7,1,6,0,-3,4,8,8,0
5,8,3,-6,1,6,-1,-4,3,7,8,0
4,7,3,-5,1,5,-3,-5,2,6,7,-1
5,7,3,-6,1,5,-4,-5,2,6,7,-1
5,8,3,-6,1,6,-6,-6,2,5,7,-1
6,8,3,-7,1,6,-7,-6,1,5,7,-1
6,8,2,-7,2,5,-9,-7,1,4,7,-1
6,7,1,-6,2,5,-10,-8,0,4,6,-2
5,6,1,-5,1,4,-12,-9,0,3,6,-2
3,5,1,-4,1,4,-13,-10,0,3,5,-3
2,4,2,-3,1,3,-15,-10,0,2,4,-3
2,5,2,-3,1,4,-15,-11,0,2,4,-2
4,6,2,-5,1,4,-15,-11,0,3,4,-2
6,7,2,-7,2,4,-16,-11,0,3,4,-2
7,8,0,-7,3,4,-17,-12,0,2,4,-2
7,7,0,-7,3,3,-18,-12,-1,2,3,-3
6,5,0,-5,3,2,-19,-12,-1,1,3,-3
4,4,0,-4,2,1,-19,-12,-1,0,3,-3
6,5,-1,-5,4,2,-19,-12,-1,1,3,-3
9,8,-1,-8,5,3,-18,-11,0,1,4,-2
10,9,-1,-9,5,3,-18,-11,-1,1,4,-2
8,8,0,-8,4,3,-18,-11,-1,1,4,-2
6,7,0,-6,2,3,-18,-11,-1,1,4,-2
5,6,0,-5,2,3,-18,-11,-1,0,3,-2
6,5,-1,-5,3,2,-17,-11,-1,1,3,-1
6,6,-1,-5,3,3,-16,-10,-1,1,4,0
7,6,-1,-6,3,3,-15,-10,0,1,4,0
6,5,-1,-5,3,2,-15,-10,0,1,4,0
5,4,0,-4,3,2,-14,-10,0,0,3,-1
5,4,0,-4,2,2,-14,-10,0,0,3,-1
5,3,0,-4,2,1,-14,-10,0,0,3,-1
4,2,-1,-3,2,1,-14,-10,1,0,3,-2
3,2,-1,-2,2,1,-13,-10,1,0,3,-2
2,1,0,-1,1,1,-12,-9,1,0,3,-2
1,1,0,0,0,1,-11,-9,2,0,3,-1
1,0,0,0,0,1,-11,-9,2,0,3,-1
1,0,-1,0,1,0,-11,-9,2,0,2,-1
1,0,-1,0,1,0,-11,-10,1,-1,2,-2
1,-1,-2,0,1,-1,-11,-10,0,-2,1,-2
2,0,-2,0,1,-1,-11,-10,1,-2,1,-3
3,0,-2,-1,2,-1,-11,-10,1,-1,1,-3
2,0,-2,0,2,-1,-11,-11,1,-2,1,-3
0,-2,-3,1,1,-2,-11,-12,1,-2,0,-4
1,-2,-3,1,2,-2,-11,-12,1,-2,0,-4
1,-2,-3,1,2,-2,-11,-12,1,-2,1,-3
0,-4,-3,3,1,-3,-11,-12,1,-3,0,-4
0,-5,-4,3,1,-4,-11,-13,0,-3,0,-4
1,-4,-4,2,2,-4,-11,-12,1,-3,0,-4
1,-3,-4,1,2,-4,-11,-12,1,-3,0,-4
1,-3,-4,1,2,-4,-12,-12,1,-3,0,-5
1,-2,-4,0,2,-4,-12,-12,1,-3,0,-5
1,-2,-4,0,3,-3,-11,-12,1,-3,0,-5
0,-2,-3,1,2,-3,-11,-12,2,-3,0,-4
0,-2,-3,1,1,-2,-11,-12,2,-3,0,-4
0,-2,-3,1,1,-2,-11,-12,3,-2,0,-4
0,-2,-2,1,1,-2,-11,-12,3,-2,0,-4
0,-2,-2,1,1,-2,-11,-12,3,-2,0,-4
1,-1,-2,0,1,-2,-11,-12,3,-2,1,-4
1,-1,-2,0,1,-2,-11,-13,3,-2,1,-4
1,-1,-2,0,2,-2,-10,-13,3,-2,1,-4
2,-1,-2,0,2,-2,-10,-13,3,-2,2,-3
2,-1,-2,0,2,-2,-9,-13,4,-1,2,-3
2,0,-2,-1,2,-1,-9,-13,4,-1,2,-3
3,0,-2,-1,2,0,-8,-12,5,0,3,-2
3,1,-2,-1,2,0,-8,-12,5,0,3,-1
2,0,-2,0,1,0,-9,-13,5,0,2,-2
1,0,-2,0,1,-1,-9,-13,5,0,2,-2
1,-1,-2,0,1,-1,-9,-13,5,0,2,-2
0,-1,-2,1,1,-2,-9,-13,5,0,2,-2
0,-2,-2,1,1,-2,-9,-14,4,0,2,-2
0,-3,-2,2,1,-2,-10,-14,4,-1,1,-2
0,-3,-3,2,1,-3,-10,-15,4,-1,1,-2
1,-2,-3,1,1,-2,-9,-15,4,0,1,-2
1,-2,-2,1,1,-2,-9,-15,4,0,1,-2
0,-2,-2,1,0,-2,-9,-15,4,0,1,-2
0,-1,-1,1,0,-1,-9,-15,4,0,1,-2
0,-1,-1,1,0,-1,-8,-15,4,-1,1,-2
-1,-1,0,1,-1,-1,-8,-16,4,-1,0,-3
-2,-1,0,2,-1,-1,-9,-17,3,-2,0,-3
-2,-1,1,2,-2,0,-9,-18,3,-3,-1,-4
-3,-1,1,2,-2,0,-9,-18,3,-3,-1,-3
-3,0,2,2,-3,1,-9,-18,5,-2,0,-1
-2,1,3,1,-3,2,-8,-17,7,0,3,2
-2,2,4,0,-3,3,-8,-16,8,2,7,7
-1,3,4,0,-2,3,-8,-15,10,6,12,14
0,3,3,-1,-1,3,-9,-13,12,10,19,22
1,3,2,-1,0,2,-8,-10,14,14,27,30
2,3,1,-1,0,2,-8,-8,16,18,34,39
2,2,0,-1,1,1,-8,-6,17,22,41,49
5,2,-2,-3,3,0,-8,-4,17,25,49,60
9,3,-5,-5,7,0,-10,-3,17,28,57,73
11,3,-7,-6,9,-1,-11,-1,16,30,65,87
11,1,-9,-6,9,-3,-12,0,14,30,72,99
12,0,-12,-5,11,-5,-12,0,11,30,77,108
15,-1,-16,-6,15,-8,-11,2,8,29,81,115
17,-3,-21,-6,19,-12,-11,3,3,28,84,121
20,-6,-27,-7,23,-16,-12,3,-2,26,85,125
23,-9,-33,-7,28,-21,-13,4,-7,23,85,128
26,-14,-40,-6,33,-27,-14,4,-11,21,85,129
28,-18,-47,-5,37,-32,-15,6,-13,20,85,128
31,-22,-53,-5,42,-37,-15,8,-13,20,84,125
34,-25,-59,-5,47,-42,-15,9,-14,20,81,117
36,-28,-64,-4,50,-46,-15,11,-14,20,75,104
37,-30,-67,-3,52,-49,-15,13,-13,21,68,88
39,-31,-70,-3,55,-51,-13,16,-11,22,60,70
39,-34,-73,-1,56,-54,-12,18,-9,21,51,51
38,-39,-77,1,57,-58,-11,20,-9,18,40,30
37,-45,-81,4,59,-62,-9,22,-9,14,27,8
36,-50,-85,7,60,-67,-6,24,-9,10,14,-14
33,-56,-87,11,60,-71,-2,26,-9,6,0,-35
29,-60,-89,16,59,-75,1,28,-9,3,-12,-55
26,-64,-90,19,58,-77,6,31,-8,0,-24,-72
23,-66,-89,22,56,-78,10,34,-7,-1,-34,-86
20,-67,-87,24,53,-77,15,37,-4,-3,-42,-96
17,-68,-85,26,50,-76,19,40,-2,-5,-49,-104
15,-69,-83,27,48,-75,22,42,-2,-9,-57,-112
12,-70,-81,29,45,-75,25,42,-4,-16,-67,-119
7,-71,-78,32,42,-74,28,42,-8,-25,-78,-126
2,-72,-74,35,38,-73,32,40,-13,-35,-90,-133
-2,-72,-69,38,33,-71,36,38,-19,-47,-103,-140
-8,-73,-64,42,27,-69,40,33,-25,-60,-117,-147
-14,-74,-59,45,22,-67,44,28,-31,-72,-128,-152
-18,-73,-55,46,18,-64,49,23,-36,-82,-136,-156
-21,-72,-51,47,14,-62,52,19,-39,-89,-140,-157
-23,-72,-48,48,12,-60,54,15,-39,-93,-142,-156
-24,-71,-44,48,9,-57,54,12,-38,-94,-141,-153
-26,-67,-39,47,6,-53,54,9,-38,-94,-139,-149
-29,-63,-33,47,2,-48,54,5,-38,-94,-137,-145
-32,-61,-28,47,-1,-45,55,1,-39,-94,-135,-142
-35,-59,-24,48,-5,-42,55,-4,-41,-95,-134,-139
-37,-57,-20,48,-9,-38,56,-8,-43,-96,-131,-135
-38,-53,-16,46,-11,-34,58,-12,-44,-95,-126,-129
-38,-51,-12,44,-13,-31,58,-16,-43,-94,-121,-123
-39,-48,-8,43,-15,-28,59,-18,-42,-92,-116,-116
-39,-45,-5,42,-16,-25,60,-19,-41,-89,-111,-110
-38,-42,-3,41,-17,-23,62,-19,-39,-85,-106,-105
-36,-39,-2,38,-17,-21,64,-18,-38,-81,-100,-99
-35,-36,-1,36,-17,-19,67,-15,-35,-76,-94,-92
-33,-34,-1,34,-16,-18,70,-13,-32,-71,-88,-86
-34,-34,0,34,-17,-17,71,-13,-30,-68,-83,-82
-35,-34,1,34,-18,-16,73,-13,-29,-65,-79,-78
-34,-33,2,34,-19,-15,75,-13,-27,-63,-76,-74
-34,-32,3,33,-19,-15,78,-14,-27,-62,-73,-70
-34,-32,3,33,-18,-15,80,-16,-28,-61,-71,-67
-33,-32,2,33,-18,-15,84,-15,-29,-59,-68,-64
-32,-31,2,32,-18,-14,88,-13,-28,-55,-64,-61
-32,-30,2,32,-18,-14,92,-11,-27,-51,-59,-57
-32,-30,2,32,-18,-14,96,-8,-25,-47,-54,-53
-32,-30,3,32,-18,-14,101,-5,-22,-43,-50,-48
-31,-29,2,31,-17,-13,106,-3,-20,-40,-46,-45
-31,-30,1,32,-16,-14,111,-2,-18,-38,-44,-43
-31,-31,1,32,-16,-15,115,-3,-18,-36,-43,-41
-31,-32,0,32,-16,-15,118,-6,-18,-35,-41,-40
-31,-32,0,33,-16,-16,117,-10,-18,-34,-40,-38
-31,-32,0,33,-16,-16,114,-16,-18,-33,-38,-36
-31,-31,0,32,-16,-16,110,-23,-19,-33,-37,-34
-30,-30,0,31,-15,-15,106,-29,-20,-32,-35,-33
-29,-30,0,30,-15,-15,102,-34,-22,-33,-35,-32
-29,-30,-1,30,-14,-16,95,-40,-23,-34,-34,-31
-29,-30,-1,30,-14,-16,86,-44,-24,-34,-34,-30
-27,-29,-1,28,-13,-15,76,-46,-24,-33,-32,-28
-25,-26,0,26,-12,-13,66,-47,-23,-31,-30,-26
-22,-22,0,23,-11,-11,55,-47,-21,-28,-27,-23
-20,-19,1,20,-11,-10,44,-45,-17,-24,-23,-20
-18,-17,2,18,-10,-8,34,-42,-14,-20,-19,-16
-16,-14,2,15,-10,-6,26,-38,-10,-16,-15,-13
-14,-11,3,13,-9,-4,19,-34,-6,-13,-12,-10
-12,-8,4,10,-8,-2,12,-30,-2,-9,-9,-7
-9,-5,5,7,-7,0,6,-26,1,-6,-6,-4
-8,-2,5,5,-7,1,2,-22,4,-3,-3,-1
-7,-1,5,4,-6,2,0,-19,6,0,-1,0
-6,0,5,3,-6,3,-2,-16,8,2,1,2
-5,0,5,3,-6,3,-4,-14,9,4,3,3
-4,1,5,2,-5,3,-5,-13,11,5,4,4
-3,1,5,1,-4,4,-6,-11,12,6,5,5
-2,2,5,0,-4,4,-7,-10,13,7,6,6
-1,4,6,-1,-3,5,-7,-9,14,8,7,6
0,5,6,-2,-3,5,-8,-8,14,9,7,7
0,6,6,-3,-3,6,-9,-8,15,9,8,7
2,7,6,-4,-2,6,-10,-8,15,10,9,7
2,8,7,-5,-2,7,-10,-8,16,11,10,8
1,8,8,-4,-3,8,-10,-8,16,11,10,9
0,6,8,-2,-4,7,-11,-8,15,11,10,9
0,5,7,-2,-3,7,-11,-9,15,10,9,8
0,6,7,-2,-3,7,-11,-8,15,11,10,9
0,8,8,-3,-4,8,-11,-7,16,11,10,9
0,9,8,-4,-4,9,-11,-7,16,11,10,9
0,9,8,-4,-4,9,-12,-7,16,11,10,9
0,9,8,-4,-4,8,-12,-8,16,11,11,9
0,8,8,-4,-3,8,-12,-8,16,11,11,9
0,8,8,-4,-3,8,-12,-8,16,12,11,10
0,7,8,-4,-3,8,-12,-8,16,12,11,10
0,6,7,-3,-3,7,-12,-9,16,12,11,10
0,7,8,-3,-3,7,-12,-9,16,12,11,10
0,9,8,-4,-3,8,-12,-8,16,13,12,11
1,10,9,-5,-4,9,-12,-8,17,13,13,11
1,10,9,-5,-4,9,-12,-8,17,13,13,12
1,11,10,-6,-4,10,-13,-8,17,14,13,12
2,11,10,-7,-4,10,-13,-8,17,14,13,12
2,11,10,-7,-4,10,-13,-8,17,14,13,13
1,11,10,-7,-4,11,-13,-8,17,14,13,13
1,11,10,-7,-4,11,-13,-8,17,14,13,14
1,11,10,-6,-4,11,-13,-8,17,14,13,14
1,11,10,-6,-4,11,-14,-8,17,14,13,14
1,12,10,-6,-4,11,-14,-8,17,15,14,14
1,12,11,-6,-5,11,-14,-8,17,15,14,15
0,12,12,-6,-5,12,-14,-8,17,16,15,16
0,12,12,-6,-6,12,-15,-8,17,16,15,16
1,13,12,-7,-5,13,-15,-8,17,16,15,16
2,14,13,-8,-4,13,-15,-8,17,16,16,17
2,15,13,-8,-4,14,-15,-8,18,17,16,18
2,16,14,-9,-5,15,-15,-8,18,18,17,19
2,16,14,-9,-5,15,-16,-9,18,18,17,19
2,16,14,-9,-6,15,-17,-9,18,18,17,20
3,17,15,-10,-6,16,-17,-8,19,18,18,21
3,18,15,-10,-6,17,-16,-7,20,19,19,22
4,19,16,-11,-6,17,-16,-7,20,20,20,22
4,19,17,-11,-7,18,-16,-7,21,20,20,23
4,20,18,-11,-7,19,-16,-7,21,21,21,24
4,21,18,-12,-7,20,-16,-7,22,22,22,25
4,22,19,-12,-7,20,-17,-7,22,22,22,26
4,23,19,-13,-7,21,-18,-7,23,23,23,27
3,23,20,-12,-8,21,-18,-8,23,23,23,28
1,22,21,-11,-10,21,-19,-8,23,23,24,28
0,22,21,-11,-10,21,-19,-8,23,24,24,29
1,22,21,-12,-10,22,-20,-8,24,24,25,30
1,24,22,-13,-10,23,-20,-8,24,25,26,31
2,25,23,-14,-10,24,-20,-8,25,26,27,33
3,27,24,-15,-10,25,-21,-8,26,27,28,34
3,28,24,-15,-10,26,-21,-8,26,27,29,35
3,28,25,-15,-11,26,-22,-8,27,28,30,37
3,29,25,-16,-11,27,-22,-8,28,29,31,38
2,28,25,-15,-12,26,-24,-8,28,29,31,38
2,27,25,-14,-12,26,-25,-9,28,29,31,38
2,27,25,-14,-11,26,-26,-9,28,29,32,39
2,28,26,-15,-11,27,-27,-9,28,30,33,40
2,29,27,-15,-12,28,-27,-9,29,31,34,41
3,30,27,-16,-12,28,-28,-9,29,31,35,42
3,30,27,-16,-12,28,-29,-9,29,32,36,43
4,30,26,-17,-11,28,-29,-8,30,32,37,43
4,31,26,-18,-11,28,-29,-8,31,33,38,44
4,31,26,-18,-11,29,-30,-7,31,34,38,45
5,31,26,-18,-10,28,-31,-7,32,34,39,46
5,31,25,-18,-9,28,-31,-6,32,35,39,46
6,31,25,-18,-9,28,-32,-6,33,35,40,47
6,31,25,-18,-9,28,-32,-5,33,36,41,48
6,32,25,-18,-9,28,-33,-4,34,36,42,48
8,33,25,-20,-8,29,-33,-3,34,37,43,49
9,33,24,-21,-8,29,-33,-1,35,38,43,49
8,33,24,-20,-8,29,-33,-1,35,39,44,49
9,33,24,-21,-7,28,-34,0,35,39,44,49
10,32,23,-21,-6,28,-34,1,36,39,44,49
10,32,22,-20,-6,27,-35,2,36,40,44,49
10,32,22,-20,-5,27,-35,3,37,40,45,50
11,32,21,-20,-4,26,-35,4,37,41,45,50
10,30,21,-19,-4,25,-35,5,37,41,45,49
9,30,20,-19,-5,25,-35,7,38,42,45,49
10,30,19,-20,-4,24,-34,8,38,42,45,49
11,30,18,-20,-3,24,-34,10,39,43,45,49
11,29,17,-20,-3,23,-33,11,39,43,45,49
11,29,17,-19,-3,23,-32,12,39,43,45,48
11,28,17,-19,-3,22,-32,13,39,43,44,48
10,27,16,-18,-3,21,-32,14,39,43,44,47
10,26,16,-18,-2,20,-32,15,39,43,43,46
9,25,15,-17,-2,20,-31,16,38,43,42,45
8,24,15,-16,-3,19,-30,16,38,43,41,44
8,23,14,-16,-2,18,-29,17,37,43,41,43
9,22,13,-16,-2,18,-28,18,37,42,40,42
9,22,12,-15,-1,17,-27,19,37,42,40,41
10,22,11,-15,0,17,-26,20,36,41,39,40
11,21,11,-15,0,16,-25,20,36,41,37,39
9,20,11,-14,-1,16,-24,21,36,41,37,38
7,19,12,-13,-2,15,-23,22,36,41,36,37
7,18,11,-13,-2,14,-22,22,35,40,35,36
8,18,10,-13,0,13,-22,22,34,38,34,35
8,17,8,-13,0,13,-21,22,33,37,32,33
8,16,7,-12,0,12,-20,22,33,36,31,32
7,14,7,-10,0,11,-19,22,32,36,30,31
5,13,7,-8,-1,11,-18,22,32,35,29,30
4,11,7,-7,-1,10,-17,22,31,34,27,28
5,12,7,-8,0,9,-16,22,31,34,26,27
6,13,6,-9,0,9,-14,23,31,33,26,26
6,12,6,-9,0,9,-13,23,31,32,25,25
5,11,6,-8,0,8,-12,22,30,31,23,24
3,9,6,-6,-1,8,-11,22,29,30,22,23
3,8,5,-5,-1,7,-11,21,28,29,20,22
3,8,4,-5,-1,7,-10,20,26,28,19,20
3,7,4,-5,0,6,-9,19,25,27,18,19
2,7,4,-4,-1,6,-9,19,25,26,17,18
1,6,5,-4,-1,5,-8,18,24,25,16,17
0,6,5,-4,-1,5,-7,17,24,24,15,16
0,5,5,-3,-2,4,-7,16,23,23,14,15
0,4,5,-2,-2,4,-6,15,22,22,13,14
-1,3,5,-1,-2,4,-5,14,21,20,11,13
-1,3,5,-1,-2,4,-5,12,21,19,10,12
-1,2,4,0,-2,3,-4,11,20,18,9,11
-2,2,4,0,-3,3,-4,10,20,17,8,10
-3,1,4,1,-3,2,-3,9,19,16,7,9
-3,1,3,1,-3,2,-3,8,18,15,7,8
-3,0,3,1,-3,1,-3,6,17,14,6,8
-2,0,3,1,-2,1,-2,5,17,14,6,8
0,2,3,0,-2,3,-1,5,17,14,6,8
0,3,3,-1,-2,3,0,4,16,13,5,8
-2,1,3,0,-3,3,0,2,15,12,4,7
-4,0,3,2,-3,2,-1,0,14,10,2,6
-5,-1,2,3,-3,1,-1,-1,14,9,1,5
-5,-3,2,4,-3,0,-1,-2,13,9,1,5
-5,-3,1,4,-3,0,-1,-2,12,8,0,4
-4,-2,1,3,-2,0,-1,-3,12,8,0,4
-3,-2,1,2,-2,-1,-2,-3,11,7,0,4
-3,-2,1,3,-2,-1,-2,-4,11,7,0,3
-3,-3,0,3,-2,-2,-2,-5,10,6,-1,3
-4,-3,0,4,-2,-2,-2,-6,10,6,-2,2
-4,-3,0,3,-1,-1,-2,-7,10,6,-2,2
-2,-1,0,2,-1,-1,-2,-7,10,6,-2,3
-1,0,0,0,0,-1,-2,-7,10,6,-2,3
0,0,0,0,0,-1,-2,-7,10,5,-2,3
-1,-1,0,1,0,-1,-2,-8,10,5,-2,3
-3,-3,0,3,-1,-2,-2,-8,9,4,-2,2
-5,-5,0,5,-2,-3,-2,-9,9,4,-3,2
-4,-4,-1,4,-1,-3,-3,-9,8,4,-3,1
-3,-4,0,4,-1,-2,-3,-9,8,4,-3,2
-4,-3,0,4,-1,-1,-3,-9,8,4,-3,2
-4,-3,0,4,-1,-2,-3,-9,8,4,-3,2
-3,-3,0,3,-1,-2,-3,-9,8,4,-3,2
-3,-3,0,3,-1,-2,-3,-9,8,4,-3,2
-3,-3,0,3,-1,-2,-4,-9,8,4,-2,2
-3,-3,0,3,-1,-2,-4,-9,8,4,-2,2
-3,-3,-1,3,-1,-2,-4,-10,7,4,-3,2
-3,-4,-1,4,0,-3,-4,-11,7,4,-3,1
-4,-5,-2,5,0,-4,-4,-11,6,3,-4,1
-3,-5,-2,4,0,-4,-4,-12,6,3,-4,1
-2,-5,-2,3,0,-3,-4,-11,6,3,-4,2
-1,-4,-2,3,0,-3,-4,-11,6,3,-4,2
-1,-4,-2,2,0,-3,-4,-11,6,3,-4,2
-1,-4,-2,2,0,-3,-4,-11,6,3,-4,2
-1,-4,-3,2,1,-3,-5,-12,6,3,-4,2
-1,-4,-3,2,1,-3,-5,-12,6,3,-3,2
0,-4,-3,2,2,-3,-5,-12,6,4,-3,3
0,-3,-3,1,2,-3,-5,-12,7,4,-3,3
0,-3,-3,1,2,-4,-5,-12,7,4,-3,3
0,-3,-4,1,2,-4,-5,-12,7,3,-3,3
0,-4,-4,1,2,-4,-5,-12,7,3,-3,3
0,-4,-4,2,2,-4,-5,-12,7,3,-2,3
-1,-4,-3,2,1,-4,-5,-12,7,4,-2,4
-1,-3,-3,1,1,-3,-4,-11,8,4,-1,4
-1,-3,-3,2,1,-3,-3,-11,8,4,-1,4
-1,-4,-3,3,1,-3,-3,-12,7,4,-2,4
-1,-4,-3,3,1,-4,-3,-12,7,3,-2,3
0,-4,-3,2,1,-4,-3,-12,7,3,-2,3
0,-2,-3,0,1,-3,-3,-11,8,4,-1,4
0,-1,-2,0,1,-2,-3,-11,8,4,-1,4
-2,-1,0,1,-1,-1,-2,-10,9,5,0,5
-6,-2,3,4,-4,0,-1,-9,10,6,1,6
-8,-1,6,4,-7,2,0,-8,11,8,2,8
-9,0,8,4,-8,4,2,-6,13,9,4,9
-11,0,11,5,-11,6,3,-5,14,10,5,10
-14,0,13,7,-14,7,3,-4,15,11,6,11
-16,-1,15,9,-16,7,3,-3,15,12,6,11
-18,-2,16,10,-17,7,3,-3,15,12,7,11
-18,-2,16,10,-17,7,4,-3,16,12,7,12
-18,-1,16,9,-17,8,4,-3,16,13,7,12
-18,-1,16,9,-17,8,4,-3,16,13,7,12
-16,0,17,8,-16,9,4,-2,16,13,7,12
-15,2,17,6,-16,10,5,-2,16,14,8,13
-16,2,18,7,-17,10,6,-2,16,14,8,12
-17,1,18,8,-18,10,5,-2,15,13,7,12
-18,0,18,9,-18,9,4,-3,15,13,7,12
-17,1,18,8,-18,10,4,-3,15,13,8,12
-15,2,18,6,-17,10,3,-3,15,14,8,13
-17,1,18,8,-17,10,1,-3,14,13,7,13
-18,0,18,9,-18,9,0,-4,13,12,6,12
-18,0,18,9,-17,9,-2,-5,13,12,5,12
-18,0,17,9,-17,9,-3,-5,12,11,5,12
-18,0,17,9,-17,9,-4,-6,12,11,5,11
-18,0,17,9,-17,9,-5,-6,11,11,5,11
-17,0,17,9,-17,9,-6,-7,11,11,5,11
-16,0,17,8,-17,9,-7,-7,11,10,5,11
-16,0,16,7,-16,9,-8,-8,10,10,5,11
-16,0,16,7,-16,9,-9,-8,10,10,4,11
-17,-1,16,8,-16,8,-9,-9,9,9,4,10
-18,-2,15,10,-16,7,-9,-9,8,9,3,10
-18,-3,14,10,-15,6,-10,-10,7,8,3,9
-18,-4,14,11,-16,5,-10,-10,7,8,3,9
-19,-5,14,12,-17,5,-10,-10,7,8,3,9
-20,-5,14,13,-17,4,-11,-11,6,8,3,9
-20,-5,14,12,-17,4,-12,-11,6,8,2,9
-19,-3,14,11,-16,5,-11,-10,6,8,3,10
-17,-2,15,10,-16,6,-11,-10,7,9,3,11
-17,-2,15,10,-15,6,-10,-9,7,9,4,11
-16,-2,14,10,-15,6,-10,-9,7,9,4,12
-16,-2,14,10,-15,6,-10,-10,7,9,4,12
-16,-3,13,10,-15,6,-10,-10,7,9,4,12
-16,-2,13,9,-14,6,-9,-10,7,9,4,12
-16,-3,12,9,-14,5,-8,-10,7,8,3,11
-17,-4,13,11,-15,5,-8,-10,7,8,2,10
-19,-5,13,12,-16,4,-7,-10,7,8,2,10
-20,-7,13,13,-16,3,-7,-10,7,8,1,9
-20,-7,13,13,-16,3,-6,-10,7,8,1,9
-20,-7,13,13,-16,3,-6,-10,7,8,2,9
-20,-7,13,13,-16,4,-5,-9,7,9,2,9
-18,-5,13,11,-15,4,-4,-8,8,9,3,9
-17,-4,13,10,-15,4,-3,-8,8,9,3,9
-18,-5,13,11,-15,4,-3,-8,8,9,2,9
-19,-6,12,12,-16,3,-4,-9,7,8,2,9
-19,-7,12,13,-16,3,-5,-10,7,8,1,8
-20,-8,12,14,-16,3,-5,-10,6,7,1,8
-20,-8,12,14,-16,3,-5,-10,6,7,1,8
-20,-8,12,14,-15,2,-6,-10,6,7,1,8
-19,-8,11,13,-15,2,-6,-11,6,6,0,7
-19,-8,11,13,-15,2,-7,-11,6,6,0,7
-19,-7,11,12,-15,2,-7,-11,6,6,0,7
-18,-7,11,12,-15,2,-7,-11,7,6,0,7
-18,-6,11,12,-15,3,-7,-11,7,6,1,7
-19,-7,12,13,-15,3,-7,-11,6,6,0,7
-20,-8,12,14,-16,2,-7,-12,6,6,0,6
-19,-7,13,13,-16,3,-7,-12,6,6,0,6
-19,-6,13,13,-16,3,-7,-12,5,6,0,6
-19,-6,13,13,-16,3,-8,-12,5,6,0,6
-18,-6,13,12,-16,3,-8,-12,5,6,0,6
-18,-6,11,12,-15,3,-8,-12,5,6,0,6
-18,-8,11,13,-15,2,-8,-12,5,6,-1,6
-19,-8,11,14,-15,2,-8,-12,5,6,-1,6
-20,-8,12,14,-15,2,-8,-13,5,6,-1,6
-20,-8,12,14,-15,1,-9,-13,5,5,-1,6
-20,-9,11,14,-15,1,-9,-13,4,5,-2,6
-21,-9,11,15,-16,0,-9,-13,4,5,-2,6
-21,-10,11,16,-16,0,-9,-13,4,5,-2,5
-22,-12,11,17,-17,0,-9,-14,3,4,-2,5
-23,-12,11,18,-17,0,-10,-14,3,4,-2,4
-22,-11,11,17,-16,0,-10,-14,3,5,-2,5
-20,-9,11,15,-15,1,-9,-14,4,5,-1,6
-20,-9,11,14,-15,1,-9,-14,4,5,-1,6
-20,-9,11,14,-15,1,-9,-14,4,5,-1,6
-20,-8,11,14,-16,1,-9,-14,4,5,-1,6
-20,-8,11,14,-16,1,-8,-13,4,5,-1,6
-20,-8,12,14,-16,1,-8,-13,4,6,-1,6
-20,-8,12,14,-16,2,-8,-13,4,6,-1,6
-20,-9,12,14,-16,1,-9,-13,3,6,-1,6
-21,-10,11,15,-16,0,-10,-14,3,5,-2,6
-21,-10,11,15,-16,0,-10,-14,3,5,-2,5
-19,-8,11,14,-15,1,-10,-14,3,5,-2,6
-19,-7,11,13,-14,1,-10,-14,3,5,-2,6
-19,-7,11,13,-15,1,-10,-15,3,4,-3,5
-20,-7,12,13,-16,2,-10,-15,3,4,-3,5
-20,-6,13,13,-16,3,-10,-16,3,3,-4,5
-21,-7,14,14,-17,4,-10,-17,2,3,-4,4
-21,-7,15,14,-17,4,-10,-18,2,2,-4,4
-22,-7,15,14,-18,4,-9,-18,2,3,-4,5
-22,-6,16,14,-19,5,-9,-18,4,4,-2,8
-22,-5,18,14,-20,6,-9,-17,5,6,0,12
-23,-4,18,14,-20,7,-9,-16,8,9,5,19
-22,-3,18,13,-20,7,-9,-14,11,14,13,27
-20,-3,17,11,-18,7,-9,-11,14,19,20,36
-18,-3,15,11,-16,6,-9,-9,16,23,27,44
-17,-4,13,10,-15,5,-9,-7,16,26,34,53
-15,-4,11,9,-13,4,-9,-5,17,30,42,64
-14,-5,9,9,-11,3,-10,-4,17,32,50,76
-12,-5,7,8,-9,1,-11,-3,16,34,58,89
-9,-5,4,7,-7,0,-12,-2,14,35,65,101
-7,-6,1,7,-4,-2,-13,-1,10,35,70,111
-4,-8,-3,6,0,-5,-14,0,6,34,74,119
-2,-10,-7,6,3,-8,-14,1,2,33,78,126
0,-12,-12,5,7,-12,-15,3,-2,32,80,131
3,-15,-18,6,11,-16,-16,3,-8,29,81,133
5,-19,-25,6,16,-22,-17,4,-12,27,81,135
9,-23,-31,6,20,-27,-17,5,-15,26,81,135
12,-26,-38,6,26,-32,-16,7,-16,26,81,133
14,-30,-44,7,30,-37,-17,8,-17,26,80,127
15,-34,-49,9,33,-42,-17,9,-18,26,75,116
16,-38,-54,10,36,-46,-17,11,-17,26,68,100
17,-41,-58,11,38,-49,-16,14,-16,27,60,82
18,-44,-61,13,39,-52,-15,16,-14,27,51,63
17,-47,-65,15,41,-56,-14,19,-14,25,40,43
16,-52,-69,18,43,-60,-12,21,-14,21,27,21
15,-58,-73,21,44,-65,-9,22,-15,16,12,-2
13,-63,-76,25,45,-70,-6,24,-16,11,-2,-25
11,-68,-79,29,45,-74,-2,26,-16,7,-15,-46
8,-72,-80,32,45,-76,2,28,-15,4,-28,-64
4,-75,-79,35,43,-77,6,32,-14,2,-38,-78
1,-76,-78,38,40,-77,11,36,-12,0,-46,-90
-2,-77,-75,39,37,-76,15,39,-10,-1,-54,-99
-6,-78,-72,41,33,-75,18,40,-9,-5,-63,-107
-9,-79,-70,44,30,-74,21,41,-11,-11,-72,-113
-12,-79,-68,46,28,-74,24,41,-14,-20,-83,-120
-16,-80,-64,48,24,-72,28,39,-18,-30,-95,-127
-21,-80,-60,51,19,-70,31,37,-24,-42,-107,-134
-26,-81,-55,54,15,-68,35,33,-29,-54,-119,-140
-30,-81,-51,56,10,-66,40,29,-35,-65,-130,-145
-34,-81,-46,58,6,-64,44,23,-40,-76,-139,-149
-39,-82,-42,60,1,-62,47,18,-44,-85,-146,-152
-42,-82,-39,62,-2,-61,49,13,-46,-90,-149,-152
-44,-81,-35,62,-5,-58,49,10,-46,-92,-149,-150
-46,-78,-31,62,-7,-55,49,6,-46,-93,-147,-146
-48,-76,-27,62,-10,-52,49,2,-46,-93,-145,-142
-50,-73,-22,62,-14,-47,49,-1,-46,-93,-143,-139
-52,-70,-16,62,-17,-43,49,-5,-47,-93,-140,-135
-54,-67,-11,61,-21,-39,50,-8,-48,-93,-137,-131
-56,-64,-7,60,-24,-36,51,-13,-49,-93,-134,-126
-56,-61,-4,59,-26,-33,52,-17,-50,-93,-129,-120
-55,-57,-2,56,-27,-30,53,-20,-50,-91,-124,-113
-54,-53,0,54,-27,-26,55,-21,-48,-88,-118,-106
-54,-51,3,53,-28,-24,56,-21,-47,-84,-112,-100
-55,-50,4,53,-30,-22,58,-21,-46,-81,-107,-95
-54,-48,6,52,-30,-21,61,-20,-44,-77,-101,-89
-52,-46,6,49,-29,-19,63,-18,-41,-71,-95,-82
-50,-43,7,47,-28,-18,65,-16,-39,-67,-89,-77
-50,-41,9,46,-29,-16,67,-16,-36,-64,-84,-72
-50,-39,11,44,-30,-14,70,-15,-34,-61,-80,-68
-50,-38,11,44,-31,-13,73,-16,-33,-59,-77,-64
-51,-38,11,45,-31,-13,75,-18,-34,-59,-75,-62
-51,-38,12,45,-32,-13,78,-18,-35,-57,-72,-59
-50,-37,13,44,-31,-12,83,-16,-34,-53,-68,-56
-49,-36,13,43,-30,-11,88,-14,-33,-50,-63,-52
-48,-36,12,42,-30,-12,92,-11,-31,-46,-59,-48
-47,-36,11,42,-29,-12,95,-9,-29,-43,-55,-44
-47,-37,10,42,-29,-13,99,-7,-27,-40,-52,-41
-46,-36,10,41,-28,-14,104,-6,-25,-38,-49,-38
-45,-35,9,40,-28,-13,109,-7,-24,-36,-46,-36
-45,-35,9,40,-28,-13,113,-9,-23,-34,-45,-34
-46,-35,9,41,-28,-13,114,-12,-23,-33,-43,-32
-45,-36,8,41,-27,-13,111,-18,-23,-32,-41,-31
-43,-36,7,40,-25,-14,106,-25,-25,-32,-40,-30
-42,-35,7,39,-24,-14,101,-32,-26,-32,-39,-29
-42,-35,7,38,-24,-14,96,-37,-27,-33,-39,-28
-42,-35,7,38,-24,-14,91,-42,-29,-33,-38,-27
-42,-34,7,38,-24,-14,83,-45,-30,-33,-37,-26
-40,-32,7,36,-23,-13,74,-48,-30,-32,-36,-24
-37,-30,6,34,-22,-12,65,-49,-30,-31,-34,-23
-35,-27,6,31,-20,-11,54,-48,-28,-28,-31,-20
-32,-24,7,28,-19,-8,42,-47,-26,-25,-27,-17
-29,-21,8,25,-18,-6,31,-44,-22,-21,-23,-13
-28,-19,9,23,-18,-4,22,-41,-19,-17,-20,-10
-26,-16,10,21,-18,-2,14,-37,-15,-14,-16,-7
-23,-13,10,18,-16,-1,7,-33,-12,-10,-13,-4
-21,-10,11,15,-15,0,1,-29,-9,-7,-10,-1
-18,-7,11,13,-14,2,-3,-26,-7,-4,-7,1
-16,-5,11,11,-13,3,-6,-23,-4,-1,-4,3
-15,-3,11,10,-13,4,-9,-20,-1,2,-2,4
-14,-2,12,8,-13,5,-10,-17,1,4,0,6
-13,0,12,7,-13,6,-11,-15,3,6,2,8
-11,1,12,5,-12,7,-12,-13,4,7,3,9
-10,1,12,4,-11,7,-13,-12,5,8,3,10
-10,2,13,4,-11,7,-14,-11,5,8,3,10
-11,2,13,4,-12,7,-15,-11,5,8,4,10
-11,3,14,4,-12,8,-16,-10,6,8,5,10
-9,4,14,2,-12,8,-16,-10,7,9,6,11
-9,4,13,2,-11,8,-16,-10,7,9,6,11
-10,2,13,4,-11,8,-17,-10,7,9,6,11
-10,2,12,4,-10,7,-18,-9,7,9,6,11
-9,3,13,3,-10,8,-18,-9,7,9,6,11
-10,4,14,4,-11,9,-18,-8,7,9,6,11
-11,4,15,4,-13,10,-18,-8,7,10,6,11
-11,4,15,4,-13,10,-18,-8,7,10,7,12
-11,4,15,3,-13,9,-19,-8,7,9,7,12
-11,4,15,3,-13,9,-19,-8,7,9,8,12
-10,5,16,2,-13,10,-19,-8,8,9,8,12
-10,6,16,2,-13,11,-19,-8,8,10,9,13
-10,5,16,2,-13,11,-19,-8,8,10,9,14
-10,6,16,2,-12,11,-19,-8,8,11,10,14
-9,7,16,0,-12,11,-19,-8,8,11,10,14
-8,8,16,0,-12,12,-19,-8,8,11,10,14
-8,8,17,0,-12,12,-19,-8,8,11,10,14
-9,8,17,0,-13,12,-20,-8,8,12,10,14
-10,8,18,1,-14,12,-20,-8,8,12,10,14
-10,8,18,1,-14,12,-21,-8,8,11,9,14
-9,7,17,1,-13,12,-21,-8,7,11,9,14
-8,8,17,0,-12,13,-21,-8,6,11,9,14
-6,10,17,-2,-12,13,-21,-8,6,11,9,15
-6,10,16,-2,-11,13,-21,-8,6,11,10,15
-6,10,16,-2,-11,13,-21,-8,6,12,10,15
-5,12,17,-3,-12,14,-21,-8,7,13,11,16
-5,13,18,-4,-12,15,-21,-8,8,14,12,17
-6,14,19,-3,-12,16,-21,-8,8,15,13,17
-6,15,20,-4,-12,17,-21,-8,9,16,14,18
-5,16,21,-5,-12,17,-21,-8,9,16,15,19
-6,15,21,-4,-13,18,-21,-8,10,16,15,19
-7,14,21,-4,-14,17,-21,-9,9,16,15,19
-6,14,20,-4,-13,17,-21,-9,10,16,15,19
-6,13,20,-4,-14,17,-22,-9,11,16,16,20
-7,13,20,-3,-14,17,-22,-9,11,16,16,20
-7,13,20,-2,-14,17,-22,-10,12,17,17,21
-7,14,21,-3,-14,18,-22,-10,13,17,18,22
-8,15,23,-3,-15,19,-22,-10,14,18,19,22
-9,15,25,-3,-16,20,-23,-10,15,19,20,23
-10,16,26,-3,-18,21,-24,-10,16,20,21,24
-10,17,27,-3,-18,22,-24,-10,16,20,22,25
-9,17,28,-4,-18,22,-24,-10,17,20,22,25
-10,18,28,-4,-19,23,-24,-9,17,21,23,26
-11,18,29,-3,-19,23,-25,-9,17,21,24,27
-11,18,29,-3,-20,23,-26,-9,17,22,25,28
-11,18,29,-3,-20,24,-27,-9,18,22,26,29
-10,20,30,-4,-20,25,-27,-9,18,23,27,31
-10,21,31,-5,-20,26,-27,-9,19,24,28,32
-9,22,32,-7,-20,27,-28,-9,20,25,30,34
-8,23,32,-7,-21,28,-28,-9,21,25,31,35
-8,24,32,-8,-21,28,-28,-8,21,25,32,35
-7,24,32,-9,-20,28,-28,-8,21,26,33,36
-6,26,33,-9,-20,29,-29,-8,21,26,34,37
-7,26,34,-9,-21,30,-30,-8,22,27,35,38
-7,26,33,-9,-21,29,-31,-8,22,28,36,39
-6,26,32,-10,-19,29,-32,-8,22,28,37,40
-5,27,32,-11,-18,29,-32,-8,22,28,38,41
-5,28,33,-11,-19,30,-33,-8,23,29,39,42
-5,28,33,-11,-19,30,-33,-8,24,29,39,43
-4,28,33,-12,-19,30,-34,-8,24,29,40,43
-4,29,33,-12,-18,30,-35,-8,25,30,41,44
-3,29,33,-12,-18,30,-35,-8,25,30,42,45
-3,29,33,-12,-18,30,-36,-7,25,31,43,46
-3,29,32,-12,-18,30,-37,-7,25,31,43,46
-3,28,31,-12,-17,29,-39,-7,25,31,44,46
-3,27,30,-12,-17,29,-40,-6,24,31,44,47
-3,27,30,-12,-16,29,-40,-5,24,32,45,47
-1,28,29,-13,-15,29,-41,-5,23,32,45,48
0,28,28,-14,-14,28,-41,-4,22,32,45,48
0,28,28,-14,-14,28,-42,-3,22,33,46,48
1,28,28,-14,-13,27,-42,-2,22,33,46,48
2,28,27,-15,-12,27,-42,-1,22,34,47,48
1,28,27,-14,-13,27,-43,0,22,34,47,48
1,28,27,-14,-13,27,-43,0,22,35,47,48
2,29,27,-15,-13,28,-43,2,23,36,48,48
3,29,27,-16,-12,28,-43,4,24,37,49,49
3,28,26,-16,-11,27,-43,5,24,37,48,48
4,27,24,-16,-10,26,-43,6,23,36,48,47
4,27,23,-16,-10,25,-43,7,23,36,48,47
4,26,22,-15,-10,25,-43,8,22,37,48,46
4,26,22,-15,-10,24,-43,9,21,37,48,46
4,26,22,-15,-10,24,-42,10,21,37,48,45
4,27,23,-15,-9,25,-41,12,22,38,48,45
5,28,22,-16,-8,25,-40,14,22,38,47,44
5,27,21,-16,-8,24,-39,15,22,38,46,43
5,24,20,-14,-7,22,-39,16,21,37,45,41
5,23,18,-14,-6,21,-39,16,20,37,45,40
5,21,17,-13,-6,20,-39,17,19,37,44,39
4,20,17,-12,-6,18,-39,17,18,36,42,38
5,20,16,-12,-5,18,-38,18,18,35,41,37
6,21,15,-13,-5,18,-36,20,18,34,41,37
6,21,15,-13,-4,17,-35,21,17,34,40,35
6,20,14,-13,-4,17,-34,22,17,33,39,34
6,19,14,-12,-4,16,-33,22,17,33,38,32
6,19,14,-13,-4,17,-31,23,17,33,38,31
5,19,14,-12,-5,17,-30,23,17,33,37,30
4,19,15,-11,-5,17,-29,24,17,33,36,29
3,18,15,-11,-6,17,-29,24,16,32,35,28
2,17,14,-9,-6,15,-28,24,15,31,33,26
2,15,13,-9,-5,13,-27,25,14,29,32,24
3,14,12,-8,-4,12,-26,25,13,28,31,24
3,13,11,-8,-4,12,-24,26,13,28,30,23
3,13,11,-8,-4,11,-23,26,13,28,30,23
3,13,11,-8,-4,11,-22,27,13,27,29,23
2,13,10,-7,-4,11,-21,27,12,26,28,22
1,12,10,-7,-4,11,-21,27,11,25,27,20
1,10,9,-6,-4,10,-20,26,10,24,26,18
0,8,9,-4,-5,9,-20,26,9,23,25,16
-2,7,9,-2,-6,8,-20,25,8,22,23,14
-1,8,9,-3,-5,8,-19,25,8,21,22,13
1,10,9,-6,-4,10,-17,25,8,21,21,13
2,11,9,-7,-3,10,-15,24,7,20,20,13
4,12,8,-8,-2,10,-14,24,6,19,20,12
5,14,8,-9,-1,10,-12,24,6,19,20,12
6,15,9,-10,-1,11,-11,24,6,18,19,12
6,15,9,-10,-1,11,-10,23,5,17,19,11
7,16,9,-11,0,12,-9,23,5,16,18,10
8,16,8,-11,0,12,-8,23,4,16,18,9
9,17,8,-12,0,12,-7,22,4,15,17,8
9,16,7,-12,0,11,-6,21,3,15,17,8
8,15,7,-11,0,10,-6,19,1,13,16,7
6,13,6,-9,0,9,-5,18,0,12,15,6
5,12,6,-8,-1,9,-5,17,-1,10,13,4
5,12,6,-8,-1,9,-5,16,-2,9,12,3
4,12,7,-8,-2,9,-5,16,-3,9,12,3
3,12,8,-8,-2,9,-4,15,-3,8,11,2
3,11,8,-7,-2,9,-5,14,-4,7,10,1
3,11,8,-7,-2,9,-5,13,-5,6,10,1
4,11,8,-8,-2,9,-4,13,-5,5,10,1
5,13,8,-9,-1,10,-3,12,-5,5,10,2
5,14,9,-10,-1,11,-2,12,-6,5,11,2
4,14,9,-9,-2,11,-2,11,-6,5,11,3
4,14,9,-9,-2,11,-2,11,-7,5,10,3
4,14,9,-9,-2,11,-2,10,-8,4,10,2
4,13,8,-8,-2,11,-2,10,-9,4,10,2
3,13,8,-8,-2,10,-2,9,-9,3,10,1
3,12,8,-7,-2,10,-3,8,-10,3,10,0
2,11,8,-6,-3,9,-3,8,-10,3,9,0
0,8,8,-4,-4,8,-3,7,-11,2,8,-1
0,7,8,-3,-4,7,-3,7,-13,0,7,-2
1,9,8,-5,-3,7,-3,7,-14,0,7,-2
3,10,8,-7,-2,8,-3,7,-14,1,7,-1
3,11,8,-7,-2,9,-3,7,-14,1,8,-1
3,12,8,-7,-3,9,-2,7,-14,1,8,-1
2,11,8,-6,-3,9,-2,7,-15,1,8,-1
2,11,8,-6,-3,9,-2,6,-15,1,7,-1
2,10,8,-6,-3,9,-2,6,-16,0,7,-2
3,10,7,-6,-2,9,-3,6,-17,0,6,-2
2,9,7,-5,-3,8,-3,6,-18,0,6,-2
1,8,7,-4,-4,8,-3,5,-19,0,7,-2
0,7,7,-4,-4,7,-3,5,-20,0,7,-2
0,8,7,-4,-4,7,-4,4,-20,1,8,-2
0,8,7,-5,-4,8,-4,4,-20,2,8,-2
1,9,7,-5,-4,8,-4,4,-20,2,9,-2
2,9,7,-5,-3,9,-4,4,-21,1,8,-2
2,9,8,-6,-3,9,-4,4,-21,1,8,-2
2,9,8,-6,-3,8,-5,3,-22,1,8,-2
1,8,8,-5,-3,8,-5,3,-24,0,8,-2
0,8,8,-5,-3,8,-4,3,-24,0,7,-2
0,8,8,-5,-3,8,-4,3,-25,0,7,-2
1,8,7,-5,-3,8,-3,3,-25,-1,7,-3
2,9,7,-5,-2,8,-3,3,-25,0,7,-3
2,9,8,-6,-2,8,-2,4,-25,0,7,-3
2,10,8,-6,-2,9,-2,4,-25,0,8,-3
3,10,7,-6,-2,9,-2,4,-25,0,8,-3
3,10,7,-6,-2,9,-2,4,-24,0,9,-3
4,11,7,-7,-1,9,-2,4,-23,1,10,-2
5,11,6,-8,0,9,-2,4,-24,1,10,-2
4,10,6,-8,0,8,-2,4,-24,0,9,-3
4,10,6,-7,-1,8,-2,4,-24,0,9,-2
4,11,6,-8,-1,9,-2,4,-23,1,10,-1
5,12,7,-9,-1,10,-1,4,-23,1,10,0
5,13,7,-9,-1,10,-1,4,-22,1,11,0
5,14,8,-10,-1,11,-1,4,-22,2,11,0
5,14,8,-10,-1,11,-1,4,-21,2,11,0
6,15,8,-11,-1,11,-1,5,-21,3,11,0
6,15,9,-11,-1,11,0,5,-20,3,11,0
5,14,9,-10,-2,11,0,6,-21,3,11,1
4,12,8,-9,-2,10,0,6,-22,2,11,1
4,11,7,-8,-1,10,-1,5,-23,2,11,0
4,11,7,-8,-1,10,-1,5,-23,2,11,0
4,12,7,-8,-1,10,-1,4,-23,2,11,0
5,13,8,-9,-1,10,-1,4,-24,1,10,-1
6,15,8,-10,-1,11,0,4,-24,1,10,-2
6,16,9,-11,-1,12,0,3,-24,1,9,-2
7,16,9,-12,-2,12,0,3,-24,1,9,-2
7,16,9,-12,-1,12,-1,3,-24,1,10,-1
7,16,9,-12,-1,12,-2,3,-24,1,10,-1
5,14,9,-10,-2,11,-4,2,-25,0,9,-1
3,12,9,-8,-2,11,-6,1,-27,0,9,-1
3,13,9,-8,-2,11,-7,0,-28,0,9,0
4,14,9,-9,-2,12,-8,0,-27,0,9,0
5,15,9,-10,-2,12,-9,-1,-27,0,10,0
5,15,9,-10,-2,12,-11,-2,-28,0,9,-1
6,14,8,-10,-2,11,-12,-2,-28,-1,8,-2
6,14,8,-10,-1,11,-14,-3,-29,-2,7,-3
6,14,7,-10,-1,11,-15,-3,-30,-3,7,-3
6,14,7,-11,0,11,-15,-4,-30,-3,7,-2
6,13,6,-10,0,10,-17,-5,-32,-3,6,-3
6,11,4,-9,0,8,-18,-6,-34,-5,5,-4
6,11,4,-9,0,8,-18,-7,-34,-6,4,-5
6,12,5,-9,0,9,-18,-7,-34,-6,4,-5
5,12,5,-9,0,8,-17,-7,-35,-6,4,-5
6,11,5,-9,1,8,-17,-7,-35,-5,4,-4
8,13,5,-10,1,8,-17,-6,-34,-5,5,-3
9,14,5,-11,1,9,-16,-5,-34,-4,6,-2
9,14,5,-11,1,9,-16,-5,-34,-4,6,-2
8,12,4,-10,1,8,-15,-5,-34,-4,6,-2
8,12,4,-10,1,7,-15,-6,-34,-3,6,-2
9,13,4,-11,2,8,-15,-6,-34,-3,6,-3
10,14,4,-12,2,9,-15,-6,-34,-4,6,-3
10,14,4,-12,2,9,-15,-6,-35,-4,5,-4
9,14,5,-11,1,9,-14,-5,-35,-5,5,-4
8,14,5,-11,1,9,-12,-5,-35,-4,6,-3
7,13,5,-9,0,9,-11,-5,-35,-4,6,-2
6,11,5,-8,0,8,-11,-5,-35,-4,6,-2
5,10,4,-7,0,7,-10,-4,-35,-4,6,-3
4,8,3,-6,0,6,-10,-4,-35,-4,6,-4
3,7,3,-5,0,5,-9,-4,-35,-4,5,-4
1,6,4,-4,-1,5,-9,-4,-35,-4,5,-5
1,6,5,-3,-2,5,-9,-4,-35,-4,5,-5
2,7,5,-4,-2,5,-8,-3,-35,-3,6,-6
2,7,5,-5,-1,6,-8,-3,-35,-4,5,-6
2,7,4,-4,-1,5,-8,-4,-37,-6,4,-8
2,6,4,-4,0,4,-9,-5,-38,-7,3,-8
3,6,3,-5,0,5,-8,-4,-37,-6,4,-7
5,8,4,-6,0,6,-8,-4,-36,-4,5,-5
4,8,4,-7,0,6,-7,-4,-35,-4,6,-5
4,8,4,-6,0,6,-7,-4,-35,-4,5,-6
4,8,4,-6,0,6,-7,-4,-35,-5,5,-6
4,8,4,-6,0,6,-7,-4,-35,-5,5,-7
4,7,4,-6,0,6,-7,-4,-34,-5,5,-6
4,7,4,-6,0,6,-7,-4,-34,-5,5,-6
4,7,3,-6,0,5,-7,-4,-34,-5,5,-6
5,7,3,-6,1,5,-7,-5,-34,-5,5,-6
5,7,3,-6,1,5,-7,-4,-33,-5,5,-5
4,8,4,-6,0,5,-7,-4,-33,-5,5,-5
4,7,4,-5,0,5,-7,-4,-34,-6,5,-6
4,8,4,-6,0,5,-7,-4,-34,-6,4,-6
4,9,4,-6,0,6,-7,-4,-33,-6,5,-6
4,9,5,-6,-1,6,-7,-4,-33,-5,5,-6
4,8,4,-6,0,6,-7,-4,-32,-4,5,-6
4,8,3,-6,0,6,-7,-4,-32,-3,6,-6
5,8,3,-7,1,5,-7,-4,-32,-3,6,-5
4,8,3,-7,0,5,-7,-4,-32,-3,7,-5
4,8,5,-7,0,6,-7,-4,-32,-3,7,-5
3,8,5,-7,-1,6,-7,-4,-33,-4,6,-6
3,8,5,-6,-1,6,-7,-4,-33,-4,5,-6
3,8,5,-6,-1,7,-6,-4,-34,-5,5,-7
3,8,4,-6,-1,6,-6,-4,-34,-5,4,-7
2,6,4,-4,-1,5,-6,-4,-35,-6,4,-7
1,4,3,-3,-1,4,-6,-5,-35,-6,4,-7
2,4,2,-3,0,3,-6,-5,-35,-5,4,-7
2,5,2,-3,0,3,-6,-5,-35,-5,4,-6
1,5,3,-3,-1,3,-6,-5,-35,-4,5,-6
2,6,3,-4,0,4,-5,-4,-35,-4,5,-5
6,8,3,-7,1,5,-5,-4,-35,-4,6,-4
7,10,3,-8,1,6,-5,-3,-35,-4,6,-4
5,9,4,-7,0,6,-5,-4,-35,-4,5,-5
4,9,5,-7,0,6,-6,-5,-35,-4,5,-5
6,10,5,-8,0,7,-5,-5,-35,-4,5,-5
6,11,5,-9,0,8,-5,-5,-35,-3,5,-5
6,12,6,-9,0,8,-5,-5,-35,-4,4,-5
6,13,7,-10,0,9,-5,-6,-36,-5,3,-7
6,13,8,-10,0,10,-6,-7,-37,-6,2,-8
5,14,9,-9,-2,11,-6,-7,-37,-6,2,-7
4,14,10,-9,-3,12,-5,-7,-36,-4,4,-5
3,14,11,-9,-4,12,-5,-6,-34,-2,8,-1
4,14,10,-9,-3,12,-5,-5,-32,0,12,5
4,13,9,-9,-2,11,-5,-4,-30,4,18,13
6,13,7,-9,-1,10,-5,-2,-28,8,26,22
7,12,5,-9,1,8,-4,0,-26,13,33,32
8,12,3,-10,2,7,-4,3,-25,17,41,42
9,12,2,-10,3,6,-4,5,-24,21,49,53
12,12,0,-12,5,6,-5,6,-24,24,58,66
15,12,-2,-14,8,5,-6,7,-25,26,66,79
18,12,-4,-15,11,4,-8,8,-28,26,72,91
19,11,-7,-16,13,2,-9,8,-32,25,77,102
20,9,-11,-15,15,-1,-10,9,-37,23,80,110
20,5,-15,-13,17,-5,-11,9,-42,21,83,117
22,2,-20,-12,21,-9,-12,8,-47,19,84,121
27,0,-26,-13,26,-14,-13,8,-53,16,84,124
31,-1,-32,-14,31,-18,-13,9,-58,13,83,126
35,-4,-39,-15,37,-22,-13,9,-62,11,82,126
39,-8,-46,-15,42,-27,-14,10,-65,9,80,123
41,-11,-52,-15,46,-32,-13,11,-66,9,78,118
43,-15,-57,-14,50,-36,-13,13,-66,8,74,109
44,-18,-62,-14,53,-40,-12,15,-67,8,67,95
45,-20,-66,-13,55,-43,-12,17,-66,7,58,76
45,-23,-69,-11,57,-47,-11,20,-65,8,49,55
44,-27,-71,-9,58,-50,-11,22,-63,8,40,35
44,-30,-74,-7,59,-53,-10,24,-61,7,29,14
44,-34,-78,-5,61,-56,-7,26,-60,5,16,-8
42,-39,-81,-2,61,-60,-4,28,-59,1,2,-31
39,-44,-83,2,61,-64,0,30,-59,-3,-11,-53
36,-49,-85,6,61,-67,4,34,-57,-6,-23,-72
32,-53,-85,10,59,-70,9,37,-56,-8,-35,-89
29,-55,-85,13,57,-70,14,41,-54,-10,-43,-102
26,-56,-82,15,54,-70,19,45,-51,-10,-49,-112
23,-57,-80,17,51,-69,23,48,-48,-10,-54,-119
22,-57,-78,18,50,-68,26,49,-47,-12,-60,-124
19,-57,-75,19,47,-67,29,49,-49,-18,-69,-130
12,-59,-71,23,42,-65,32,49,-53,-28,-80,-137
6,-60,-66,26,36,-63,36,47,-58,-39,-93,-144
1,-61,-62,30,31,-62,38,44,-64,-51,-106,-152
-4,-62,-58,33,26,-60,42,41,-70,-63,-118,-158
-8,-61,-52,35,22,-57,46,37,-75,-74,-128,-162
-12,-59,-47,36,17,-54,50,32,-78,-83,-135,-165
-16,-59,-43,37,13,-51,53,28,-80,-90,-139,-166
-20,-60,-40,40,9,-50,55,24,-80,-94,-142,-166
-23,-59,-36,41,6,-48,55,21,-80,-95,-142,-164
-24,-56,-32,40,4,-44,55,18,-79,-94,-139,-159
-25,-52,-28,38,2,-40,55,16,-78,-93,-135,-154
-26,-48,-23,37,-1,-36,56,13,-78,-93,-132,-150
-28,-45,-17,37,-5,-32,57,11,-79,-93,-129,-146
-29,-42,-13,36,-8,-28,58,8,-79,-93,-127,-142
-30,-40,-9,35,-11,-25,59,3,-81,-93,-123,-137
-31,-38,-6,35,-12,-22,59,-1,-82,-93,-119,-132
-31,-35,-4,34,-13,-20,60,-4,-81,-90,-114,-126
-31,-32,-1,32,-14,-17,61,-5,-80,-87,-108,-119
-30,-28,1,30,-15,-14,62,-4,-79,-85,-104,-114
-29,-26,2,28,-15,-13,64,-3,-78,-82,-99,-108
-29,-25,2,27,-15,-12,66,-1,-76,-77,-92,-101
-28,-25,3,27,-16,-11,69,0,-74,-72,-85,-94
-28,-24,4,26,-16,-10,71,0,-71,-67,-79,-89
-27,-23,4,25,-15,-9,73,0,-69,-64,-74,-84
-25,-21,5,23,-15,-8,76,0,-67,-62,-71,-81
-25,-19,6,22,-15,-6,79,-1,-67,-60,-69,-78
-25,-18,7,22,-15,-6,82,-3,-69,-60,-67,-76
-26,-19,6,23,-15,-6,85,-4,-71,-59,-65,-73
-27,-20,6,23,-16,-7,88,-2,-72,-57,-62,-70
-25,-20,6,22,-15,-7,92,0,-72,-54,-57,-66
-23,-19,5,21,-14,-7,97,1,-70,-51,-53,-62
-22,-19,4,21,-13,-7,101,3,-68,-47,-48,-59
-22,-19,4,21,-13,-7,106,5,-67,-44,-45,-56
-22,-18,4,20,-13,-7,111,7,-65,-41,-42,-53
-21,-17,4,20,-12,-7,117,7,-64,-39,-40,-51
-20,-17,3,19,-11,-8,120,6,-63,-37,-38,-49
-20,-18,2,19,-11,-8,120,4,-62,-34,-35,-46
-21,-19,2,20,-11,-9,117,0,-62,-33,-33,-43
-22,-20,2,21,-12,-9,114,-7,-64,-33,-32,-42
-21,-21,1,21,-11,-10,111,-13,-65,-34,-32,-41
-20,-21,0,21,-10,-10,107,-20,-66,-35,-31,-41
-21,-22,0,21,-11,-10,101,-26,-68,-35,-31,-40
-22,-22,1,22,-12,-10,93,-32,-70,-36,-31,-40
-23,-22,1,22,-12,-10,84,-37,-72,-37,-31,-39
-21,-20,1,20,-11,-9,74,-40,-72,-36,-30,-38
-18,-15,2,16,-9,-7,63,-41,-71,-33,-27,-35
-14,-10,3,12,-8,-4,51,-40,-68,-29,-23,-31
-11,-7,5,10,-8,-1,40,-39,-65,-25,-19,-28
-10,-5,6,8,-8,0,31,-38,-61,-21,-15,-25
-8,-3,6,5,-7,2,24,-35,-57,-18,-11,-22
-5,0,6,2,-6,3,18,-31,-54,-14,-8,-18
-3,3,7,0,-5,5,13,-27,-51,-11,-5,-15
-2,6,9,-2,-5,7,8,-24,-48,-8,-3,-13
0,8,9,-4,-5,8,4,-21,-46,-6,-1,-11
2,10,9,-6,-3,9,0,-19,-43,-2,2,-9
3,12,9,-7,-3,10,-2,-17,-40,0,5,-7
4,13,10,-8,-3,12,-3,-15,-38,2,7,-5
4,13,10,-8,-3,13,-5,-14,-36,3,7,-5
3,13,11,-7,-4,13,-6,-13,-36,3,7,-4
2,13,11,-7,-4,13,-8,-12,-36,4,7,-4
3,14,11,-8,-4,13,-9,-11,-36,4,7,-4
3,15,11,-8,-4,13,-10,-11,-37,4,7,-4
2,15,12,-8,-5,13,-11,-12,-37,4,8,-3
4,16,12,-9,-4,13,-11,-12,-37,5,9,-3
6,18,12,-12,-3,15,-10,-11,-36,7,11,-2
7,19,12,-13,-2,16,-10,-11,-36,7,11,-2
7,18,12,-12,-2,16,-10,-12,-36,7,10,-2
7,17,11,-12,-2,15,-10,-11,-35,7,10,-1
6,17,12,-11,-2,15,-11,-11,-35,7,10,-1
5,17,13,-11,-3,15,-11,-11,-35,7,10,-1
4,17,14,-11,-4,15,-12,-12,-35,7,10,-1
4,17,14,-11,-5,15,-12,-12,-34,8,10,-1
5,17,13,-11,-4,15,-12,-13,-33,8,11,0
5,17,13,-11,-3,15,-12,-13,-33,8,11,0
5,17,13,-11,-3,15,-12,-13,-33,8,11,0
5,18,13,-11,-3,16,-12,-12,-33,8,11,0
5,19,14,-11,-4,16,-12,-12,-34,8,12,1
4,19,15,-11,-5,17,-12,-11,-35,8,11,1
4,19,15,-11,-5,17,-13,-11,-36,8,11,1
5,20,15,-13,-5,17,-13,-12,-37,8,11,1
6,21,15,-13,-5,18,-13,-12,-38,8,11,1
5,21,16,-12,-5,18,-13,-12,-38,8,12,2
5,21,17,-12,-6,18,-13,-12,-38,9,12,2
5,21,17,-12,-6,19,-13,-12,-38,10,13,3
5,22,17,-13,-5,19,-13,-12,-37,11,14,3
4,22,17,-13,-6,19,-13,-12,-37,12,14,3
4,23,18,-13,-6,20,-14,-12,-38,11,13,3
5,24,18,-14,-6,20,-14,-12,-38,10,13,4
6,24,18,-15,-6,21,-14,-13,-38,10,13,4
6,23,19,-14,-6,21,-14,-13,-38,11,14,5
4,23,20,-13,-7,21,-14,-14,-38,11,15,5
4,23,20,-13,-8,22,-15,-14,-38,12,16,6
4,23,20,-13,-8,22,-15,-14,-39,12,16,7
4,23,20,-13,-8,22,-16,-14,-39,13,16,7
4,25,20,-14,-8,23,-15,-14,-39,14,17,8
6,27,21,-16,-8,24,-15,-13,-38,15,18,10
5,27,22,-16,-9,24,-16,-13,-38,15,19,10
4,26,22,-14,-10,24,-17,-14,-39,15,19,10
2,25,23,-12,-11,24,-18,-16,-40,15,19,10
1,25,24,-12,-12,25,-18,-16,-40,15,19,10
3,27,24,-14,-11,26,-18,-16,-40,16,20,10
6,30,24,-17,-9,26,-18,-16,-40,16,20,11
6,31,24,-18,-9,27,-18,-16,-40,17,20,11
5,31,26,-18,-10,28,-18,-16,-40,17,21,13
6,32,27,-19,-10,29,-17,-16,-40,18,22,14
7,32,26,-19,-10,29,-17,-16,-41,18,23,15
7,33,26,-19,-10,30,-17,-16,-41,18,24,16
7,34,27,-19,-11,31,-18,-16,-40,19,25,17
6,35,28,-20,-11,32,-18,-16,-40,19,26,18
6,35,28,-20,-11,31,-19,-17,-41,19,26,19
6,34,28,-19,-11,31,-20,-17,-41,20,27,19
5,33,29,-19,-12,31,-21,-17,-41,21,28,20
4,34,30,-20,-13,32,-22,-17,-40,22,29,21
5,35,31,-20,-13,33,-23,-17,-40,22,30,22
6,36,31,-21,-13,33,-23,-18,-40,22,31,23
7,37,31,-22,-12,34,-23,-18,-39,23,32,25
9,38,31,-23,-11,34,-24,-18,-38,24,33,26
9,39,30,-23,-11,34,-24,-18,-37,26,35,27
10,40,31,-24,-11,35,-24,-17,-36,27,36,29
10,41,32,-25,-11,36,-25,-17,-35,27,37,29
9,41,33,-25,-12,37,-26,-17,-35,27,38,30
9,41,33,-25,-12,37,-27,-17,-36,27,38,30
9,40,32,-24,-12,36,-28,-17,-36,27,38,31
8,39,31,-23,-11,35,-28,-17,-36,27,38,31
9,39,31,-23,-11,34,-29,-17,-36,27,38,32
9,40,31,-24,-11,35,-29,-17,-36,27,39,33
10,41,31,-25,-10,35,-30,-17,-36,28,40,34
11,41,30,-26,-10,35,-30,-17,-36,28,41,34
13,41,29,-26,-9,35,-31,-16,-36,29,42,35
14,41,28,-27,-7,35,-32,-16,-36,30,43,36
14,42,28,-28,-7,35,-32,-15,-35,31,44,36
14,42,29,-28,-7,35,-32,-13,-34,32,45,37
13,41,29,-27,-8,35,-33,-13,-34,33,45,38
12,39,28,-26,-8,33,-33,-13,-34,33,45,37
12,38,27,-25,-8,32,-34,-13,-34,33,45,37
11,37,26,-24,-8,32,-35,-12,-34,33,45,37
11,37,26,-24,-7,32,-35,-10,-33,34,46,38
13,38,26,-25,-6,32,-35,-8,-33,35,47,39
15,39,25,-27,-5,32,-35,-6,-32,36,47,39
16,39,24,-27,-4,31,-34,-5,-32,37,47,39
16,39,23,-27,-4,31,-34,-3,-32,37,47,39
16,39,23,-28,-4,31,-33,-2,-31,38,47,39
16,39,23,-28,-4,31,-33,0,-31,38,48,39
16,39,23,-28,-3,31,-33,0,-31,38,47,38
16,38,21,-27,-3,30,-32,1,-31,38,46,37
16,37,20,-26,-2,28,-32,2,-32,38,46,37
17,36,19,-26,-1,27,-32,4,-32,38,46,36
17,35,18,-26,0,27,-32,5,-32,38,45,35
16,34,18,-25,0,26,-31,5,-33,37,44,34
16,33,18,-24,-1,26,-31,6,-33,37,43,33
16,33,17,-24,0,26,-30,6,-34,37,42,32
17,33,16,-25,0,25,-29,7,-34,36,42,31
18,33,16,-25,1,24,-28,8,-34,36,41,30
16,32,16,-24,0,24,-27,9,-34,36,40,29
14,30,16,-22,-1,23,-26,9,-35,36,39,28
13,29,16,-21,-1,22,-25,11,-35,36,38,27
14,28,15,-21,0,22,-24,12,-36,35,37,26
15,28,14,-21,1,21,-23,13,-36,34,36,25
15,27,13,-21,1,21,-22,13,-37,34,35,24
15,26,13,-20,1,20,-21,13,-37,33,35,23
15,26,12,-20,2,19,-20,14,-38,33,35,22
16,26,11,-20,2,18,-19,14,-38,32,34,21
15,25,11,-20,2,18,-19,15,-39,32,33,19
14,24,11,-19,2,17,-18,15,-39,31,31,18
13,23,11,-18,1,17,-17,16,-40,30,30,16
12,22,11,-17,1,17,-17,16,-41,29,29,14
11,22,11,-16,0,16,-16,16,-42,28,28,13
12,22,11,-16,0,16,-15,16,-42,27,27,12
12,22,10,-17,1,16,-13,16,-43,27,26,12
13,21,10,-17,1,15,-12,16,-43,27,25,11
12,21,9,-16,1,15,-11,16,-43,26,24,10
11,20,9,-15,1,14,-10,16,-44,25,23,8
10,19,9,-14,1,13,-9,16,-45,23,21,7
10,19,8,-15,1,13,-8,16,-46,22,20,6
11,19,8,-15,2,13,-8,15,-47,21,19,5
10,17,7,-14,1,12,-7,13,-48,19,18,3
9,16,8,-13,0,12,-6,12,-48,19,17,3
9,16,9,-13,0,13,-4,12,-49,18,17,2
9,16,8,-12,0,13,-4,11,-49,17,16,1
8,15,8,-12,0,12,-4,10,-50,16,14,0
8,15,7,-11,0,11,-4,9,-50,14,13,-1
8,15,7,-11,0,11,-3,9,-51,13,12,-1
7,14,7,-10,0,10,-2,8,-52,12,11,-2
4,12,8,-8,-2,10,-2,6,-53,11,10,-3
3,12,9,-7,-3,10,-1,5,-54,11,10,-3
3,12,8,-8,-3,10,0,4,-55,10,9,-4
3,11,8,-8,-2,9,0,3,-56,9,8,-4
3,11,8,-8,-2,9,0,3,-56,8,8,-5
4,12,8,-8,-2,9,0,2,-57,8,7,-5
6,13,8,-9,-1,10,0,2,-57,7,7,-5
6,13,8,-10,-1,10,0,1,-58,7,6,-6
4,13,9,-9,-2,10,0,1,-58,6,6,-6
4,12,9,-8,-2,10,1,0,-59,5,5,-6
3,11,8,-7,-2,9,1,-1,-60,4,4,-7
3,11,8,-7,-3,9,1,-1,-61,3,4,-7
3,11,8,-7,-3,9,1,-2,-61,3,4,-7
3,11,8,-7,-3,10,2,-2,-61,3,4,-7
3,12,9,-7,-3,10,2,-2,-60,4,4,-7
2,12,9,-7,-4,10,2,-3,-60,4,4,-7
1,11,10,-6,-4,10,2,-3,-61,3,3,-8
1,11,9,-6,-4,10,2,-4,-61,3,3,-8
1,10,9,-6,-4,10,2,-4,-62,2,2,-8
1,10,9,-6,-4,10,2,-4,-62,2,2,-8
0,10,9,-5,-5,10,2,-4,-63,2,2,-8
0,9,9,-4,-5,9,1,-5,-64,1,2,-9
0,8,9,-4,-5,9,1,-5,-65,1,1,-9
1,9,8,-5,-4,9,1,-5,-65,1,1,-8
3,11,8,-7,-2,9,1,-5,-66,1,2,-8
5,12,8,-8,-1,10,1,-4,-67,2,2,-7
5,13,8,-9,-2,10,0,-4,-60,2,2,-7
5,13,9,-9,-2,11,1,-4,-29,2,2,-7
4,13,9,-9,-3,11,1,-4,7,2,2,-7
4,12,9,-8,-3,11,1,-4,30,1,1,-8
4,12,9,-8,-3,10,1,-5,42,1,1,-8
4,12,8,-8,-2,10,1,-5,50,1,1,-8
3,11,9,-7,-3,10,1,-5,56,1,1,-7
1,11,9,-6,-4,10,1,-5,60,1,1,-7
1,11,9,-6,-4,10,0,-5,63,0,1,-7
1,11,9,-6,-4,10,0,-6,65,0,0,-7
1,11,9,-6,-4,10,0,-6,66,0,0,-7
3,12,9,-7,-3,10,0,-6,68,0,0,-7
4,12,9,-8,-2,10,0,-6,69,0,0,-7
3,12,9,-7,-3,10,-1,-6,71,0,0,-7
2,10,9,-6,-3,10,-1,-6,73,0,0,-7
0,10,9,-5,-4,9,-1,-6,74,0,0,-7
0,10,9,-5,-4,9,0,-6,76,0,0,-7
2,11,9,-6,-4,10,0,-6,77,0,0,-6
3,12,9,-7,-3,10,0,-6,78,0,0,-6
2,11,9,-7,-3,10,1,-5,79,0,0,-6
2,10,9,-6,-3,9,1,-5,80,0,0,-6
2,9,8,-6,-3,8,2,-5,81,0,0,-6
2,9,8,-5,-3,8,2,-4,83,0,1,-5
1,9,7,-5,-3,7,3,-4,84,1,1,-4
2,9,6,-5,-2,7,4,-3,85,1,2,-3
4,9,5,-6,-1,6,4,-3,86,2,3,-2
3,8,5,-6,-1,6,4,-2,87,2,3,-2
2,7,5,-5,-1,5,4,-2,87,2,3,-2
4,8,4,-6,0,5,4,-1,88,2,3,-2
6,9,4,-7,1,6,5,0,88,3,4,-2
5,9,3,-7,1,6,6,0,89,3,4,-2
5,8,3,-7,1,6,6,0,89,3,4,-2
4,8,3,-6,1,6,7,1,90,3,4,-1
4,8,3,-6,0,6,7,1,90,3,5,-1
5,8,3,-7,1,5,7,1,90,3,5,-1
6,8,2,-7,1,5,7,1,90,3,5,-1
6,9,3,-7,1,6,8,1,91,3,6,-1
5,8,4,-7,0,6,8,1,91,2,6,-1
5,8,4,-7,0,6,8,0,90,1,5,-2
6,9,4,-8,1,6,8,0,90,1,5,-2
7,10,3,-9,2,6,7,0,91,1,5,-1
7,10,3,-9,2,6,6,0,90,0,5,-1
6,9,3,-8,1,5,5,-1,89,0,4,-2
7,9,2,-8,2,5,3,-2,88,-1,4,-2
7,8,1,-8,3,4,1,-3,88,-2,3,-2
6,8,2,-7,2,4,0,-3,87,-2,3,-3
5,7,3,-6,1,4,-1,-4,87,-3,2,-3
5,7,2,-6,1,4,-2,-5,86,-4,2,-3
6,8,2,-7,2,4,-3,-6,85,-4,1,-3
6,7,1,-7,3,4,-4,-6,85,-5,1,-3
5,6,1,-6,2,4,-5,-7,84,-5,0,-3
5,5,1,-5,2,4,-6,-8,84,-6,0,-4
5,5,0,-5,2,3,-8,-8,83,-7,0,-4
5,5,0,-5,2,3,-9,-9,83,-8,0,-4
6,5,0,-5,3,2,-9,-9,83,-8,0,-4
6,5,0,-5,3,2,-9,-9,83,-8,0,-4
7,5,0,-6,4,2,-9,-9,83,-8,-1,-4
8,5,-2,-6,5,2,-9,-9,82,-9,-1,-4
8,5,-3,-6,5,1,-9,-9,82,-9,-1,-3
7,5,-2,-6,4,1,-9,-9,82,-9,-1,-2
7,5,-2,-6,4,1,-9,-8,82,-8,-1,-1
7,5,-2,-6,4,1,-8,-8,82,-8,0,-1
8,5,-2,-6,5,1,-8,-8,82,-8,0,0
8,5,-3,-6,5,0,-7,-8,82,-8,0,0
8,4,-3,-6,5,0,-7,-8,82,-8,0,0
8,3,-4,-6,6,0,-7,-8,81,-8,0,0
7,3,-4,-5,6,-1,-7,-8,81,-8,0,0
6,2,-4,-4,5,-1,-6,-8,80,-8,-1,0
6,2,-4,-3,5,-1,-5,-7,81,-8,-1,0
7,3,-4,-4,5,0,-4,-6,81,-8,-1,0
8,3,-4,-5,6,0,-3,-6,81,-7,-1,0
6,2,-4,-4,5,-1,-3,-6,81,-7,-1,0
5,1,-4,-3,4,-1,-3,-5,81,-7,-1,0
6,1,-4,-4,5,-1,-2,-5,81,-7,-1,0
6,1,-4,-4,5,-1,-2,-4,81,-7,-1,0
6,1,-4,-4,5,-1,-1,-5,80,-7,-1,0
5,0,-4,-3,4,-2,-1,-5,80,-8,-2,0
4,0,-4,-2,4,-2,-2,-6,79,-8,-2,0
5,1,-4,-3,5,-2,-2,-6,79,-9,-3,0
5,1,-4,-3,4,-2,-2,-6,79,-9,-3,0
4,1,-2,-3,3,-1,-2,-6,79,-9,-3,0
5,1,-2,-3,4,-1,-1,-6,79,-9,-3,0
5,1,-3,-3,4,-1,-1,-6,79,-10,-3,0
5,0,-3,-3,4,-1,-1,-6,79,-10,-3,0
4,0,-3,-2,4,-1,-1,-6,80,-10,-3,0
3,0,-3,-2,3,-1,0,-5,80,-10,-3,1
3,0,-3,-2,3,-2,0,-5,80,-10,-3,1
4,0,-4,-2,4,-2,-1,-6,79,-10,-3,0
4,0,-4,-2,4,-3,-1,-6,79,-10,-4,0
3,-1,-3,-1,3,-2,-1,-6,78,-10,-4,0
2,-1,-3,-1,3,-2,-1,-6,78,-10,-4,0
3,-1,-4,-1,3,-3,-2,-6,77,-11,-4,0
4,0,-4,-2,4,-3,-2,-5,77,-11,-4,0
4,0,-5,-2,4,-3,-2,-5,77,-11,-4,0
5,0,-5,-2,4,-3,-2,-5,77,-11,-5,0
5,1,-4,-2,4,-2,-2,-5,77,-10,-5,0
4,0,-4,-2,4,-2,-1,-4,77,-10,-5,1
4,0,-4,-1,4,-2,-2,-4,77,-11,-5,0
4,0,-3,-2,4,-2,-2,-4,76,-11,-5,0
4,0,-3,-3,4,-2,-2,-4,76,-11,-5,1
5,0,-4,-3,4,-2,-1,-4,77,-11,-4,1
5,0,-4,-3,4,-2,-1,-4,77,-11,-4,1
6,1,-5,-4,5,-2,-1,-4,77,-10,-4,1
7,2,-5,-4,5,-1,-1,-4,76,-10,-4,2
6,2,-4,-4,5,-1,-1,-4,76,-10,-4,2
5,1,-4,-3,5,-2,-1,-4,75,-10,-4,1
5,0,-4,-3,5,-2,-1,-4,74,-10,-4,1
5,0,-4,-3,5,-2,-1,-3,74,-10,-4,1
5,0,-4,-2,4,-2,-1,-3,74,-10,-4,1
4,0,-4,-2,4,-2,-1,-3,73,-10,-4,1
3,0,-3,-1,3,-2,-1,-3,73,-10,-4,1
3,0,-3,-1,3,-2,-1,-4,72,-10,-4,2
3,0,-3,-1,3,-2,-1,-4,72,-10,-4,2
4,0,-3,-2,3,-1,-1,-4,72,-10,-4,2
5,1,-3,-3,4,-1,-1,-4,71,-10,-4,2
5,1,-3,-3,4,-1,-1,-5,70,-11,-5,1
3,0,-2,-2,3,-1,-2,-6,69,-11,-6,0
2,0,-1,-1,2,-1,-2,-7,68,-12,-7,0
3,1,-1,-2,2,0,-2,-8,68,-12,-8,0
3,2,0,-3,2,1,-2,-8,68,-12,-8,1
2,3,0,-2,1,1,-2,-8,69,-12,-7,3
3,4,1,-3,0,2,-1,-8,70,-10,-4,6
4,5,2,-4,1,3,-1,-7,71,-8,-1,10
5,5,2,-5,1,3,-2,-6,73,-5,4,17
6,6,1,-6,2,3,-2,-3,75,0,11,25
8,7,0,-8,4,3,-1,0,78,5,20,35
9,6,-1,-7,5,2,-1,3,79,10,27,44
9,4,-4,-6,6,0,-1,4,79,12,33,53
10,4,-6,-6,8,-1,-2,6,79,15,40,64
14,5,-8,-9,10,-1,-3,8,79,17,49,77
17,6,-11,-11,13,-2,-4,9,77,19,57,91
18,4,-13,-11,15,-4,-6,9,74,19,63,102
19,2,-17,-11,17,-7,-7,9,70,18,68,111
21,0,-21,-10,20,-11,-7,10,66,18,72,119
21,-3,-25,-9,22,-14,-7,12,62,17,75,126
23,-6,-30,-8,25,-18,-8,13,57,15,77,131
27,-8,-35,-8,30,-22,-8,13,52,13,78,134
31,-10,-42,-9,36,-26,-9,14,47,11,78,135
35,-14,-49,-10,42,-32,-9,16,44,10,79,135
38,-18,-56,-9,47,-37,-10,17,42,9,78,133
38,-23,-61,-7,49,-42,-10,19,40,9,76,127
39,-27,-66,-6,52,-46,-10,21,40,10,72,117
41,-29,-70,-7,55,-49,-9,24,42,11,67,102
43,-30,-73,-7,58,-52,-8,27,44,13,59,85
44,-32,-76,-6,60,-54,-8,29,45,13,51,67
44,-36,-79,-3,61,-58,-7,30,45,12,41,47
42,-41,-82,0,62,-62,-4,32,45,9,29,26
40,-46,-85,3,63,-66,-1,34,45,6,17,4
40,-50,-88,5,64,-69,3,37,46,3,5,-16
37,-54,-90,8,63,-72,7,41,47,0,-7,-35
34,-58,-91,12,62,-75,11,44,48,-2,-19,-53
30,-62,-91,16,60,-77,15,46,48,-5,-31,-69
26,-65,-91,20,58,-78,18,49,49,-7,-40,-81
23,-66,-89,22,56,-78,22,52,51,-9,-48,-91
22,-65,-87,23,54,-76,27,53,51,-12,-56,-99
19,-65,-84,24,51,-75,31,54,50,-18,-65,-106
14,-67,-81,26,47,-74,34,54,47,-26,-76,-113
10,-68,-78,29,43,-73,37,53,42,-37,-89,-120
6,-68,-74,30,40,-71,40,51,36,-48,-101,-127
3,-68,-70,32,36,-69,44,48,29,-61,-115,-134
-2,-69,-66,35,31,-67,48,43,22,-75,-128,-141
-8,-69,-61,39,26,-65,52,37,15,-87,-139,-146
-13,-70,-56,42,22,-64,55,31,11,-96,-146,-150
-17,-71,-53,44,18,-63,58,27,9,-102,-150,-151
-20,-69,-49,45,14,-60,59,24,9,-104,-150,-148
-21,-67,-44,44,11,-56,59,21,10,-104,-148,-144
-23,-64,-40,43,8,-52,59,18,9,-105,-145,-140
-24,-61,-36,43,5,-48,59,14,8,-105,-143,-137
-26,-58,-31,42,2,-44,59,10,6,-106,-142,-133
-27,-55,-27,41,0,-40,60,5,4,-106,-140,-130
-28,-51,-22,40,-3,-37,61,0,2,-107,-137,-125
-28,-48,-18,39,-5,-34,62,-4,0,-106,-133,-120
-28,-44,-15,37,-6,-31,63,-7,1,-105,-128,-113
-28,-42,-13,35,-8,-28,64,-8,2,-102,-122,-107
-28,-40,-10,34,-9,-25,66,-8,4,-99,-116,-101
-29,-38,-8,33,-11,-23,67,-8,5,-95,-111,-95
-29,-37,-7,33,-12,-21,69,-6,7,-90,-105,-89
-29,-35,-6,32,-12,-20,71,-4,9,-85,-98,-83
-28,-34,-5,31,-12,-19,73,-3,11,-80,-93,-77
-28,-32,-4,30,-12,-18,75,-4,13,-78,-89,-73
-27,-30,-3,29,-12,-17,77,-4,14,-76,-85,-69
-28,-30,-2,29,-12,-17,80,-5,14,-74,-82,-65
-29,-30,-2,29,-13,-17,83,-7,13,-73,-80,-62
-29,-30,-1,29,-13,-16,86,-7,12,-72,-77,-59
-27,-30,-1,28,-13,-16,90,-6,12,-69,-73,-55
-26,-29,-2,27,-12,-16,94,-4,13,-65,-69,-52
-24,-29,-3,27,-11,-16,98,-2,14,-61,-64,-48
-23,-28,-4,26,-10,-16,102,0,16,-57,-60,-45
-22,-27,-5,25,-9,-17,107,3,18,-53,-57,-42
-21,-27,-5,24,-8,-17,113,5,20,-51,-54,-39
-20,-27,-5,24,-7,-17,119,6,22,-49,-51,-37
-20,-27,-6,23,-7,-17,124,5,22,-46,-49,-34
-20,-27,-6,23,-7,-16,126,3,23,-44,-46,-31
-19,-26,-6,23,-6,-16,125,-1,22,-42,-44,-29
-18,-26,-7,22,-5,-16,120,-8,21,-41,-42,-27
-17,-25,-7,22,-5,-16,115,-14,20,-40,-41,-26
-18,-25,-6,22,-6,-15,111,-19,19,-40,-40,-24
-20,-26,-5,23,-7,-16,106,-25,17,-41,-39,-23
-22,-27,-5,24,-8,-17,98,-31,15,-43,-39,-22
-20,-26,-6,23,-7,-17,88,-35,13,-43,-38,-21
-18,-24,-6,20,-6,-15,79,-37,13,-42,-36,-19
-16,-21,-5,18,-6,-13,69,-37,14,-39,-33,-16
-15,-19,-4,17,-6,-11,57,-36,16,-36,-30,-13
-13,-17,-4,15,-5,-10,45,-35,19,-32,-27,-10
-11,-14,-3,13,-4,-8,36,-33,22,-28,-23,-7
-8,-10,-2,9,-3,-6,28,-29,26,-24,-19,-3
-4,-5,-1,5,-1,-3,22,-24,30,-20,-15,0
-1,-1,0,1,-1,0,16,-19,33,-17,-11,4
0,1,0,-1,-1,1,11,-14,36,-13,-8,7
1,2,0,-2,0,2,7,-11,38,-10,-6,9
3,3,0,-3,0,2,3,-9,40,-8,-4,10
4,5,0,-5,1,3,1,-7,42,-5,-2,12
6,7,1,-7,2,4,0,-5,44,-3,0,14
8,9,1,-8,2,5,0,-3,46,-2,1,15
8,9,1,-9,3,5,-1,-2,47,-1,2,16
8,10,1,-9,3,5,-1,0,47,-1,2,17
9,11,2,-10,3,6,-2,0,48,0,3,17
9,12,2,-10,3,6,-2,1,48,0,4,18
9,11,2,-9,3,6,-3,1,48,1,4,18
7,11,3,-8,2,7,-3,0,48,1,4,18
6,10,3,-7,1,7,-4,0,48,1,4,18
5,9,3,-7,1,6,-4,0,48,1,4,18
7,10,3,-8,1,7,-4,0,48,1,4,18
8,11,3,-9,1,7,-3,0,48,1,5,19
7,10,3,-9,1,7,-4,0,47,1,5,18
6,9,3,-8,0,7,-4,0,47,1,5,18
7,11,3,-10,1,8,-4,0,47,2,6,19
9,14,4,-11,2,9,-4,0,48,3,7,20
10,15,4,-12,2,9,-5,0,48,3,7,20
11,15,3,-13,3,9,-5,0,48,3,7,20
11,15,3,-12,3,9,-5,0,48,3,7,20
9,13,4,-11,2,9,-5,0,48,3,7,20
9,14,5,-11,1,9,-4,1,48,4,8,21
10,15,5,-13,2,10,-4,1,49,4,9,21
11,16,5,-14,3,11,-4,1,48,5,9,21
11,16,4,-13,3,11,-5,0,48,5,9,21
11,16,5,-13,2,11,-5,0,48,5,9,22
11,17,5,-14,2,12,-5,0,48,6,10,22
11,17,6,-13,2,11,-5,0,49,6,10,23
10,16,6,-13,1,11,-5,0,49,6,11,23
10,17,6,-13,1,12,-5,1,49,6,11,24
11,17,6,-14,1,12,-6,1,48,7,11,24
10,17,6,-13,1,12,-7,0,48,7,11,24
9,15,6,-12,1,11,-8,0,47,7,10,24
8,15,6,-11,0,10,-9,-1,47,7,10,24
8,16,7,-11,0,11,-9,-1,48,8,11,25
9,18,8,-13,0,13,-8,0,48,9,12,26
9,19,9,-14,0,14,-8,0,49,9,12,27
9,19,10,-14,0,15,-8,0,49,10,13,27
10,20,10,-15,0,15,-8,0,49,10,14,28
11,21,10,-16,0,15,-8,0,49,11,14,28
10,22,11,-16,0,16,-8,0,49,11,15,29
10,21,12,-15,-1,16,-9,0,50,11,15,30
10,21,12,-15,-1,17,-10,0,50,11,15,30
10,22,12,-16,-1,17,-10,-1,50,12,15,31
11,23,12,-17,-1,18,-11,-1,50,12,16,32
11,24,13,-17,-2,18,-11,-1,50,13,17,33
10,24,14,-17,-3,19,-11,-1,50,13,17,34
10,25,15,-17,-4,20,-12,-1,51,13,18,34
10,25,16,-17,-4,20,-12,-1,51,13,18,35
10,26,16,-18,-3,21,-13,-1,51,14,18,35
10,26,16,-18,-3,21,-13,-2,52,14,19,36
9,26,16,-18,-3,21,-14,-2,52,14,19,37
9,25,16,-17,-4,21,-15,-3,52,14,20,38
10,26,16,-18,-4,22,-16,-3,53,15,21,39
10,27,17,-18,-4,22,-16,-3,53,16,21,40
10,28,18,-19,-4,23,-16,-3,54,17,22,41
11,29,18,-20,-4,24,-16,-3,54,17,23,42
12,31,19,-21,-3,24,-16,-3,54,18,25,44
12,32,19,-21,-3,25,-17,-2,55,19,26,45
13,32,19,-22,-3,25,-17,-2,55,19,27,46
13,32,19,-23,-3,26,-18,-2,55,20,28,47
14,33,19,-23,-3,26,-19,-2,55,20,29,48
14,33,20,-23,-3,26,-19,-2,55,21,29,48
14,34,20,-24,-3,27,-20,-2,55,21,30,49
15,35,20,-25,-2,28,-20,-2,56,22,31,50
15,36,20,-26,-2,28,-20,-2,56,22,32,51
15,36,21,-26,-3,28,-21,-1,56,23,33,52
16,37,20,-27,-2,28,-22,-1,57,24,34,53
17,37,20,-28,-2,29,-23,0,57,24,35,54
18,37,20,-28,-2,29,-23,0,57,25,36,55
17,37,20,-27,-2,28,-25,0,57,25,36,55
17,37,20,-27,-2,28,-26,0,57,26,37,55
18,37,19,-28,-1,28,-26,0,57,26,38,56
19,37,18,-28,0,28,-27,1,57,27,38,56
20,38,18,-29,1,28,-27,2,57,27,39,57
20,38,17,-29,1,28,-28,3,57,28,39,57
20,38,17,-29,1,27,-29,4,57,28,40,58
21,38,16,-29,1,27,-29,5,58,29,40,58
20,37,17,-28,0,27,-28,7,58,30,41,58
20,37,17,-28,0,27,-28,8,59,31,42,59
21,37,16,-29,1,27,-29,9,59,32,42,59
21,37,16,-29,1,27,-29,11,59,32,42,59
20,36,16,-29,1,27,-29,12,60,33,42,59
20,36,15,-29,2,27,-29,13,60,33,42,59
20,36,15,-28,2,26,-29,14,60,34,42,59
20,35,14,-28,2,25,-29,16,60,34,43,59
22,36,13,-29,3,25,-28,17,61,35,43,59
22,35,12,-28,4,24,-28,18,61,35,43,59
21,33,12,-27,4,22,-28,19,60,35,42,58
22,33,11,-27,5,22,-27,20,60,35,42,58
24,34,10,-29,6,22,-26,21,61,36,42,57
23,34,10,-28,6,22,-26,23,61,36,42,57
23,33,10,-28,6,21,-26,24,60,36,42,56
23,33,9,-28,6,20,-26,25,60,36,41,55
22,32,8,-27,6,20,-25,26,60,36,40,55
21,31,8,-26,5,19,-24,26,59,36,39,54
21,30,8,-26,5,19,-24,27,59,36,39,53
21,29,7,-25,6,18,-23,27,58,35,38,52
21,27,6,-24,7,17,-23,28,57,34,36,50
21,27,5,-24,7,17,-22,28,57,34,35,49
21,27,5,-24,7,17,-20,29,57,33,35,48
21,27,5,-24,7,17,-18,30,57,33,34,47
22,26,4,-24,8,16,-17,31,56,33,33,46
23,26,3,-24,8,15,-16,31,55,31,32,45
22,25,3,-23,8,14,-16,31,55,31,31,44
20,24,3,-22,8,14,-15,31,54,30,30,43
19,23,3,-21,7,13,-15,31,54,29,29,42
19,22,3,-20,7,13,-14,30,53,28,28,40
19,21,3,-20,8,12,-13,30,53,27,27,39
19,21,2,-20,8,12,-12,30,52,27,25,38
18,20,2,-19,8,11,-10,30,52,26,24,37
16,18,1,-17,7,9,-9,30,51,25,23,35
16,16,1,-16,7,8,-9,29,50,23,21,34
16,16,0,-16,8,8,-8,29,49,23,21,33
17,17,0,-17,8,9,-6,29,49,22,20,33
18,18,0,-18,9,9,-5,29,48,22,20,32
18,17,-1,-18,9,9,-4,28,47,20,18,30
17,15,-2,-16,9,7,-4,27,46,18,16,29
17,14,-3,-15,9,6,-4,25,45,17,15,27
16,14,-2,-15,8,6,-3,24,44,16,14,26
15,14,-1,-14,7,7,-2,24,44,15,14,25
14,13,-1,-13,6,6,-2,23,43,15,13,24
13,12,-2,-12,7,5,-1,22,42,13,11,23
12,11,-2,-11,6,5,-1,21,41,12,10,22
10,9,-2,-9,5,4,-1,19,40,11,9,21
8,7,-2,-8,4,3,0,18,39,9,8,20
8,7,-2,-8,4,3,0,17,38,9,7,20
9,8,-1,-9,4,4,1,16,38,8,7,20
11,9,-1,-10,5,4,2,16,37,8,6,19
12,10,-1,-10,5,4,3,15,37,7,6,19
12,10,-1,-10,6,4,3,15,36,6,5,18
12,10,-2,-10,6,4,3,14,35,6,5,18
11,9,-2,-10,6,4,3,12,35,5,4,17
9,7,-2,-8,5,3,3,11,34,4,3,17
8,7,-2,-8,5,3,3,10,33,4,3,16
9,7,-1,-8,4,3,4,9,33,4,3,16
9,8,0,-8,4,4,4,9,33,4,2,16
9,8,0,-9,4,4,4,9,33,3,2,15
10,8,-1,-9,5,3,4,8,32,2,1,15
9,7,-2,-8,5,3,3,7,32,2,0,14
8,7,-1,-8,4,3,3,7,31,2,0,14
8,8,-1,-8,4,3,3,7,31,2,1,15
9,9,-2,-9,5,4,3,7,31,2,1,15
8,8,-2,-8,4,3,2,6,31,2,1,15
7,6,-2,-6,3,3,2,5,30,1,0,14
8,6,-1,-7,3,3,2,5,30,1,0,14
9,7,-1,-7,4,3,3,5,30,1,0,15
8,7,-1,-7,4,3,3,5,30,1,0,15
8,7,-2,-7,4,3,3,5,30,1,0,15
8,8,-2,-8,4,3,3,6,30,1,0,15
8,8,-2,-8,4,4,3,9,30,1,0,15
8,8,-1,-8,4,4,2,11,29,1,0,15
8,7,-1,-8,4,4,1,12,29,1,0,15
8,7,-1,-8,4,3,0,12,28,1,0,15
8,7,-1,-8,4,3,0,13,28,1,0,15
8,6,-1,-7,4,2,0,13,28,1,0,14
7,6,-1,-7,4,2,0,13,28,1,0,14
7,7,-1,-8,4,3,0,13,28,1,0,15
7,8,-1,-8,4,4,0,13,28,2,1,15
6,6,-1,-6,3,3,0,12,27,1,0,15
6,4,-2,-5,3,1,-1,11,26,1,0,14
6,4,-2,-5,3,1,-1,10,26,0,-1,14
6,3,-2,-5,3,1,-2,9,25,0,-1,14
6,4,-2,-5,3,1,-2,9,25,0,-1,14
7,6,-1,-6,4,2,0,9,26,1,0,15
10,9,-1,-9,5,4,1,10,27,2,1,16
12,11,-2,-11,7,4,1,10,27,2,1,16
12,10,-3,-11,7,4,0,9,27,1,0,15
11,9,-3,-10,7,3,0,9,26,1,1,15
10,8,-2,-10,6,4,0,9,26,2,1,16
10,8,-2,-9,6,3,0,8,26,2,1,16
11,7,-3,-9,6,3,0,7,25,1,1,15
12,8,-3,-10,7,3,1,7,25,2,1,16
12,10,-2,-11,7,4,2,8,26,2,2,17
11,10,-2,-10,6,4,2,8,26,3,3,17
9,8,-2,-9,5,4,1,7,25,2,2,16
8,7,-1,-8,5,3,0,6,25,2,2,16
9,8,-1,-9,5,3,0,6,26,3,2,17
10,8,-1,-10,6,3,1,7,26,3,2,17
10,8,-1,-10,5,3,1,7,26,3,3,17
10,8,-1,-10,5,4,2,7,26,3,3,17
9,8,-1,-9,5,4,2,7,26,3,3,17
9,8,-1,-9,5,4,1,7,26,4,4,17
9,10,-1,-10,5,5,2,7,26,4,5,17
10,11,0,-11,5,6,2,8,26,5,5,18
12,12,0,-12,5,6,3,8,27,5,6,19
12,12,0,-12,5,6,3,8,27,6,6,19
12,12,0,-12,5,6,3,8,27,6,6,19
12,12,0,-12,5,6,3,8,26,6,6,19
12,12,0,-12,5,6,3,7,26,6,6,19
11,12,0,-11,5,6,2,7,25,6,6,19
10,11,0,-10,5,6,2,6,25,5,5,18
9,10,0,-9,4,6,1,6,24,5,5,18
8,10,1,-9,3,6,0,5,24,4,4,17
8,10,1,-9,3,6,0,5,24,4,4,17
10,12,1,-11,4,6,-1,5,24,4,5,18
12,13,1,-12,5,7,-2,5,24,4,5,18
13,14,1,-13,6,7,-3,5,24,4,5,18
14,14,-1,-14,7,6,-5,4,23,4,5,18
14,14,-2,-14,8,6,-6,4,22,4,5,17
14,14,-1,-14,8,6,-7,3,22,4,5,17
13,13,-1,-13,7,7,-9,2,22,4,5,17
11,12,0,-11,5,6,-10,1,22,3,4,17
10,11,0,-10,4,6,-11,1,21,2,4,16
11,11,0,-11,5,6,-12,0,21,2,3,16
11,10,-1,-11,6,5,-13,0,20,1,2,15
11,9,-1,-10,6,4,-14,-1,19,1,2,15
11,9,-1,-10,6,4,-14,-2,19,1,2,15
11,10,-2,-10,6,4,-15,-2,19,1,2,15
12,10,-3,-11,7,4,-15,-2,19,0,2,15
13,10,-4,-11,8,3,-15,-2,19,0,2,15
13,10,-4,-11,8,3,-15,-2,19,0,2,15
12,9,-3,-11,8,3,-16,-2,19,0,2,15
11,9,-3,-10,7,2,-16,-2,19,0,2,15
11,8,-3,-9,7,2,-16,-2,19,0,2,15
10,7,-3,-8,6,2,-16,-2,18,0,2,15
9,6,-2,-8,6,2,-16,-2,18,0,1,15
8,6,-3,-7,6,1,-16,-3,17,0,1,15
7,4,-4,-6,7,0,-16,-3,17,-1,0,15
7,2,-5,-5,6,-1,-16,-3,16,-1,0,14
6,2,-5,-4,6,-1,-15,-4,16,-2,0,14
4,0,-4,-1,4,-2,-15,-4,16,-2,-1,13
0,-2,-3,1,1,-3,-14,-4,15,-3,-1,12
-1,-3,-3,2,0,-2,-13,-4,16,-2,-1,12
0,-2,-3,1,1,-2,-12,-3,16,-2,-1,12
1,-2,-3,0,2,-2,-12,-2,16,-2,-1,12
1,-3,-3,1,2,-2,-12,-2,16,-2,-1,12
0,-3,-3,1,1,-2,-11,-2,16,-2,-1,12
-1,-4,-2,2,0,-2,-11,-2,17,-2,-1,12
-3,-5,-2,4,0,-3,-11,-3,16,-3,-2,11
-2,-6,-3,4,0,-4,-11,-3,16,-4,-2,10
-1,-5,-4,3,1,-4,-11,-3,16,-4,-2,10
-2,-6,-4,4,1,-5,-11,-4,15,-4,-3,9
-3,-7,-4,5,0,-5,-11,-4,15,-4,-3,9
-3,-6,-3,4,0,-5,-10,-4,15,-4,-3,9
-2,-6,-4,4,1,-5,-10,-4,15,-5,-3,9
-1,-6,-5,3,2,-6,-10,-4,15,-5,-3,9
0,-5,-5,2,2,-5,-10,-4,15,-5,-3,9
-2,-5,-4,3,1,-5,-10,-3,16,-5,-3,9
-4,-6,-3,5,-1,-5,-10,-3,16,-5,-2,9
-5,-7,-3,6,-1,-5,-10,-4,15,-5,-3,9
-5,-7,-3,7,-1,-5,-11,-4,15,-5,-3,9
-7,-8,-3,8,-2,-5,-11,-5,15,-6,-3,9
-8,-10,-2,10,-3,-6,-11,-5,14,-6,-4,9
-8,-10,-2,10,-3,-6,-11,-5,14,-6,-4,8
-8,-10,-2,9,-3,-6,-11,-5,14,-6,-4,8
-8,-11,-3,9,-3,-6,-12,-5,14,-6,-5,7
-8,-11,-3,9,-2,-6,-12,-6,13,-6,-5,7
-8,-11,-3,9,-2,-6,-12,-6,13,-7,-5,7
-8,-10,-3,9,-1,-7,-12,-6,13,-7,-5,7
-8,-10,-3,9,-1,-7,-12,-6,13,-7,-5,7
-9,-11,-3,10,-2,-7,-12,-6,13,-7,-5,7
-9,-12,-3,11,-2,-7,-12,-6,13,-7,-5,7
-9,-11,-3,11,-2,-7,-12,-6,12,-7,-5,7
-9,-11,-3,11,-2,-7,-11,-6,12,-7,-5,7
-9,-11,-3,11,-2,-7,-11,-5,12,-7,-5,7
-9,-11,-3,10,-2,-7,-11,-5,12,-6,-5,7
-8,-11,-3,10,-2,-7,-11,-5,12,-6,-5,7
-8,-11,-3,10,-2,-7,-12,-5,12,-6,-5,6
-9,-12,-3,10,-2,-7,-12,-5,12,-6,-5,6
-9,-12,-3,10,-2,-7,-12,-5,13,-6,-5,6
-9,-13,-4,11,-2,-8,-12,-5,13,-6,-6,6
-9,-13,-4,11,-2,-8,-12,-5,13,-6,-6,6
-10,-13,-3,12,-3,-8,-12,-5,13,-6,-6,6
-11,-13,-3,12,-4,-8,-12,-5,13,-6,-6,6
-10,-12,-3,11,-3,-8,-11,-5,12,-6,-6,6
-11,-13,-3,12,-3,-8,-11,-6,12,-7,-6,6
-12,-15,-2,13,-4,-8,-12,-6,11,-7,-7,5
-13,-15,-2,14,-5,-8,-12,-6,11,-7,-7,5
-13,-14,-1,13,-4,-7,-12,-6,12,-7,-7,5
-12,-13,-1,12,-4,-6,-11,-6,12,-7,-8,5
-12,-12,0,12,-5,-6,-11,-7,12,-8,-8,5
-12,-11,0,11,-5,-5,-11,-8,11,-8,-9,5
-11,-10,0,10,-5,-5,-11,-8,11,-9,-9,6
-10,-8,1,9,-5,-4,-11,-8,12,-8,-8,7
-10,-7,3,9,-6,-2,-10,-8,13,-6,-6,9
-11,-6,4,9,-7,-1,-10,-7,15,-4,-3,12
-11,-6,5,9,-8,0,-10,-6,17,-2,1,18
-11,-6,5,8,-7,0,-10,-5,19,2,7,25
-9,-6,3,7,-6,-1,-10,-2,22,6,14,33
-9,-7,2,8,-5,-2,-10,0,24,11,21,41
-10,-9,0,10,-5,-4,-10,2,25,14,28,50
-8,-9,-1,9,-4,-5,-11,5,25,18,36,61
-5,-8,-3,7,-1,-5,-11,7,26,22,45,73
-2,-7,-5,5,1,-6,-12,9,25,25,53,86
0,-7,-7,4,3,-7,-13,11,24,27,61,99
2,-8,-10,3,6,-8,-13,12,21,27,67,109
3,-10,-14,3,8,-11,-14,13,18,27,72,117
4,-12,-18,3,11,-14,-14,14,13,27,76,124
6,-16,-23,4,14,-19,-14,15,8,25,78,129
8,-19,-28,4,18,-24,-15,16,3,23,80,132
11,-23,-34,5,23,-29,-16,18,-1,22,81,135
14,-27,-41,5,28,-34,-16,20,-4,21,82,136
17,-31,-48,6,33,-39,-16,22,-6,21,82,135
21,-34,-55,6,38,-44,-16,24,-7,22,82,131
23,-36,-60,6,42,-48,-16,26,-7,22,79,123
24,-40,-65,7,45,-52,-16,28,-7,22,73,109
23,-45,-68,11,46,-56,-16,30,-6,22,65,92
21,-49,-71,14,46,-60,-15,31,-5,21,56,73
21,-53,-74,16,48,-64,-14,33,-5,20,46,54
21,-57,-78,17,50,-68,-12,35,-4,18,35,33
21,-60,-81,19,51,-71,-9,37,-4,15,23,12
20,-64,-84,21,52,-74,-5,40,-4,11,10,-9
17,-69,-86,25,52,-77,-2,42,-4,7,-2,-29
14,-73,-88,29,51,-80,2,45,-4,3,-15,-47
12,-76,-88,32,51,-82,6,47,-3,0,-27,-63
10,-78,-88,34,49,-83,10,50,-2,-2,-37,-76
7,-79,-86,36,47,-83,14,53,0,-4,-46,-87
3,-80,-84,38,44,-83,18,54,0,-7,-55,-97
-1,-82,-82,41,41,-82,21,55,-1,-13,-64,-104
-4,-83,-79,43,37,-81,24,55,-4,-21,-74,-111
-9,-85,-76,46,33,-80,27,54,-8,-31,-86,-119
-14,-86,-72,50,29,-78,30,51,-13,-42,-99,-126
-18,-86,-68,52,25,-76,34,48,-20,-55,-112,-133
-23,-86,-63,54,20,-74,38,43,-26,-68,-125,-139
-28,-86,-58,57,15,-72,42,37,-33,-81,-137,-145
-32,-87,-54,59,11,-71,46,30,-39,-92,-146,-149
-34,-86,-52,60,8,-69,49,26,-41,-98,-150,-150
-36,-85,-49,60,6,-67,50,22,-41,-101,-151,-149
-38,-84,-45,60,3,-64,50,19,-41,-102,-149,-145
-40,-81,-41,60,0,-60,50,15,-41,-102,-147,-142
-42,-78,-36,60,-3,-56,50,10,-42,-103,-146,-138
-44,-75,-31,59,-6,-52,50,5,-44,-104,-144,-135
-47,-73,-26,60,-10,-49,51,0,-46,-105,-143,-132
-49,-71,-22,60,-13,-46,52,-4,-48,-106,-140,-129
-50,-68,-18,59,-15,-43,53,-10,-49,-106,-137,-124
-50,-65,-15,57,-16,-40,53,-13,-49,-104,-132,-118
-49,-61,-12,55,-18,-36,54,-14,-47,-102,-126,-111
-49,-58,-9,53,-19,-33,56,-15,-45,-99,-120,-105
-48,-55,-8,51,-19,-30,57,-15,-44,-96,-115,-99
-46,-53,-7,50,-19,-29,59,-14,-43,-92,-110,-94
-46,-52,-6,49,-19,-28,61,-13,-40,-87,-104,-88
-46,-50,-5,48,-20,-27,63,-12,-38,-82,-99,-83
-45,-48,-3,47,-21,-25,66,-11,-35,-78,-94,-78
-45,-47,-1,46,-21,-24,68,-11,-33,-75,-90,-73
-46,-47,0,47,-22,-24,70,-13,-33,-74,-87,-70
-47,-48,0,48,-23,-24,72,-15,-34,-73,-84,-67
-47,-47,-1,47,-22,-24,75,-15,-34,-71,-81,-63
-45,-45,0,45,-22,-23,79,-14,-34,-67,-77,-60
-43,-44,0,44,-21,-22,84,-12,-32,-63,-73,-56
-41,-43,-1,42,-20,-22,88,-9,-30,-59,-68,-52
-40,-42,-2,41,-18,-23,93,-7,-28,-55,-64,-48
-40,-43,-4,42,-17,-23,97,-4,-26,-51,-60,-46
-40,-43,-4,42,-17,-24,102,-3,-24,-49,-57,-43
-39,-41,-3,40,-17,-22,108,-2,-21,-46,-54,-40
-38,-40,-3,39,-17,-21,113,-2,-20,-44,-51,-37
-39,-41,-3,40,-17,-22,115,-6,-20,-43,-50,-36
-40,-43,-3,41,-17,-23,113,-11,-20,-42,-49,-34
-40,-43,-3,41,-18,-23,109,-18,-21,-42,-48,-33
-38,-42,-4,40,-17,-23,104,-24,-21,-41,-46,-31
-37,-41,-4,39,-16,-23,100,-29,-22,-41,-45,-30
-37,-42,-5,39,-15,-23,94,-34,-24,-42,-45,-29
-37,-42,-5,40,-15,-23,87,-39,-25,-42,-44,-28
-36,-41,-5,39,-15,-23,79,-42,-26,-42,-43,-26
-36,-41,-5,39,-15,-23,69,-45,-27,-42,-42,-25
-36,-41,-5,38,-15,-23,57,-46,-27,-40,-40,-23
-33,-38,-5,35,-13,-21,45,-45,-25,-37,-37,-21
-29,-33,-4,31,-12,-19,34,-42,-22,-33,-32,-17
-26,-28,-2,27,-11,-15,25,-39,-17,-28,-28,-13
-23,-24,-1,23,-10,-12,18,-34,-13,-23,-23,-9
-20,-21,-1,21,-9,-10,11,-30,-10,-20,-20,-6
-18,-18,0,18,-8,-8,4,-26,-6,-16,-16,-3
-16,-15,0,16,-7,-7,-1,-21,-3,-12,-13,0
-14,-14,0,14,-7,-6,-5,-18,0,-9,-10,2
-13,-11,1,11,-6,-5,-7,-15,2,-6,-8,4
-11,-9,1,9,-6,-4,-9,-12,5,-3,-6,5
-11,-9,1,9,-6,-4,-11,-11,6,-2,-4,6
-11,-9,1,9,-6,-3,-12,-10,7,-1,-3,7
-11,-9,1,9,-6,-3,-13,-9,8,0,-3,7
-11,-9,2,10,-7,-3,-14,-8,9,0,-2,7
-11,-9,2,10,-7,-2,-14,-7,9,0,-2,8
-10,-7,3,8,-6,-2,-15,-6,10,1,-1,8
-8,-5,3,6,-5,-1,-15,-6,11,1,0,9
-6,-3,3,5,-5,0,-16,-6,12,2,0,10
-6,-4,3,5,-5,0,-16,-6,12,2,0,10
-7,-4,2,6,-5,0,-17,-6,12,2,1,11
-7,-4,2,6,-5,0,-17,-6,13,3,1,11
-8,-4,2,7,-5,0,-17,-6,14,3,2,11
-8,-4,3,7,-5,0,-17,-6,14,3,2,11
-9,-4,4,7,-6,0,-17,-6,14,3,2,11
-9,-4,4,7,-6,0,-17,-6,14,3,2,11
-10,-5,4,7,-7,0,-17,-6,14,3,1,11
-10,-5,4,7,-7,0,-17,-7,14,3,1,11
-9,-5,4,7,-7,0,-18,-7,15,3,1,11
-8,-5,3,6,-7,0,-18,-7,15,3,1,12
-7,-4,3,5,-6,1,-17,-6,16,3,2,12
-7,-4,3,5,-6,1,-17,-6,16,3,2,13
-8,-4,3,6,-6,1,-18,-7,16,3,2,13
-8,-4,4,6,-6,0,-18,-7,16,3,2,13
-8,-4,4,6,-6,0,-19,-7,17,4,3,13
-9,-4,5,6,-7,1,-19,-7,17,4,3,13
-9,-3,6,6,-7,1,-19,-7,17,5,4,14
-9,-2,6,6,-7,2,-19,-7,18,5,4,14
-10,-3,6,6,-8,2,-20,-8,18,5,4,14
-10,-3,6,6,-8,2,-20,-8,18,5,4,14
-9,-3,6,6,-8,2,-20,-8,18,5,4,15
-9,-2,7,5,-8,3,-21,-8,18,5,4,15
-10,-2,7,6,-9,3,-21,-8,19,5,4,15
-10,-2,8,6,-10,3,-22,-8,19,5,4,15
-10,-2,8,6,-10,3,-22,-9,19,5,4,16
-10,-2,8,6,-10,3,-22,-9,19,5,5,16
-11,-2,9,7,-10,4,-22,-10,19,6,5,16
-12,-2,9,7,-10,4,-23,-10,19,6,5,17
-10,-1,9,6,-10,5,-23,-10,20,7,6,18
-8,1,10,4,-9,6,-23,-9,21,9,7,20
-7,4,11,2,-9,7,-23,-9,22,10,8,21
-6,5,11,0,-9,8,-23,-9,22,11,10,22
-7,5,11,0,-9,8,-23,-9,23,12,11,23
-8,4,12,1,-10,9,-23,-9,23,12,11,23
-9,4,13,2,-11,9,-23,-9,24,12,11,24
-9,5,14,2,-11,10,-23,-9,24,12,12,25
-9,5,14,2,-11,10,-24,-9,25,13,12,26
-9,6,15,1,-12,10,-25,-9,25,13,13,27
-9,6,15,1,-12,11,-26,-10,25,13,14,27
-8,7,15,0,-12,11,-26,-10,25,13,15,28
-8,9,16,0,-12,12,-26,-10,26,14,16,29
-8,10,17,-1,-12,13,-26,-10,26,15,17,30
-8,10,17,-1,-13,14,-27,-11,27,15,17,31
-8,10,18,-1,-13,14,-28,-11,27,16,18,32
-8,11,19,-1,-14,15,-28,-11,28,16,19,33
-8,11,20,-1,-14,15,-29,-11,28,16,19,33
-9,10,20,0,-15,15,-30,-11,27,16,20,34
-9,11,20,0,-15,16,-31,-12,28,17,21,35
-8,13,21,-2,-15,17,-31,-12,29,18,22,37
-8,15,21,-3,-14,18,-32,-12,30,19,24,38
-7,15,22,-4,-14,18,-33,-12,30,19,25,39
-7,15,22,-4,-14,18,-33,-13,31,20,25,40
-5,16,22,-5,-14,19,-34,-13,31,20,26,41
-3,17,22,-6,-13,19,-34,-12,32,21,27,42
-3,17,22,-6,-13,19,-34,-12,32,21,28,43
-5,16,22,-5,-13,19,-35,-12,31,21,28,43
-7,14,21,-3,-14,18,-37,-13,31,21,29,43
-8,14,21,-2,-15,17,-38,-13,31,22,30,44
-6,15,21,-4,-14,18,-39,-12,32,23,31,46
-5,17,21,-5,-14,19,-39,-11,33,24,33,48
-3,17,21,-6,-13,19,-39,-10,34,24,34,49
-2,18,20,-7,-12,20,-40,-10,34,25,35,49
-1,18,20,-7,-11,19,-40,-9,35,26,35,50
-1,17,20,-7,-11,19,-40,-9,35,26,36,50
-1,18,20,-8,-11,19,-40,-8,36,27,37,51
0,19,20,-9,-11,20,-41,-7,38,28,38,52
-1,19,19,-9,-10,19,-42,-6,38,29,39,52
-1,19,19,-9,-10,19,-43,-5,38,29,39,52
0,19,19,-9,-9,20,-43,-3,39,29,39,52
1,19,18,-10,-8,19,-43,-2,39,30,40,52
2,19,17,-10,-7,18,-43,-1,39,30,40,52
3,19,16,-11,-7,18,-43,0,40,30,40,52
3,19,16,-11,-7,18,-43,1,40,31,40,52
2,18,16,-10,-7,18,-43,2,41,31,40,52
1,17,16,-9,-7,17,-43,3,41,31,40,52
1,16,15,-8,-6,16,-44,4,42,32,40,51
1,16,15,-8,-6,16,-44,6,42,32,40,51
1,16,15,-8,-7,15,-43,7,42,32,40,50
1,15,14,-7,-7,15,-43,8,42,32,39,49
1,15,14,-7,-7,14,-42,9,42,32,38,48
2,15,13,-8,-6,14,-42,10,43,32,38,47
2,14,12,-8,-5,13,-42,11,43,32,37,46
1,12,11,-7,-4,12,-42,12,43,31,37,45
1,12,10,-7,-3,11,-41,13,43,31,36,45
2,12,9,-7,-3,11,-39,14,43,31,36,44
3,11,9,-7,-3,10,-38,15,43,31,36,44
3,10,9,-7,-3,10,-37,16,43,30,35,43
3,10,8,-6,-2,9,-36,16,43,30,35,42
2,9,7,-6,-2,8,-36,17,43,31,34,41
2,9,6,-5,-2,8,-35,17,43,31,34,40
3,9,5,-6,-1,7,-34,18,42,30,32,39
3,8,5,-5,0,7,-33,18,41,29,30,37
2,7,4,-4,-1,6,-32,19,40,27,28,35
1,5,4,-2,-2,5,-32,19,39,26,27,34
1,4,4,-2,-2,4,-31,19,39,26,26,33
0,3,3,-1,-2,3,-31,20,39,25,25,31
0,2,2,-1,-2,3,-31,20,39,25,25,30
0,3,2,-2,-1,3,-29,20,39,24,24,29
2,4,1,-3,0,3,-28,20,38,23,23,27
2,3,0,-2,0,2,-27,20,37,22,21,25
0,2,1,-1,0,1,-26,19,37,20,19,23
-1,1,2,0,-1,1,-25,19,37,20,18,22
-1,1,2,1,-1,1,-24,20,37,20,17,21
-1,0,1,1,-1,0,-23,19,36,19,16,20
-1,-1,0,2,-1,0,-22,18,35,17,15,19
-2,-2,0,2,-1,-1,-21,18,34,16,13,18
-3,-3,0,3,-1,-1,-20,17,34,15,12,17
-4,-4,0,4,-2,-2,-19,16,33,14,11,16
-5,-5,-1,5,-2,-3,-18,16,32,13,10,15
-5,-6,-1,6,-2,-3,-18,15,32,12,10,14
-5,-6,-1,6,-2,-4,-17,14,31,12,9,13
-6,-7,-1,6,-3,-4,-17,13,30,11,8,12
-7,-7,0,7,-4,-4,-16,11,29,9,7,11
-7,-7,0,7,-4,-3,-14,10,28,8,6,11
-6,-6,0,7,-4,-3,-13,10,28,8,6,10
-6,-7,0,7,-3,-3,-13,9,27,7,5,9
-7,-8,-1,7,-3,-5,-13,8,26,5,4,8
-7,-10,-2,8,-3,-6,-13,7,25,4,2,7
-7,-10,-2,8,-3,-6,-12,6,25,3,2,7
-6,-8,-2,7,-2,-5,-11,6,25,3,2,7
-4,-6,-2,6,-1,-4,-10,6,25,3,2,7
-5,-7,-2,7,-2,-4,-11,4,24,1,1,6
-7,-9,-2,8,-3,-5,-11,3,23,0,0,5
-7,-8,-2,8,-3,-5,-10,2,23,0,0,5
-6,-7,-1,7,-2,-4,-9,2,23,-1,0,4
-6,-8,-1,7,-2,-4,-9,1,23,-1,0,3
-6,-8,-2,7,-2,-4,-10,0,23,-2,-1,2
-6,-8,-2,7,-2,-4,-10,0,23,-2,0,2
-7,-8,-1,8,-3,-4,-10,0,23,-2,0,2
-8,-8,0,8,-4,-3,-10,-1,23,-2,-1,2
-8,-8,0,8,-4,-3,-10,-1,22,-3,-1,1
-9,-8,0,8,-5,-3,-10,-2,21,-3,-2,0
-9,-8,0,8,-5,-3,-10,-2,21,-4,-2,0
-8,-7,1,7,-4,-2,-10,-2,21,-4,-2,0
-7,-6,1,6,-4,-1,-9,-1,21,-5,-2,0
-7,-6,1,7,-4,-2,-9,-2,20,-6,-3,0
-7,-8,0,8,-4,-3,-10,-3,19,-7,-4,-1
-7,-9,-1,8,-4,-4,-11,-3,18,-7,-4,-1
-8,-9,-1,9,-4,-5,-11,-3,18,-7,-4,-1
-8,-9,-1,9,-4,-5,-11,-4,18,-7,-4,-1
-9,-9,-1,9,-4,-5,-11,-4,18,-7,-4,-1
-9,-10,-1,10,-4,-5,-11,-4,18,-7,-3,-1
-8,-9,-1,9,-4,-4,-11,-4,19,-6,-3,-1
-6,-8,-1,7,-3,-4,-11,-4,19,-6,-2,-1
-6,-8,-1,7,-3,-4,-12,-4,18,-6,-2,-1
-6,-8,-2,6,-3,-4,-12,-4,18,-5,-2,-2
-6,-7,-1,6,-3,-3,-12,-4,18,-5,-2,-2
-5,-5,0,5,-3,-2,-11,-3,18,-5,-2,-2
-4,-4,0,4,-2,-2,-11,-3,18,-5,-2,-1
-4,-4,0,4,-2,-2,-10,-3,18,-5,-1,-1
-3,-4,-1,3,-1,-2,-10,-3,18,-4,-1,0
-2,-4,-1,3,0,-2,-10,-3,18,-4,0,0
-2,-4,-1,3,0,-2,-9,-3,18,-4,0,0
-4,-4,-1,4,-1,-2,-9,-3,18,-4,0,0
-4,-4,0,3,-1,-2,-9,-2,18,-4,1,0
-1,-1,0,1,0,-1,-8,-2,18,-4,1,0
0,0,0,0,0,0,-8,-2,18,-3,2,0
-1,-1,0,1,0,0,-7,-2,18,-4,1,0
-1,0,1,1,-1,0,-6,-1,18,-4,1,0
-1,0,1,0,-1,1,-6,-1,18,-3,2,0
0,2,2,-1,-1,2,-5,-1,18,-3,3,0
0,4,3,-2,-1,3,-5,-1,19,-2,4,0
2,5,3,-4,-1,4,-5,0,19,-2,4,1
3,6,3,-5,0,4,-4,0,18,-3,4,1
4,7,2,-5,0,4,-3,0,18,-2,5,1
5,7,3,-6,0,5,-3,0,19,-1,6,2
5,8,4,-6,0,6,-2,1,20,-1,7,3
5,9,5,-7,0,8,-2,2,20,0,7,4
4,9,5,-6,0,8,-1,2,19,0,8,4
5,9,4,-7,1,7,-1,1,19,-1,8,4
7,9,2,-8,2,6,-1,1,19,-1,8,4
8,10,3,-9,2,6,-1,1,20,0,9,5
8,12,4,-10,2,7,0,1,21,1,10,5
8,13,4,-11,2,8,0,1,22,2,11,5
9,14,5,-11,2,9,0,1,22,2,11,5
8,13,5,-11,2,9,0,1,22,1,9,4
7,12,6,-10,0,9,0,1,21,0,8,3
6,12,7,-9,0,10,0,2,21,0,8,3
6,13,7,-10,0,10,0,2,22,0,9,4
6,13,7,-10,0,10,0,1,22,0,9,4
7,13,7,-10,0,9,-1,1,22,0,9,4
8,14,7,-11,1,10,-1,1,22,0,9,5
10,16,6,-13,1,10,-2,1,23,1,10,5
11,16,6,-13,2,10,-3,0,22,1,11,5
10,15,5,-12,2,10,-5,0,21,1,10,5
10,14,4,-11,2,9,-7,-1,20,0,10,5
10,14,3,-12,3,9,-9,-1,20,0,10,5
10,15,4,-12,3,10,-9,-1,20,0,10,4
9,15,5,-12,2,10,-10,-2,20,0,10,4
9,16,6,-12,1,11,-11,-2,19,0,9,3
10,16,6,-12,1,11,-12,-2,18,-1,9,3
9,16,6,-12,1,11,-13,-2,17,-2,8,2
9,15,6,-11,1,10,-14,-3,16,-2,8,2
9,15,5,-11,1,10,-15,-3,16,-2,9,2
9,14,4,-11,2,9,-16,-4,16,-2,9,2
9,13,3,-11,2,8,-16,-4,15,-3,8,2
9,12,3,-11,3,7,-17,-5,14,-3,8,2
10,12,3,-11,3,7,-17,-5,14,-3,8,2
9,12,3,-11,2,7,-16,-4,15,-3,9,2
10,13,3,-11,2,8,-16,-4,14,-2,9,2
11,15,3,-13,3,9,-16,-4,11,-2,9,2
11,16,4,-13,3,9,-15,-4,9,-2,9,2
11,16,4,-13,3,10,-15,-4,8,-2,9,3
11,16,4,-14,3,10,-14,-4,7,-2,9,3
12,16,3,-14,4,9,-14,-5,7,-1,10,4
11,14,2,-13,4,7,-14,-6,6,-1,10,4
10,12,1,-11,4,6,-14,-7,4,-2,10,3
10,12,2,-10,3,6,-14,-7,4,-2,9,2
11,13,2,-11,4,7,-13,-6,4,-1,9,2
11,14,2,-12,4,8,-12,-5,4,-1,9,2
10,13,2,-11,4,7,-11,-5,4,-2,9,1
9,12,2,-10,3,7,-9,-4,3,-2,9,1
9,12,3,-10,2,7,-8,-4,3,-2,9,1
8,12,3,-10,2,7,-7,-3,4,-1,9,1
6,11,4,-9,1,7,-6,-3,4,-1,9,1
6,10,3,-8,1,7,-6,-3,3,-1,9,0
6,9,3,-7,2,6,-6,-3,2,-1,9,0
7,9,2,-7,2,6,-6,-3,2,-2,9,1
7,9,2,-7,2,6,-5,-3,1,-2,9,1
7,9,2,-8,2,6,-5,-3,2,-2,9,2
7,9,2,-8,2,6,-5,-3,3,-1,10,2
7,9,2,-8,2,5,-5,-4,2,-2,9,1
5,7,2,-7,1,5,-6,-6,1,-3,8,0
5,7,2,-6,1,5,-6,-6,0,-3,8,0
6,9,3,-7,1,6,-5,-5,1,-2,9,0
6,9,3,-7,1,6,-5,-5,2,-2,9,0
5,8,3,-6,0,5,-6,-6,1,-3,8,0
6,9,3,-7,1,5,-6,-6,1,-3,8,0
7,9,2,-8,2,5,-6,-6,1,-3,8,0
7,9,2,-8,2,5,-6,-6,1,-3,8,0
6,9,2,-8,2,5,-5,-6,1,-3,8,0
6,9,2,-7,2,5,-5,-7,1,-3,9,0
6,8,2,-7,2,5,-5,-7,1,-3,9,0
6,8,2,-7,2,5,-6,-7,1,-3,9,-1
5,9,3,-7,1,6,-6,-7,2,-2,9,-1
4,9,4,-6,0,6,-6,-7,3,-2,9,-1
4,8,4,-6,0,6,-6,-7,3,-2,9,-1
4,8,3,-6,0,6,-6,-8,3,-2,9,-1
6,9,2,-8,1,6,-5,-8,3,-1,9,0
6,9,2,-8,1,6,-5,-8,3,-2,9,0
5,8,2,-6,1,6,-5,-8,3,-3,8,-1
5,7,2,-5,1,5,-5,-9,2,-4,7,-1
6,7,1,-6,2,4,-5,-9,3,-4,8,-1
6,8,2,-7,2,5,-4,-9,3,-3,8,-1
6,9,3,-7,1,6,-4,-9,3,-3,8,0
5,10,4,-7,0,6,-4,-9,4,-2,9,0
6,10,4,-8,1,7,-4,-8,5,-1,9,0
6,11,4,-8,1,7,-3,-8,5,-1,10,0
5,10,5,-7,0,7,-2,-8,6,-1,10,0
4,9,4,-6,0,7,-2,-8,6,-1,10,0
5,9,3,-6,0,6,-2,-8,7,0,11,0
5,9,3,-7,1,6,-2,-8,7,0,11,0
5,9,3,-7,1,6,-2,-8,7,0,10,0
6,9,3,-7,1,6,-3,-8,7,0,10,0
6,9,3,-8,1,6,-3,-9,7,-1,9,0
6,9,3,-8,1,6,-4,-10,7,-1,8,-1
7,11,3,-9,1,7,-3,-10,7,-1,8,-1
7,12,4,-9,1,8,-2,-10,7,-2,7,-2
5,11,5,-8,0,8,-2,-10,6,-4,6,-3
3,10,6,-6,-1,8,-2,-11,5,-5,5,-3
4,11,7,-7,-1,9,-2,-12,5,-4,5,-2
4,12,7,-8,-1,10,-1,-12,6,-3,7,0
5,12,7,-8,-1,10,-1,-12,8,-1,10,2
6,14,8,-10,-1,11,0,-11,10,1,13,6
6,16,9,-11,-2,13,0,-10,12,4,18,12
8,18,10,-13,-1,14,0,-8,15,8,24,19
9,18,9,-14,0,14,0,-6,17,12,31,28
9,16,7,-13,0,12,-1,-4,18,16,38,37
9,13,4,-11,2,9,-1,-1,19,20,46,46
11,12,1,-12,4,7,-1,1,20,24,53,57
15,13,-1,-14,7,6,-2,2,21,27,62,68
17,13,-3,-15,9,5,-3,3,21,30,70,81
19,14,-5,-16,11,4,-5,4,19,31,78,95
20,13,-7,-16,13,3,-6,4,17,31,84,107
21,11,-10,-16,15,0,-6,4,13,29,88,116
22,8,-15,-15,18,-3,-6,4,9,28,91,123
24,6,-19,-15,22,-7,-7,5,4,26,93,129
27,4,-24,-15,26,-10,-7,5,0,23,94,132
31,1,-31,-16,31,-15,-8,5,-5,20,93,133
36,-1,-38,-16,36,-20,-9,5,-10,16,90,132
39,-6,-45,-15,41,-25,-9,7,-13,13,88,129
42,-10,-52,-15,47,-31,-10,8,-15,12,85,124
44,-14,-58,-15,51,-36,-10,9,-16,12,80,114
46,-17,-63,-14,54,-40,-10,10,-16,12,73,100
46,-20,-67,-13,57,-44,-9,12,-15,11,64,81
47,-23,-70,-12,58,-46,-9,14,-14,11,53,59
47,-25,-73,-11,59,-49,-8,16,-12,10,43,38
47,-28,-75,-9,60,-51,-6,18,-11,8,31,17
45,-33,-77,-6,60,-55,-3,20,-10,5,19,-6
42,-38,-80,-1,60,-59,0,22,-9,1,5,-29
39,-44,-82,3,60,-63,3,25,-8,-1,-7,-50
35,-49,-84,7,60,-67,7,29,-6,-4,-19,-69
32,-53,-85,10,59,-69,11,32,-5,-7,-30,-85
29,-55,-85,12,57,-69,16,35,-3,-8,-39,-98
27,-56,-83,14,55,-69,21,40,0,-9,-46,-108
23,-57,-81,17,51,-68,26,43,1,-10,-52,-116
19,-59,-78,20,47,-68,29,44,1,-13,-59,-123
16,-60,-75,22,45,-68,33,45,0,-19,-68,-129
14,-59,-72,23,42,-66,36,45,-3,-27,-77,-134
10,-58,-68,24,39,-63,40,44,-7,-36,-87,-139
5,-58,-63,26,35,-61,43,42,-11,-46,-98,-143
0,-58,-58,29,30,-58,47,39,-17,-57,-109,-148
-4,-59,-54,31,25,-56,51,35,-24,-69,-120,-153
-9,-59,-50,33,20,-54,55,29,-30,-80,-129,-158
-14,-59,-45,37,14,-53,58,23,-34,-88,-135,-161
-19,-60,-41,40,9,-51,60,20,-34,-92,-137,-161
-23,-59,-36,41,6,-48,61,17,-33,-93,-136,-159
-23,-55,-32,40,4,-44,61,15,-32,-93,-134,-155
-23,-52,-28,38,2,-40,61,13,-32,-94,-132,-151
-25,-49,-23,37,-1,-36,61,10,-32,-93,-129,-146
-26,-44,-18,36,-4,-30,63,8,-31,-92,-125,-141
-27,-40,-13,34,-7,-26,64,5,-32,-91,-122,-137
-29,-38,-9,34,-11,-23,64,0,-34,-92,-119,-134
-32,-37,-5,35,-14,-21,64,-4,-36,-91,-115,-129
-33,-36,-3,34,-15,-19,65,-7,-35,-89,-110,-122
-32,-32,-1,33,-16,-17,66,-7,-33,-86,-105,-115
-31,-29,1,31,-16,-14,67,-7,-30,-82,-99,-108
-31,-27,2,29,-17,-12,69,-6,-28,-78,-93,-102
-30,-26,4,28,-17,-10,72,-4,-25,-74,-87,-96
-30,-25,4,28,-18,-9,75,-2,-23,-69,-81,-91
-31,-26,5,29,-19,-9,76,-2,-22,-66,-76,-86
-33,-26,7,30,-21,-9,78,-2,-21,-63,-71,-81
-30,-22,8,26,-20,-7,81,-1,-18,-59,-67,-76
-26,-17,9,22,-19,-5,85,-1,-16,-57,-63,-72
-26,-17,9,22,-18,-4,87,-3,-17,-56,-61,-70
-25,-17,8,21,-17,-4,90,-4,-18,-56,-59,-68
-24,-16,7,20,-16,-4,94,-2,-19,-54,-56,-65
-23,-17,6,20,-15,-5,98,0,-19,-51,-51,-61
-22,-18,5,20,-14,-6,102,1,-18,-47,-47,-57
-21,-18,4,19,-13,-6,106,3,-17,-43,-43,-53
-21,-17,3,19,-13,-6,110,5,-15,-39,-39,-50
-21,-17,3,19,-13,-6,115,7,-13,-36,-36,-47
-21,-17,4,20,-13,-7,120,7,-11,-34,-34,-45
-23,-19,4,21,-14,-7,123,6,-10,-32,-31,-43
-24,-20,4,22,-14,-8,124,3,-9,-31,-29,-41
-25,-20,4,23,-14,-8,122,-1,-9,-30,-27,-39
-24,-19,3,22,-14,-7,118,-7,-10,-29,-26,-38
-22,-19,2,21,-13,-8,114,-13,-12,-29,-26,-37
-22,-20,2,21,-13,-9,110,-19,-13,-30,-26,-37
-22,-21,1,22,-13,-10,105,-25,-14,-31,-26,-36
-21,-21,0,22,-12,-10,98,-31,-15,-31,-25,-34
-21,-20,1,21,-12,-9,89,-35,-16,-31,-23,-32
-20,-18,2,19,-12,-7,80,-38,-16,-31,-22,-31
-18,-14,3,16,-11,-5,69,-39,-15,-29,-20,-29
-15,-10,4,12,-10,-2,58,-39,-13,-27,-17,-26
-11,-5,5,8,-9,1,47,-37,-10,-23,-13,-23
-9,-1,7,5,-9,3,38,-35,-6,-18,-9,-19
-8,0,8,4,-8,4,31,-32,-2,-14,-5,-15
-7,0,8,3,-8,4,24,-29,1,-11,-2,-13
-5,2,8,1,-7,5,18,-25,4,-8,1,-10
-2,6,8,-2,-6,7,13,-21,7,-5,4,-8
0,9,9,-4,-5,9,9,-17,9,-1,6,-5
1,11,9,-6,-5,11,6,-14,12,1,9,-3
2,13,10,-8,-4,12,4,-11,13,3,11,-1
2,13,10,-8,-5,12,2,-10,15,5,13,0
2,13,11,-8,-5,12,0,-9,16,7,14,0
3,14,11,-9,-5,13,-1,-8,17,8,15,1
5,16,11,-10,-4,14,-2,-6,19,9,16,2
6,17,11,-11,-3,15,-2,-5,20,10,17,2
5,17,12,-11,-4,15,-3,-5,20,10,17,2
5,16,11,-11,-3,14,-3,-5,20,10,17,2
6,17,11,-12,-2,14,-4,-5,20,10,17,3
6,18,11,-12,-2,15,-4,-5,20,11,17,4
6,18,11,-12,-3,15,-5,-5,19,11,18,4
6,19,11,-13,-3,15,-5,-5,17,10,17,4
6,19,12,-13,-4,16,-5,-4,16,10,17,4
7,19,12,-13,-4,16,-5,-4,17,11,17,4
6,19,12,-13,-4,16,-6,-4,17,11,18,4
6,19,13,-12,-4,16,-6,-4,17,12,18,4
6,19,13,-12,-4,16,-6,-4,17,12,19,5
7,20,13,-13,-4,17,-5,-4,17,13,19,5
8,21,13,-14,-3,17,-5,-4,17,12,19,6
9,23,13,-15,-3,18,-5,-4,17,12,19,6
9,22,12,-15,-3,17,-5,-4,17,12,19,6
8,21,12,-14,-3,17,-6,-4,17,12,19,6
8,22,13,-15,-3,18,-6,-4,18,13,20,7
7,22,14,-15,-4,19,-6,-3,18,13,20,7
7,23,15,-15,-4,19,-7,-4,18,14,20,7
7,23,15,-15,-4,19,-7,-4,17,14,20,7
6,22,15,-14,-5,19,-7,-5,17,14,20,7
5,21,15,-12,-6,18,-7,-5,18,14,20,7
5,20,14,-12,-6,17,-7,-5,18,14,20,8
6,20,14,-13,-5,17,-7,-5,19,14,20,8
6,21,14,-14,-5,18,-7,-5,19,14,21,9
7,23,15,-15,-4,19,-8,-5,19,15,21,9
7,24,16,-15,-5,20,-9,-5,18,14,21,9
5,23,18,-14,-7,21,-9,-5,18,14,21,9
4,22,18,-13,-8,20,-9,-5,18,15,22,10
5,22,17,-14,-8,20,-9,-5,19,16,23,12
6,24,17,-15,-7,21,-9,-5,19,17,24,13
8,25,18,-16,-6,22,-9,-5,20,18,25,13
8,26,18,-17,-6,23,-9,-4,20,18,25,14
8,26,17,-17,-5,22,-9,-4,20,18,25,14
8,26,17,-17,-5,22,-9,-4,20,18,25,14
6,26,19,-16,-7,23,-8,-4,20,18,25,14
5,27,21,-16,-8,24,-8,-4,20,18,25,14
6,28,22,-17,-8,25,-9,-5,20,19,26,15
8,29,22,-18,-8,26,-10,-5,21,20,27,16
8,29,22,-18,-8,26,-11,-5,22,21,28,17
8,29,22,-18,-8,26,-12,-5,21,21,29,18
8,30,21,-19,-7,26,-12,-5,21,21,30,19
9,31,21,-20,-7,27,-12,-5,22,23,31,21
9,33,22,-21,-7,28,-12,-5,23,24,33,22
9,33,23,-21,-8,28,-13,-6,23,24,33,23
8,33,24,-20,-9,29,-14,-6,22,23,33,23
8,33,25,-20,-9,29,-15,-7,22,23,33,23
8,34,26,-21,-10,30,-15,-7,22,24,34,24
8,35,27,-21,-10,31,-16,-7,21,24,35,25
7,35,28,-21,-11,32,-16,-8,20,24,35,26
8,36,28,-22,-10,32,-16,-8,19,24,36,26
8,36,28,-22,-10,32,-16,-8,19,25,37,27
8,37,28,-22,-10,32,-16,-7,19,26,39,28
9,37,27,-22,-10,32,-17,-7,19,26,40,29
9,36,26,-22,-9,31,-18,-8,18,26,40,30
9,36,26,-22,-9,31,-19,-9,17,26,41,31
9,36,26,-23,-9,32,-20,-10,17,27,42,32
11,37,26,-24,-8,32,-21,-10,17,28,43,32
11,37,26,-24,-8,32,-22,-10,18,28,43,33
10,37,26,-23,-9,32,-23,-10,19,28,44,33
11,38,26,-24,-8,33,-23,-9,19,28,45,35
13,40,26,-26,-7,33,-24,-9,19,29,46,36
15,41,25,-27,-6,33,-24,-9,19,30,47,37
15,41,25,-28,-6,33,-25,-9,19,30,48,38
14,40,25,-27,-6,33,-27,-9,19,30,48,38
14,39,25,-27,-6,33,-28,-9,19,31,48,38
14,40,25,-27,-5,32,-28,-8,19,31,48,39
15,40,24,-28,-4,32,-28,-8,19,31,49,39
16,41,24,-28,-4,32,-28,-7,20,32,50,40
18,42,23,-29,-3,32,-28,-6,21,33,51,41
19,43,22,-30,-2,32,-28,-5,22,34,52,42
20,43,21,-31,-1,32,-30,-4,22,35,53,43
19,41,20,-30,-1,31,-31,-4,22,35,53,42
17,39,20,-28,-2,30,-31,-3,22,35,52,42
18,38,20,-28,-2,30,-31,-2,22,35,52,41
19,39,19,-29,-1,29,-31,-1,22,36,52,41
20,39,19,-29,0,29,-31,0,22,36,52,41
21,39,17,-30,1,29,-32,0,22,36,52,41
22,39,16,-31,2,28,-32,1,22,36,52,41
23,39,16,-31,2,28,-32,3,22,37,53,41
23,39,15,-31,3,28,-32,5,23,38,53,42
23,38,15,-30,3,27,-32,6,23,39,53,41
22,36,13,-29,4,25,-31,7,23,39,53,41
22,35,12,-28,4,24,-31,8,23,39,53,40
22,33,11,-27,4,23,-30,8,23,38,52,39
22,32,10,-27,5,21,-30,9,22,37,51,38
23,31,9,-27,6,20,-30,9,22,37,50,37
24,32,8,-27,7,20,-30,11,22,37,49,37
23,32,8,-27,6,20,-29,12,22,37,49,36
21,31,8,-25,5,20,-28,13,22,37,49,35
20,30,8,-24,5,19,-28,13,22,37,48,33
20,29,8,-24,4,19,-27,14,22,37,47,32
20,28,8,-23,4,19,-27,14,21,36,46,30
21,28,6,-24,6,17,-26,15,20,35,44,29
22,27,5,-24,7,16,-24,16,20,35,44,28
20,26,5,-23,7,16,-23,17,19,35,43,27
19,25,5,-21,6,15,-22,17,18,34,41,25
20,25,3,-22,7,14,-21,18,17,32,39,23
21,25,2,-22,8,14,-20,19,16,31,38,22
21,25,2,-22,8,14,-19,20,17,32,38,22
21,24,2,-22,8,13,-18,21,16,32,38,22
21,23,1,-22,8,12,-17,21,16,31,37,21
19,21,1,-20,8,11,-17,20,15,30,36,19
16,18,1,-17,7,10,-16,20,14,30,35,18
15,17,0,-16,7,9,-15,20,14,29,34,16
15,16,-1,-15,7,8,-13,20,14,28,32,15
15,15,-1,-14,7,7,-12,20,14,27,31,13
15,15,-1,-15,7,7,-12,20,14,26,30,12
16,15,-1,-15,7,7,-11,20,13,25,29,10
16,15,-1,-15,7,7,-11,20,12,23,27,9
15,14,-1,-14,6,7,-10,20,12,23,26,7
14,13,-1,-14,6,7,-10,20,12,22,26,6
14,13,-1,-13,7,6,-9,20,11,21,24,5
13,12,-2,-12,7,5,-8,19,10,19,23,3
13,11,-2,-12,7,4,-7,18,9,18,22,3
13,11,-2,-11,7,4,-6,17,9,18,21,2
11,9,-2,-10,6,4,-5,17,9,18,21,2
10,8,-2,-9,5,3,-4,16,8,17,20,2
10,8,-2,-9,5,3,-3,16,7,16,19,1
9,8,-1,-9,4,4,-2,15,7,15,18,0
9,7,-1,-8,4,4,-1,14,6,14,17,-1
8,7,-1,-8,4,3,-1,13,5,12,16,-2
8,7,-1,-8,4,3,0,12,4,11,15,-3
8,7,-1,-8,4,3,0,11,3,10,14,-4
9,7,-2,-8,5,2,1,10,3,9,14,-5
9,6,-3,-7,5,2,0,9,3,9,13,-5
8,5,-3,-6,4,1,0,8,2,8,12,-6
7,5,-3,-6,4,1,0,8,1,7,11,-6
8,6,-3,-7,4,2,1,8,0,6,11,-6
8,7,-2,-7,4,2,2,7,0,6,11,-6
8,8,-1,-8,4,3,3,7,0,6,11,-7
8,8,-1,-8,4,3,3,6,0,6,11,-7
9,8,-1,-8,4,3,3,6,-1,5,10,-7
9,7,-1,-8,5,3,3,6,-1,4,9,-7
8,6,-2,-8,5,2,2,6,-1,4,9,-8
8,5,-2,-7,5,2,2,5,-2,4,9,-9
7,4,-3,-6,4,1,2,5,-3,3,8,-9
5,2,-3,-4,3,0,1,4,-3,3,8,-10
3,1,-2,-3,2,0,2,3,-4,3,8,-10
3,2,-2,-3,2,0,2,3,-4,3,8,-10
4,3,-2,-4,3,1,2,3,-5,2,7,-10
5,4,-2,-5,3,1,2,3,-5,2,7,-9
6,4,-2,-5,4,1,2,3,-5,2,7,-9
7,5,-2,-6,4,1,3,3,-5,2,7,-9
8,5,-2,-6,4,2,3,3,-5,3,8,-8
8,6,-2,-7,4,2,3,3,-4,4,9,-8
7,6,-1,-6,3,3,3,3,-3,5,10,-8
6,5,0,-5,2,3,3,3,-4,4,9,-9
6,6,-1,-5,3,2,3,3,-5,3,8,-9
7,7,-1,-7,4,2,3,3,-5,2,8,-9
8,7,-1,-7,4,2,2,2,-6,2,8,-9
8,6,-2,-6,4,1,2,2,-6,2,7,-9
7,5,-2,-5,4,1,1,2,-7,2,7,-10
6,5,-2,-5,3,1,1,1,-6,2,7,-10
6,5,-2,-6,4,1,2,2,-5,3,8,-9
8,6,-3,-7,5,1,2,2,-5,3,9,-8
8,6,-3,-7,6,1,2,2,-5,4,9,-8
7,4,-2,-6,5,1,2,2,-5,4,9,-8
4,3,-1,-4,3,1,2,1,-5,4,9,-8
5,4,-1,-5,3,1,2,2,-4,4,9,-8
7,6,-1,-7,4,2,2,2,-4,5,10,-8
9,7,-1,-9,5,3,3,2,-3,5,10,-8
9,7,-1,-8,5,3,3,2,-4,5,10,-8
9,7,-1,-8,5,3,3,2,-8,5,10,-8
10,7,-2,-9,6,3,3,2,-12,6,10,-8
10,7,-2,-9,6,3,3,2,-15,6,11,-7
9,7,-2,-8,5,3,3,2,-17,6,11,-7
10,8,-1,-9,5,4,3,2,-18,6,12,-7
11,10,-1,-10,5,4,4,3,-18,7,12,-7
10,10,0,-10,5,4,4,3,-20,6,11,-7
9,9,0,-9,4,4,4,3,-21,6,10,-7
8,9,0,-9,4,5,4,3,-20,7,11,-7
8,10,0,-10,4,5,5,4,-20,8,12,-7
8,9,0,-9,3,5,5,4,-20,8,13,-7
8,8,0,-8,3,4,5,5,-20,8,13,-7
9,9,0,-9,4,4,6,5,-20,8,13,-6
10,9,0,-10,5,4,8,5,-20,8,13,-6
10,10,0,-10,5,5,8,5,-20,9,13,-5
11,12,1,-11,5,6,8,5,-20,9,14,-5
11,12,1,-11,5,6,7,5,-20,10,14,-5
10,11,1,-10,4,6,6,4,-20,10,15,-5
9,11,1,-10,4,6,6,4,-20,10,14,-6
9,11,2,-10,3,7,6,3,-20,10,14,-7
9,12,2,-11,3,7,6,3,-21,9,13,-7
10,13,2,-12,3,7,6,2,-21,9,13,-7
10,12,2,-11,3,7,5,2,-20,9,13,-7
9,12,2,-11,3,6,4,1,-20,8,13,-7
10,12,2,-11,4,7,3,1,-19,8,13,-7
12,14,2,-13,4,8,2,1,-19,8,13,-7
13,14,1,-14,5,8,1,0,-19,8,13,-7
13,14,0,-14,6,7,-1,0,-19,8,13,-7
12,13,1,-13,5,7,-3,-1,-19,7,13,-8
11,13,1,-13,5,7,-4,-2,-20,6,12,-8
11,13,1,-12,5,7,-6,-2,-21,5,11,-8
10,11,0,-11,5,5,-7,-3,-22,3,10,-9
10,10,-1,-10,5,4,-8,-4,-24,3,9,-10
11,10,-2,-11,6,4,-9,-5,-24,2,9,-10
12,10,-2,-11,7,4,-10,-6,-24,2,9,-10
12,11,-2,-11,6,4,-10,-6,-24,3,9,-10
12,12,-1,-11,6,5,-10,-6,-24,3,9,-9
12,13,0,-12,6,5,-10,-7,-24,3,10,-9
12,12,0,-12,7,5,-11,-7,-24,3,9,-9
12,11,-1,-11,7,4,-11,-8,-25,3,9,-9
12,11,-1,-11,6,5,-10,-8,-25,3,9,-9
11,11,0,-10,5,5,-10,-8,-25,4,9,-9
10,11,0,-10,5,5,-10,-8,-26,4,9,-9
11,11,-1,-11,6,5,-10,-8,-26,4,9,-9
11,10,-1,-11,6,4,-10,-8,-26,3,9,-9
11,9,-1,-10,6,4,-10,-8,-26,3,9,-9
11,9,-1,-10,6,4,-9,-8,-26,3,9,-9
11,9,-1,-10,6,4,-9,-8,-27,2,8,-9
10,8,-2,-9,6,3,-9,-9,-27,1,7,-10
10,7,-3,-8,6,2,-8,-9,-27,1,6,-11
9,6,-3,-7,6,2,-7,-8,-27,1,6,-11
8,6,-2,-7,5,2,-6,-7,-27,2,6,-11
8,6,-2,-7,4,2,-5,-7,-27,2,7,-10
7,5,-2,-6,4,1,-4,-6,-26,3,7,-10
7,5,-2,-7,4,1,-4,-6,-25,3,8,-9
9,7,-2,-8,5,2,-3,-5,-25,4,8,-9
10,8,-2,-9,6,2,-2,-5,-24,4,9,-9
9,7,-2,-8,5,3,-2,-5,-24,4,9,-9
9,8,-2,-8,5,3,-2,-5,-24,4,9,-9
10,9,-2,-9,6,3,-2,-5,-24,4,8,-9
10,8,-2,-9,6,3,-3,-5,-24,4,8,-9
10,7,-3,-8,6,2,-3,-6,-25,3,7,-9
8,6,-3,-7,6,1,-3,-7,-26,3,7,-9
7,5,-2,-6,5,0,-3,-7,-27,3,7,-9
8,5,-2,-6,5,0,-3,-7,-27,3,7,-9
8,5,-3,-6,5,1,-3,-7,-27,3,6,-9
7,4,-3,-5,5,0,-3,-7,-28,3,6,-9
7,3,-4,-5,5,0,-3,-7,-28,2,6,-9
7,3,-4,-5,5,0,-2,-7,-28,3,6,-9
7,3,-4,-5,5,0,-2,-7,-28,3,7,-8
7,3,-5,-6,6,-1,-2,-7,-28,3,6,-8
9,4,-5,-7,7,-1,-3,-8,-28,3,6,-9
10,5,-5,-8,8,0,-3,-8,-28,3,6,-9
9,6,-4,-7,7,1,-3,-8,-27,3,6,-9
8,5,-3,-6,6,1,-3,-8,-27,3,6,-9
7,5,-3,-6,5,1,-3,-8,-27,2,5,-9
7,5,-3,-6,5,1,-3,-8,-27,3,5,-8
6,4,-3,-5,5,0,-3,-8,-27,3,5,-8
5,3,-3,-4,5,0,-4,-8,-26,3,5,-8
5,3,-3,-4,5,0,-4,-8,-26,3,5,-9
6,3,-3,-5,5,0,-3,-8,-26,2,4,-9
7,4,-3,-5,5,0,-3,-8,-26,2,4,-10
8,5,-4,-6,6,0,-3,-7,-25,2,4,-9
9,6,-4,-7,6,0,-2,-7,-25,2,4,-9
8,6,-3,-7,5,1,-2,-6,-24,3,5,-8
9,7,-2,-8,5,2,-2,-6,-24,3,5,-8
10,8,-2,-9,6,2,-2,-7,-24,3,4,-8
10,8,-2,-8,6,2,-2,-7,-23,2,4,-9
9,6,-2,-7,5,1,-3,-7,-23,2,4,-9
9,6,-2,-6,5,1,-2,-7,-22,3,4,-8
9,6,-2,-7,6,1,-2,-7,-22,3,4,-8
10,6,-3,-7,6,1,-2,-7,-22,3,4,-8
10,6,-4,-8,7,1,-2,-7,-22,2,4,-8
10,5,-4,-8,7,0,-3,-8,-22,2,3,-8
9,5,-4,-8,6,1,-3,-7,-21,2,4,-8
9,6,-2,-8,6,2,-2,-7,-20,3,4,-7
9,7,-1,-8,5,3,-2,-7,-20,4,4,-7
8,7,0,-7,5,3,-2,-8,-20,3,3,-8
7,7,0,-7,4,3,-2,-9,-21,1,2,-9
8,8,0,-7,4,4,-2,-9,-22,0,1,-10
9,10,1,-9,4,5,-1,-9,-22,0,0,-10
9,11,1,-10,4,6,-1,-9,-21,0,1,-9
9,11,2,-10,3,6,-1,-9,-21,1,2,-7
9,10,2,-10,3,6,-1,-9,-20,2,3,-5
8,10,2,-10,3,6,-1,-9,-18,3,6,0
7,9,2,-9,3,6,-2,-8,-17,6,10,5
7,9,2,-8,3,5,-2,-7,-15,10,17,13
9,9,0,-9,4,4,-1,-5,-12,14,25,23
11,9,-2,-10,7,3,-1,-2,-10,19,32,32
14,10,-4,-11,9,2,-1,1,-9,23,39,42
15,10,-4,-12,9,2,-1,3,-8,27,48,55
15,10,-5,-12,10,2,-2,5,-7,29,56,68
17,10,-7,-13,12,1,-3,6,-8,31,64,82
20,10,-10,-15,15,0,-3,7,-10,32,71,96
22,9,-13,-16,17,-1,-4,7,-11,32,77,107
24,7,-17,-15,21,-5,-4,8,-14,31,81,115
26,3,-22,-15,24,-9,-5,9,-19,30,83,122
26,0,-27,-13,27,-13,-6,10,-24,27,84,126
27,-4,-32,-11,29,-18,-7,10,-30,24,84,129
30,-8,-39,-10,34,-24,-7,10,-34,21,83,130
32,-12,-45,-10,39,-29,-8,11,-38,19,82,130
36,-16,-52,-10,44,-34,-8,12,-40,18,81,128
40,-17,-58,-11,50,-38,-9,13,-40,18,79,122
43,-19,-63,-12,54,-41,-9,15,-40,19,75,111
44,-22,-67,-10,55,-45,-9,17,-40,19,68,96
43,-26,-69,-8,56,-48,-9,20,-38,20,60,77
42,-29,-72,-7,57,-50,-7,22,-36,20,52,57
43,-31,-75,-6,59,-53,-5,24,-35,20,42,37
44,-34,-79,-5,61,-57,-3,26,-34,18,30,15
43,-38,-82,-2,62,-61,0,28,-34,15,17,-7
40,-44,-84,2,62,-65,3,30,-33,11,4,-29
38,-48,-86,4,62,-67,7,34,-31,9,-8,-48
36,-51,-87,7,62,-69,11,37,-29,6,-19,-66
33,-55,-87,11,60,-71,15,40,-28,4,-30,-82
29,-57,-86,14,57,-71,19,44,-26,2,-39,-95
26,-59,-85,16,55,-72,23,47,-23,1,-47,-105
23,-59,-83,18,53,-71,27,49,-22,-1,-54,-113
19,-60,-81,21,50,-71,30,50,-23,-6,-63,-120
15,-62,-79,23,47,-71,34,50,-25,-13,-73,-126
12,-63,-76,25,44,-70,37,49,-28,-22,-84,-132
9,-62,-71,26,40,-67,40,48,-33,-33,-96,-138
4,-63,-67,29,36,-65,43,45,-39,-45,-109,-145
0,-63,-62,31,31,-62,46,40,-45,-59,-122,-153
-4,-62,-58,33,26,-60,50,35,-51,-71,-133,-158
-9,-62,-52,35,21,-58,54,30,-56,-81,-141,-162
-14,-62,-48,37,16,-55,57,26,-57,-87,-146,-163
-16,-60,-44,38,14,-53,59,23,-57,-90,-147,-161
-17,-57,-40,37,12,-50,59,20,-56,-91,-145,-158
-19,-54,-35,37,8,-46,59,18,-55,-91,-143,-154
-22,-52,-30,38,3,-42,59,15,-56,-92,-141,-150
-26,-51,-24,39,-1,-38,59,10,-57,-94,-140,-147
-30,-50,-20,39,-6,-35,60,6,-59,-95,-138,-144
-31,-47,-16,39,-8,-32,61,2,-60,-96,-136,-140
-31,-44,-13,37,-9,-29,61,-3,-61,-95,-132,-134
-30,-40,-10,34,-10,-25,62,-6,-61,-93,-126,-128
-28,-35,-7,31,-11,-21,63,-8,-59,-90,-120,-120
-26,-30,-5,28,-11,-17,64,-8,-56,-86,-114,-113
-24,-26,-3,25,-10,-15,66,-7,-54,-83,-109,-107
-24,-25,-2,24,-11,-13,68,-6,-52,-79,-103,-102
-24,-24,0,24,-12,-12,70,-4,-50,-74,-97,-96
-23,-23,0,23,-12,-11,72,-3,-47,-70,-92,-91
-22,-21,0,21,-12,-10,74,-3,-46,-67,-88,-87
-22,-20,1,20,-12,-9,76,-2,-44,-65,-84,-83
-21,-19,1,20,-12,-9,79,-3,-42,-63,-81,-79
-21,-19,1,21,-12,-9,81,-5,-43,-62,-79,-76
-23,-21,2,22,-13,-9,83,-6,-44,-61,-77,-74
-25,-22,3,23,-14,-9,87,-6,-45,-59,-73,-70
-25,-21,4,23,-15,-8,92,-3,-44,-56,-69,-67
-25,-21,4,22,-15,-8,97,-1,-43,-52,-65,-63
-25,-21,4,22,-15,-8,101,1,-41,-48,-61,-60
-25,-20,4,22,-15,-8,105,3,-39,-44,-57,-56
-25,-20,4,23,-15,-8,110,6,-36,-41,-53,-52
-25,-20,4,23,-15,-8,115,7,-34,-39,-50,-49
-26,-21,5,24,-16,-7,120,7,-33,-37,-48,-46
-27,-22,5,25,-16,-8,122,5,-32,-35,-46,-45
-27,-23,5,25,-16,-8,122,2,-32,-34,-44,-43
-27,-23,5,25,-16,-8,119,-3,-32,-33,-42,-41
-28,-23,6,25,-17,-8,115,-9,-33,-32,-41,-40
-28,-22,6,25,-17,-8,112,-15,-34,-32,-40,-38
-26,-21,5,24,-16,-8,108,-20,-34,-32,-39,-36
-26,-20,5,23,-16,-8,102,-27,-36,-33,-39,-35
-26,-20,5,23,-15,-8,93,-32,-37,-34,-38,-33
-25,-20,5,23,-15,-8,83,-37,-39,-34,-37,-32
-25,-20,5,22,-15,-7,72,-39,-39,-34,-36,-30
-24,-19,5,21,-15,-7,60,-40,-38,-32,-33,-27
-22,-16,5,18,-14,-5,49,-39,-36,-28,-30,-24
-19,-12,6,15,-14,-3,39,-37,-32,-24,-27,-20
-18,-10,7,14,-13,-2,31,-34,-29,-20,-24,-17
-17,-8,8,13,-13,0,23,-31,-25,-17,-21,-14
-15,-4,10,10,-12,2,17,-26,-21,-13,-17,-10
-11,0,11,6,-11,5,11,-22,-17,-9,-13,-7
-8,2,11,3,-9,6,6,-18,-15,-6,-11,-5
-6,4,10,1,-8,7,3,-16,-12,-3,-9,-4
-5,5,10,0,-8,7,0,-14,-10,-2,-7,-3
-6,4,10,0,-8,7,-2,-13,-9,-1,-7,-2
-6,4,10,1,-9,7,-3,-11,-8,0,-6,-1
-5,4,10,0,-8,7,-5,-10,-6,1,-6,0
-5,4,9,0,-7,6,-6,-9,-5,1,-6,0
-3,5,8,-1,-6,6,-8,-9,-5,1,-6,0
-1,6,7,-3,-4,6,-9,-8,-4,2,-5,1
1,8,7,-4,-3,7,-9,-7,-4,2,-5,2
1,8,7,-5,-3,8,-10,-7,-3,3,-4,2
2,8,6,-5,-2,8,-10,-8,-3,3,-4,3
2,8,6,-5,-2,8,-11,-8,-3,3,-4,3
2,8,6,-5,-2,8,-11,-8,-2,3,-4,4
1,8,6,-4,-3,7,-11,-8,-2,3,-4,4
0,6,6,-2,-3,6,-11,-8,-2,3,-5,3
-2,4,6,-1,-4,5,-12,-9,-2,2,-5,3
-2,4,6,0,-4,4,-13,-10,-2,2,-5,2
-2,4,6,-1,-4,5,-13,-10,-2,2,-5,2
0,6,7,-3,-4,6,-13,-10,-2,2,-4,3
0,7,7,-3,-4,7,-13,-9,-1,3,-4,3
0,7,8,-3,-5,7,-13,-9,0,3,-3,4
0,8,7,-4,-4,7,-13,-9,0,4,-3,4
0,8,7,-4,-3,7,-12,-9,0,4,-2,5
1,9,7,-5,-3,7,-12,-8,1,5,-2,5
1,9,8,-5,-3,8,-12,-8,1,5,-1,6
1,9,7,-5,-3,8,-12,-8,1,6,-1,6
1,8,7,-5,-3,8,-13,-8,1,6,0,6
-1,7,8,-3,-5,8,-13,-8,1,6,0,6
-2,7,9,-2,-6,8,-14,-9,1,6,0,6
-2,7,8,-2,-6,8,-14,-9,1,6,0,7
-2,7,9,-2,-6,8,-15,-9,1,6,0,7
-2,8,10,-3,-6,9,-15,-9,1,7,1,8
0,10,10,-5,-5,11,-14,-8,2,8,2,9
1,11,11,-6,-5,12,-14,-8,3,9,2,10
0,12,11,-6,-6,12,-15,-9,3,9,2,10
1,13,11,-7,-5,12,-15,-9,3,9,2,11
2,14,11,-8,-4,13,-14,-8,4,10,3,12
3,15,11,-9,-4,13,-14,-8,5,10,3,12
4,16,11,-10,-4,13,-14,-8,5,10,3,12
3,16,12,-10,-4,14,-14,-8,5,11,3,13
3,16,13,-9,-5,14,-14,-8,5,11,4,14
2,15,13,-9,-5,14,-15,-8,6,12,4,15
3,15,12,-9,-5,14,-16,-8,7,12,4,15
3,16,13,-9,-5,14,-16,-8,8,12,4,16
2,16,13,-9,-6,15,-16,-8,8,12,5,17
1,16,14,-9,-6,15,-17,-8,9,12,5,18
1,16,15,-9,-7,16,-17,-9,9,13,6,18
0,16,16,-9,-8,16,-18,-9,9,13,6,19
0,16,17,-9,-8,17,-18,-9,10,13,7,20
0,17,17,-9,-9,17,-18,-9,10,14,8,21
0,18,18,-9,-9,18,-19,-9,11,14,9,22
0,19,18,-10,-9,18,-19,-10,11,15,9,23
0,19,19,-10,-9,19,-20,-10,11,15,10,23
-1,20,20,-10,-10,20,-20,-10,12,16,10,24
-1,21,21,-10,-11,21,-20,-10,13,16,11,26
0,22,22,-11,-10,21,-21,-10,14,17,12,27
1,23,21,-12,-10,22,-21,-10,14,17,12,28
1,22,21,-12,-10,22,-22,-10,14,17,13,29
0,22,22,-11,-11,22,-22,-9,15,18,14,30
0,24,23,-12,-11,24,-23,-8,15,19,15,31
1,25,23,-13,-11,25,-23,-8,16,19,16,32
0,23,24,-12,-12,24,-24,-8,15,19,16,33
-1,22,24,-11,-12,24,-25,-8,15,19,17,33
0,23,24,-12,-12,24,-26,-8,16,19,17,34
1,25,24,-13,-11,24,-26,-8,16,20,19,36
2,26,23,-14,-11,25,-27,-8,17,21,20,37
2,26,23,-14,-11,25,-28,-8,17,21,21,38
2,27,24,-15,-11,25,-28,-8,18,22,22,39
4,29,24,-17,-10,26,-28,-7,19,24,24,41
6,30,23,-18,-8,26,-28,-6,20,25,25,42
7,30,23,-19,-8,26,-29,-6,20,25,26,42
7,30,23,-19,-7,26,-30,-5,21,26,27,43
8,31,23,-20,-7,27,-30,-4,22,27,28,45
9,32,22,-21,-6,27,-31,-3,22,28,29,46
9,32,22,-21,-6,26,-31,-3,23,28,29,46
9,31,22,-20,-6,26,-32,-2,23,29,30,46
9,31,22,-20,-6,27,-32,-2,23,29,30,47
10,32,21,-21,-5,27,-32,-1,24,30,31,47
12,33,20,-22,-4,26,-32,0,25,32,32,48
12,32,20,-22,-4,26,-33,2,25,33,33,49
12,32,19,-22,-3,25,-33,3,26,33,34,49
12,31,19,-21,-3,25,-34,4,26,34,34,49
11,30,18,-21,-4,25,-34,5,26,34,34,49
12,30,17,-21,-3,24,-34,6,26,35,34,49
12,29,16,-21,-3,23,-34,7,26,35,34,49
10,27,16,-19,-3,21,-34,9,26,35,33,49
9,26,17,-18,-4,21,-34,11,26,36,34,49
11,26,16,-19,-3,21,-33,14,27,37,34,49
11,26,15,-19,-2,21,-33,16,27,37,34,49
10,24,15,-17,-2,20,-33,17,27,37,34,48
10,23,14,-17,-2,19,-32,17,27,37,33,48
11,25,13,-18,-1,19,-31,19,28,38,33,48
14,27,12,-20,0,19,-30,20,29,38,34,48
15,28,11,-21,1,19,-29,21,28,39,34,47
15,27,11,-21,2,19,-28,22,28,39,33,47
15,26,10,-20,2,18,-28,23,27,38,32,46
15,25,10,-19,2,18,-27,23,27,38,32,45
14,24,9,-19,2,17,-26,25,27,38,31,45
14,23,9,-18,2,16,-25,26,27,38,31,44
13,23,9,-18,2,15,-24,26,27,37,30,43
13,22,7,-17,2,14,-24,26,26,36,29,42
13,20,6,-17,3,13,-23,26,26,36,27,40
13,19,5,-16,3,12,-23,26,25,35,26,39
12,17,5,-15,2,11,-21,27,25,34,25,38
11,16,5,-14,2,11,-20,27,24,34,25,37
10,15,5,-12,2,10,-19,27,23,33,23,35
8,13,4,-11,2,9,-19,27,23,32,22,33
9,14,4,-12,2,9,-17,27,23,31,21,32
13,18,4,-15,4,10,-15,29,24,32,21,32
14,18,3,-16,5,10,-13,30,24,31,20,31
12,15,3,-13,4,9,-13,29,22,30,18,29
10,13,2,-12,4,7,-13,28,21,28,17,27
11,12,1,-12,5,7,-12,28,21,28,16,26
11,11,0,-11,5,6,-11,27,20,27,15,26
10,10,0,-10,5,6,-10,27,20,26,14,25
10,10,0,-10,5,6,-9,27,19,25,13,24
10,10,0,-10,5,6,-7,27,19,24,12,23
9,9,0,-9,5,5,-6,26,19,23,11,22
8,8,-1,-9,5,4,-6,25,18,21,10,21
8,7,-1,-8,5,3,-5,24,17,20,9,20
7,6,-1,-7,4,3,-4,23,16,19,8,19
6,5,-1,-6,4,3,-3,22,15,18,7,18
6,5,-1,-5,4,3,-3,21,14,17,5,17
6,5,-1,-6,4,3,-2,21,14,16,5,16
6,6,-1,-6,4,3,0,20,13,16,4,15
6,6,-1,-6,4,3,0,20,13,15,3,15
5,6,0,-6,3,3,0,19,12,14,2,14
5,5,0,-5,3,3,1,18,12,13,2,14
6,5,-1,-5,3,3,2,17,11,13,1,13
6,5,-1,-5,3,3,2,16,11,12,0,12
5,5,0,-5,3,3,3,15,10,12,0,12
5,5,0,-4,2,2,3,14,10,11,0,11
4,3,-1,-3,2,1,2,12,9,10,-1,10
3,3,-1,-3,2,1,2,11,8,9,-2,9
4,3,-1,-4,2,1,3,11,7,9,-2,9
4,3,-1,-4,2,1,3,10,7,8,-3,8
3,2,-1,-3,2,1,3,9,6,7,-3,8
2,1,-1,-2,1,1,3,8,6,7,-3,8
2,1,-1,-1,1,1,3,7,6,7,-3,8
2,1,-1,-2,1,1,3,7,6,7,-3,8
5,3,-1,-4,2,1,3,7,6,7,-3,8
6,4,-2,-5,3,1,3,7,6,7,-3,8
5,4,-1,-5,3,1,3,6,5,6,-4,8
4,3,-1,-3,2,1,3,6,5,6,-4,7
2,2,0,-2,1,1,3,5,4,6,-5,7
2,1,0,-2,1,1,3,5,4,6,-5,7
3,2,-1,-2,1,1,3,4,4,6,-5,7
3,3,-1,-3,2,1,3,4,4,7,-5,7
2,2,-1,-2,1,1,3,4,4,6,-5,7
1,2,0,-1,1,0,3,3,3,6,-5,7
1,2,0,-1,0,0,3,3,3,6,-5,7
0,1,0,-1,0,0,2,2,3,6,-5,7
0,0,0,-1,0,0,2,2,2,6,-5,7
0,0,0,-1,0,0,2,2,2,6,-5,7
2,1,0,-1,1,0,2,2,2,6,-5,7
3,2,-1,-3,2,0,2,2,2,6,-5,7
4,3,-1,-4,3,0,2,2,2,6,-5,7
5,4,-2,-4,4,0,1,2,2,6,-5,7
5,3,-3,-4,4,0,0,2,1,6,-5,7
4,2,-3,-4,3,0,0,2,1,6,-5,7
4,2,-3,-4,3,0,0,2,1,6,-5,7
4,2,-3,-4,4,0,0,2,1,6,-5,7
5,2,-3,-4,4,0,0,2,1,6,-5,7
5,3,-3,-4,4,0,0,2,1,6,-5,7
5,3,-3,-4,4,0,0,2,1,6,-5,8
5,2,-3,-3,4,0,0,2,1,6,-5,8
5,2,-3,-3,4,0,0,2,1,6,-5,8
4,1,-3,-2,4,-1,0,1,0,5,-5,8
2,0,-3,-1,3,-2,0,1,0,5,-5,7
2,-1,-4,-1,3,-2,0,1,0,4,-6,7
4,0,-4,-2,4,-2,0,1,0,5,-5,7
6,1,-4,-4,5,-1,1,2,0,5,-5,8
5,0,-4,-2,4,-2,1,1,0,5,-5,7
1,-2,-3,1,2,-3,0,1,0,4,-5,7
-1,-3,-2,2,1,-2,1,1,0,5,-4,8
1,0,-1,0,2,-1,2,2,0,6,-3,9
4,2,-1,-3,3,0,3,3,1,7,-2,9
6,4,-1,-5,4,1,4,3,1,7,-2,9
7,5,-1,-7,5,2,4,4,2,8,-1,9
8,6,-1,-8,4,2,4,4,2,8,-1,10
7,6,-1,-7,4,2,4,4,2,8,-1,10
6,5,-1,-6,3,2,3,4,1,8,-1,9
6,4,-2,-6,4,2,2,4,1,8,-1,9
7,5,-2,-7,5,2,3,4,1,9,0,10
8,7,-2,-8,5,3,3,5,2,10,0,11
8,7,-2,-8,5,3,3,5,2,10,0,11
7,6,-1,-7,5,2,3,5,2,10,0,11
7,6,-1,-7,4,2,3,5,2,10,0,11
7,6,-1,-7,4,3,3,5,2,10,1,11
7,6,-1,-6,4,3,4,5,2,10,1,11
7,5,-1,-6,4,3,3,4,1,10,1,11
7,5,-1,-6,4,3,3,4,1,10,1,11
7,5,-1,-6,4,3,2,4,1,10,1,11
7,6,0,-6,4,3,2,4,1,10,1,11
7,6,0,-7,4,3,2,4,1,10,1,11
7,7,0,-7,4,3,2,4,1,10,1,11
7,7,0,-7,4,3,1,4,0,10,1,11
6,7,0,-6,3,3,0,3,0,10,1,11
5,6,0,-6,3,3,-1,2,0,10,0,11
4,4,0,-5,3,2,-3,1,-1,9,0,10
4,3,-1,-4,3,1,-4,1,-2,9,-1,10
4,3,0,-4,3,2,-5,0,-3,8,-1,10
5,3,0,-4,3,2,-7,0,-3,8,-1,9
5,3,-1,-4,3,1,-8,-1,-3,7,-2,9
3,2,0,-3,2,1,-9,-1,-4,7,-2,9
3,4,0,-4,2,2,-9,-1,-3,7,-1,10
6,6,0,-6,3,3,-9,-1,-3,7,-1,10
7,6,0,-6,4,3,-10,-1,-3,7,-1,10
6,4,-1,-5,3,2,-11,-2,-4,6,-2,9
6,3,-1,-4,3,1,-13,-2,-5,6,-2,9
6,3,-2,-4,4,1,-14,-3,-6,5,-3,9
6,2,-2,-4,4,0,-14,-3,-6,5,-3,9
7,2,-3,-4,5,0,-14,-3,-6,5,-3,9
8,3,-3,-5,5,0,-14,-3,-6,5,-3,9
8,4,-3,-6,6,0,-14,-3,-6,5,-3,9
8,5,-3,-6,6,0,-14,-3,-6,6,-3,9
8,5,-3,-7,6,0,-14,-3,-6,6,-2,10
8,5,-3,-7,6,0,-14,-2,-5,6,-2,10
8,5,-3,-6,6,0,-14,-2,-5,6,-2,10
8,4,-3,-6,6,0,-13,-2,-5,6,-2,10
8,4,-3,-6,6,0,-12,-2,-5,6,-2,10
8,4,-3,-6,6,0,-12,-2,-5,6,-2,10
7,4,-3,-5,5,0,-12,-2,-5,6,-2,9
7,3,-3,-5,5,0,-11,-2,-5,5,-3,9
6,3,-3,-4,5,0,-10,-2,-5,5,-3,8
5,2,-3,-4,5,0,-9,-1,-5,5,-3,8
5,2,-3,-3,4,0,-8,-1,-5,6,-3,8
4,1,-3,-3,4,-1,-8,0,-5,6,-3,8
4,1,-3,-2,3,-1,-7,0,-5,6,-3,8
4,0,-3,-2,3,-1,-7,0,-5,6,-3,8
4,0,-3,-2,3,-1,-6,0,-5,6,-3,8
3,0,-3,-1,3,-1,-6,0,-5,6,-3,8
2,-1,-3,0,3,-2,-6,0,-5,5,-4,7
1,-2,-4,1,2,-3,-6,-1,-5,4,-4,7
0,-3,-4,1,2,-4,-6,-1,-6,4,-4,7
0,-4,-4,1,2,-4,-6,-1,-6,3,-4,6
-1,-6,-4,3,1,-5,-6,-2,-7,2,-5,5
-2,-6,-4,3,1,-5,-6,-2,-7,2,-6,5
0,-4,-3,1,2,-4,-5,-1,-6,3,-5,5
2,-2,-3,0,2,-3,-5,-1,-6,4,-5,5
3,-1,-4,-1,3,-2,-4,-1,-5,4,-5,5
5,0,-5,-2,5,-2,-4,-1,-5,4,-5,5
4,-1,-5,-2,4,-3,-5,-1,-6,3,-5,5
3,-2,-5,-1,4,-3,-6,-2,-6,3,-5,5
5,0,-5,-3,5,-2,-6,-1,-5,3,-4,6
6,0,-5,-4,5,-2,-7,-1,-5,3,-4,6
6,0,-5,-4,5,-2,-7,-2,-5,3,-4,5
6,0,-5,-4,5,-2,-6,-2,-5,3,-4,5
5,0,-5,-3,5,-2,-6,-2,-5,3,-4,5
5,0,-4,-3,5,-1,-6,-1,-5,3,-4,5
4,0,-4,-3,5,-1,-6,-1,-5,3,-4,6
3,0,-3,-2,4,-1,-6,-1,-5,3,-4,6
3,0,-3,-2,3,-1,-6,-1,-5,3,-4,6
2,-1,-3,-1,3,-2,-6,-1,-5,3,-4,6
1,-2,-3,0,2,-2,-6,-1,-5,3,-4,6
0,-3,-3,1,1,-2,-6,-1,-5,3,-4,5
-1,-4,-3,2,1,-3,-6,-2,-5,3,-5,5
-1,-3,-3,2,1,-3,-6,-2,-5,3,-5,5
1,-2,-3,0,2,-2,-5,-2,-5,3,-5,5
2,-1,-3,-1,3,-2,-5,-2,-5,3,-5,6
2,-1,-3,-1,3,-2,-5,-2,-5,3,-5,6
2,-1,-3,-1,3,-2,-6,-2,-5,3,-5,6
3,-1,-3,-1,3,-2,-6,-2,-5,4,-5,6
3,0,-3,-2,3,-1,-6,-2,-5,4,-5,6
3,0,-3,-1,3,-1,-6,-2,-5,4,-5,6
1,-2,-3,0,2,-2,-6,-2,-5,4,-5,6
0,-3,-3,1,2,-3,-7,-3,-6,3,-5,5
0,-4,-3,2,2,-4,-7,-3,-6,3,-5,5
0,-3,-3,1,2,-3,-6,-3,-5,4,-4,6
1,-1,-3,0,2,-3,-6,-3,-5,4,-4,6
1,-1,-2,0,2,-2,-6,-3,-5,3,-5,6
-1,-2,-2,1,0,-2,-6,-4,-6,3,-5,5
-2,-3,-1,3,-1,-2,-6,-5,-6,2,-6,4
-2,-2,-1,2,0,-1,-6,-5,-5,2,-7,4
0,0,0,0,0,0,-6,-5,-5,2,-7,4
0,0,1,0,0,0,-6,-6,-5,1,-8,4
-1,0,2,1,-1,1,-7,-7,-5,1,-8,4
-2,0,3,1,-2,1,-7,-7,-4,1,-7,6
-2,0,3,1,-3,2,-7,-7,-3,3,-4,10
-2,1,4,0,-3,3,-6,-6,-1,5,0,15
-1,2,3,-1,-2,4,-6,-4,2,10,6,23
1,4,2,-3,0,4,-5,-2,6,16,14,31
3,5,1,-4,1,3,-5,1,8,21,22,40
5,5,0,-5,3,3,-5,3,10,25,29,48
7,5,-2,-6,5,2,-5,6,11,30,37,59
9,5,-3,-7,6,1,-6,8,11,33,45,71
9,4,-5,-7,7,0,-7,9,10,35,54,83
10,2,-7,-7,8,-2,-8,9,8,36,61,95
12,1,-11,-8,11,-4,-9,10,6,37,67,106
15,0,-14,-8,14,-7,-9,12,4,37,73,115
17,-1,-19,-8,18,-10,-9,13,1,37,77,122
19,-3,-23,-8,22,-14,-10,14,-3,37,81,128
21,-7,-28,-8,26,-18,-11,15,-8,35,83,133
22,-12,-35,-6,29,-23,-13,15,-13,33,84,135
25,-16,-42,-6,34,-29,-14,16,-17,32,85,137
29,-19,-48,-6,39,-34,-14,18,-19,32,86,137
31,-22,-54,-5,43,-38,-14,20,-20,32,86,134
34,-26,-60,-4,47,-43,-14,22,-20,32,83,126
34,-30,-65,-2,49,-48,-15,23,-20,32,77,113
33,-35,-69,0,51,-52,-15,24,-19,32,70,96
33,-39,-72,2,53,-55,-14,26,-17,32,62,78
34,-41,-75,2,55,-58,-12,28,-16,32,53,60
35,-43,-78,3,57,-61,-10,30,-16,29,42,41
35,-47,-82,5,58,-65,-8,31,-16,26,30,20
33,-52,-85,9,58,-68,-5,33,-16,22,17,-1
31,-56,-87,12,59,-71,-1,36,-16,19,4,-22
29,-61,-89,16,59,-75,3,39,-15,15,-9,-41
25,-65,-90,20,58,-77,7,40,-15,11,-22,-59
23,-67,-90,22,57,-78,11,43,-13,9,-32,-73
20,-69,-88,24,55,-78,15,45,-12,7,-41,-84
17,-70,-87,25,52,-78,19,47,-11,4,-49,-93
14,-70,-84,27,50,-77,23,49,-11,-1,-58,-101
11,-71,-82,29,47,-77,26,49,-13,-8,-69,-108
7,-71,-79,32,43,-76,29,49,-16,-17,-80,-115
4,-71,-76,34,40,-74,32,48,-20,-28,-92,-122
-1,-72,-72,37,35,-72,36,44,-26,-40,-106,-130
-7,-75,-68,41,30,-71,39,39,-34,-54,-120,-138
-12,-76,-64,44,26,-70,43,32,-42,-68,-133,-145
-16,-76,-60,45,22,-67,47,26,-49,-79,-142,-149
-18,-74,-56,46,19,-65,51,21,-52,-87,-148,-151
-20,-73,-52,46,16,-62,53,18,-53,-91,-150,-150
-23,-71,-48,46,13,-60,53,14,-53,-93,-149,-147
-25,-70,-44,47,10,-57,53,10,-53,-93,-147,-143
-26,-67,-40,46,7,-53,53,6,-53,-94,-145,-139
-27,-62,-35,44,4,-48,54,1,-54,-94,-143,-136
-27,-57,-29,41,1,-44,55,-3,-55,-95,-141,-133
-29,-55,-26,41,-1,-41,56,-9,-58,-96,-140,-130
-30,-54,-23,41,-3,-39,56,-16,-60,-97,-138,-127
-31,-52,-20,41,-5,-36,56,-20,-61,-97,-134,-121
-31,-49,-17,39,-7,-33,57,-22,-60,-94,-129,-114
-31,-46,-14,38,-8,-30,59,-22,-58,-91,-123,-108
-32,-44,-11,38,-10,-28,60,-22,-56,-88,-118,-102
-32,-42,-10,37,-10,-26,62,-22,-54,-84,-112,-97
-30,-39,-8,34,-10,-24,65,-20,-51,-78,-105,-90
-28,-36,-7,32,-10,-21,68,-18,-48,-73,-99,-83
-29,-34,-5,31,-11,-20,70,-18,-46,-69,-94,-78
-30,-33,-4,31,-12,-19,72,-18,-44,-66,-90,-74
-29,-32,-3,30,-13,-17,74,-18,-43,-64,-86,-70
-28,-31,-2,29,-13,-17,77,-19,-42,-62,-82,-66
-29,-31,-2,30,-13,-17,79,-20,-43,-61,-80,-63
-29,-32,-2,30,-13,-17,82,-20,-43,-59,-77,-60
-28,-31,-2,29,-12,-17,87,-18,-43,-56,-73,-57
-26,-30,-3,28,-11,-17,92,-17,-41,-51,-68,-53
-26,-29,-3,27,-11,-16,96,-15,-39,-47,-64,-49
-25,-29,-4,27,-10,-16,101,-12,-37,-43,-60,-46
-25,-30,-5,27,-10,-17,106,-9,-35,-40,-57,-43
-27,-32,-5,29,-10,-18,111,-8,-34,-38,-55,-41
-28,-33,-5,30,-10,-18,115,-9,-33,-37,-52,-39
-26,-33,-5,29,-9,-18,119,-10,-31,-35,-50,-37
-25,-31,-5,28,-9,-18,119,-14,-30,-33,-47,-35
-24,-31,-6,27,-9,-19,116,-20,-31,-31,-45,-33
-24,-30,-6,27,-9,-19,111,-28,-32,-31,-44,-31
-22,-29,-6,25,-8,-18,107,-34,-32,-31,-43,-30
-21,-28,-6,24,-7,-18,102,-39,-33,-31,-43,-28
-21,-28,-7,24,-7,-18,96,-44,-35,-31,-42,-27
-21,-28,-7,24,-7,-18,87,-47,-36,-32,-41,-26
-21,-28,-7,24,-6,-18,77,-50,-36,-32,-40,-25
-21,-28,-7,24,-6,-18,67,-51,-36,-31,-38,-23
-18,-25,-6,21,-6,-16,56,-51,-34,-27,-35,-20
-14,-20,-6,16,-4,-13,45,-49,-31,-22,-31,-16
-10,-15,-5,12,-2,-11,34,-46,-28,-18,-27,-12
-7,-12,-5,9,-1,-9,26,-43,-24,-13,-23,-9
-5,-8,-4,6,0,-6,18,-38,-20,-9,-19,-6
-2,-4,-3,3,0,-3,11,-33,-16,-5,-16,-3
0,-1,-2,0,1,-2,5,-28,-13,-2,-13,0
2,1,-1,-2,2,0,0,-24,-10,0,-10,2
4,2,-1,-3,2,0,-2,-21,-7,4,-7,4
4,3,-1,-4,2,0,-4,-19,-5,6,-5,6
5,4,-1,-4,3,1,-6,-17,-4,8,-3,7
6,5,-1,-6,4,1,-7,-15,-2,10,-2,8
7,6,-1,-7,4,2,-7,-14,-1,11,-1,9
6,6,0,-6,4,3,-8,-13,0,12,0,9
6,6,0,-6,3,3,-9,-12,1,12,0,10
6,6,0,-6,3,3,-9,-11,2,13,0,10
6,7,1,-7,3,4,-9,-11,2,13,1,11
6,7,0,-7,3,3,-10,-11,2,13,1,11
6,6,0,-7,3,2,-11,-12,2,13,1,11
6,5,0,-6,3,2,-12,-12,2,14,1,11
6,6,0,-6,3,2,-12,-12,3,14,2,11
6,7,0,-7,3,3,-12,-11,3,15,2,12
6,7,0,-7,3,3,-13,-11,3,15,2,12
6,7,0,-7,3,3,-13,-10,4,15,2,12
6,8,0,-7,3,4,-13,-10,4,15,3,12
7,8,0,-8,3,4,-13,-11,5,15,3,13
9,9,0,-9,4,4,-13,-11,5,16,4,13
9,9,1,-10,4,4,-13,-11,5,16,4,14
9,9,1,-10,4,4,-14,-12,5,16,4,14
9,9,1,-10,4,5,-14,-12,5,16,4,14
9,10,1,-10,4,5,-14,-11,5,17,5,14
8,10,2,-10,3,6,-14,-11,6,17,5,15
8,11,2,-10,3,6,-14,-11,7,18,5,15
9,11,2,-10,4,6,-15,-11,7,18,5,15
9,10,2,-10,4,6,-15,-12,6,18,5,15
8,10,2,-9,3,5,-16,-12,6,18,5,15
8,10,2,-9,3,6,-16,-12,7,19,5,15
8,11,3,-9,2,7,-16,-12,7,19,6,16
8,11,4,-9,2,7,-16,-12,7,19,6,16
9,13,3,-11,3,8,-16,-11,7,19,6,17
12,15,3,-13,4,9,-15,-11,8,20,7,18
12,16,4,-15,4,10,-15,-11,8,21,8,19
12,17,5,-15,3,11,-15,-11,9,22,8,20
11,16,5,-14,2,11,-16,-11,9,22,8,20
9,14,5,-12,2,10,-17,-12,9,23,8,20
8,13,5,-11,1,10,-17,-12,8,22,8,20
8,13,6,-11,1,10,-18,-12,9,22,8,20
8,15,7,-12,0,11,-17,-12,10,23,9,21
8,16,8,-12,0,12,-17,-12,10,24,10,22
8,16,9,-12,0,12,-17,-12,10,24,10,23
7,17,9,-12,-1,13,-17,-12,11,24,10,23
7,18,10,-13,-1,14,-18,-11,12,25,11,24
7,18,11,-13,-2,15,-18,-11,12,26,12,25
5,18,12,-12,-3,15,-19,-11,12,27,13,26
4,17,13,-11,-4,16,-19,-11,12,27,13,27
4,19,15,-12,-5,18,-18,-11,13,28,14,28
5,21,16,-13,-6,19,-18,-10,14,28,15,29
3,21,17,-12,-7,19,-18,-11,15,28,16,29
3,20,17,-11,-7,18,-19,-11,15,29,16,30
3,21,18,-12,-8,19,-19,-11,16,30,17,32
3,22,20,-13,-8,20,-20,-11,17,31,18,33
3,23,21,-13,-9,22,-20,-11,17,32,19,34
3,24,22,-14,-9,23,-21,-11,18,33,20,35
3,26,22,-15,-9,24,-21,-11,19,33,21,36
3,26,22,-15,-9,24,-22,-11,19,34,22,37
2,25,22,-14,-9,23,-22,-12,19,34,22,37
2,25,23,-14,-10,24,-23,-12,20,34,23,38
3,26,23,-15,-10,25,-23,-12,21,35,24,39
3,27,24,-16,-10,26,-24,-12,21,36,25,41
3,28,24,-16,-10,27,-24,-11,22,37,27,43
3,28,25,-17,-10,27,-25,-11,22,38,28,44
3,28,25,-17,-10,27,-25,-11,22,38,28,45
4,29,25,-17,-10,27,-26,-11,23,38,29,46
4,29,25,-17,-10,28,-27,-11,23,39,30,47
5,30,25,-18,-10,28,-28,-11,23,39,30,47
5,30,25,-18,-10,28,-28,-11,24,40,31,48
4,30,26,-17,-11,28,-29,-11,24,41,32,49
4,30,26,-17,-11,28,-29,-11,24,42,34,50
5,30,26,-17,-10,28,-30,-10,24,43,35,51
5,30,25,-18,-10,28,-31,-10,25,43,36,52
5,30,25,-18,-10,28,-32,-9,25,43,37,52
5,30,26,-18,-11,28,-32,-9,26,44,37,53
4,30,26,-18,-11,28,-32,-8,26,44,38,53
5,31,26,-18,-10,28,-32,-7,26,46,39,54
7,32,26,-20,-9,29,-32,-6,27,47,40,55
9,33,25,-21,-8,29,-32,-4,28,48,41,56
9,33,24,-22,-7,28,-33,-3,28,49,41,56
10,34,23,-22,-7,28,-33,-2,29,50,42,56
10,34,23,-22,-6,28,-33,-1,29,50,42,56
10,33,23,-22,-6,28,-34,0,30,51,42,56
10,32,22,-21,-6,27,-34,1,30,51,42,56
10,31,22,-21,-6,27,-34,2,31,52,42,56
9,30,21,-20,-6,26,-35,3,31,53,42,56
8,28,21,-18,-6,25,-35,3,30,53,42,55
8,28,20,-18,-6,24,-35,4,30,53,42,55
10,29,20,-20,-5,25,-34,6,31,54,43,56
10,30,20,-20,-5,25,-33,8,31,54,43,56
9,28,19,-19,-5,24,-33,9,31,54,42,55
9,27,18,-18,-5,23,-33,10,31,54,42,54
9,27,18,-19,-4,23,-32,11,31,54,42,54
11,27,17,-19,-2,22,-32,12,31,55,41,53
12,27,15,-20,-1,22,-32,13,31,55,41,53
11,26,15,-20,-1,21,-31,14,31,55,41,53
10,26,15,-19,-2,21,-30,16,32,55,41,52
10,26,15,-18,-2,20,-29,17,31,55,40,51
11,26,13,-18,-1,19,-28,17,31,54,38,50
11,26,13,-18,-1,19,-27,18,31,54,38,49
11,25,14,-18,-1,19,-25,19,31,54,37,48
11,25,14,-18,-1,19,-24,20,31,54,36,47
10,22,13,-17,-1,18,-24,20,30,53,35,46
8,19,11,-15,-1,15,-24,19,28,51,33,44
8,18,10,-14,-1,14,-23,20,28,51,32,43
8,18,10,-14,-1,14,-22,20,28,50,32,42
7,18,10,-13,-1,14,-21,20,28,50,31,40
7,18,10,-12,-2,14,-20,21,27,49,30,39
6,16,9,-11,-2,13,-19,21,26,48,28,37
4,14,9,-9,-2,12,-18,20,26,47,26,36
3,12,9,-8,-3,11,-18,20,25,46,25,35
4,13,9,-9,-2,11,-16,20,25,45,24,34
5,13,8,-10,-1,11,-15,21,24,45,24,33
6,13,7,-10,0,10,-14,20,23,44,23,32
7,13,6,-10,0,9,-13,20,22,42,21,30
6,12,6,-10,0,9,-12,20,22,41,20,29
5,12,6,-9,0,9,-11,20,21,41,19,28
4,11,6,-8,0,9,-10,19,21,40,18,27
4,10,6,-7,-1,8,-9,18,20,38,16,26
4,10,5,-7,-1,7,-8,17,20,37,15,26
4,9,5,-7,0,7,-7,16,19,36,14,25
4,8,4,-7,0,6,-7,15,18,35,13,23
2,7,4,-5,-1,6,-6,14,17,34,12,22
1,7,5,-4,-2,7,-5,14,16,33,11,21
0,7,5,-4,-2,6,-5,12,15,31,10,20
0,6,5,-3,-2,5,-5,11,14,30,8,19
0,5,5,-2,-2,5,-4,10,13,29,7,18
0,5,5,-2,-3,5,-3,9,12,28,6,18
0,5,5,-2,-3,5,-2,9,12,28,6,18
0,5,5,-3,-3,5,-1,8,12,27,6,17
-1,4,5,-2,-3,4,-1,7,12,26,5,17
-2,3,5,0,-4,4,-1,6,11,25,5,16
-2,3,5,-1,-4,4,-1,5,11,25,4,15
-2,4,5,-1,-3,5,-1,4,10,24,3,14
-3,2,5,0,-4,4,-2,2,9,23,2,13
-4,1,5,1,-4,4,-2,1,8,22,0,12
-4,2,5,0,-4,4,-1,0,7,21,0,12
-2,3,5,-1,-3,4,0,0,7,21,0,12
-2,2,4,0,-3,4,0,0,7,21,0,12
-2,2,4,0,-4,3,0,0,6,20,-1,12
-2,2,5,0,-4,4,0,-1,6,20,-1,12
-2,3,6,-1,-4,5,0,-1,7,20,-1,12
-2,4,6,-2,-4,5,1,-1,7,20,-1,12
-2,4,5,-2,-3,5,0,-2,7,20,-1,12
-2,3,5,-1,-3,4,0,-2,6,19,-2,11
-3,2,5,0,-4,4,0,-3,6,18,-2,11
-5,1,6,2,-6,4,-1,-3,6,18,-3,10
-6,0,6,3,-6,3,-1,-4,6,18,-3,10
-6,0,6,2,-6,3,-1,-4,6,18,-3,10
-5,0,6,2,-5,3,-1,-5,5,18,-3,10
-5,0,6,2,-4,3,-1,-5,5,18,-3,10
-5,0,6,2,-5,3,-2,-6,5,18,-3,10
-4,0,6,1,-5,4,-2,-6,5,18,-3,10
-2,2,5,0,-4,4,-2,-6,5,18,-3,10
-1,2,4,0,-3,4,-2,-6,5,18,-3,10
-3,0,4,1,-4,3,-2,-6,4,18,-3,10
-5,0,5,3,-5,3,-3,-6,4,18,-3,10
-6,-1,5,4,-5,2,-3,-7,4,18,-3,10
-5,0,5,3,-5,3,-3,-7,5,18,-3,10
-4,1,5,1,-4,3,-3,-6,5,18,-3,10
-4,1,4,1,-4,3,-3,-7,4,18,-4,10
-4,0,4,2,-4,2,-4,-7,4,17,-4,9
-4,-1,4,2,-4,2,-4,-7,3,17,-4,9
-4,-1,4,2,-4,2,-4,-7,3,17,-4,9
-3,1,4,1,-4,3,-4,-7,3,17,-4,10
-3,2,4,1,-4,3,-3,-7,3,17,-3,10
-3,2,4,1,-4,3,-3,-7,3,17,-3,10
-2,3,4,0,-3,4,-3,-6,4,18,-2,11
-1,3,4,-1,-2,4,-2,-5,4,18,-2,11
-3,1,4,0,-3,3,-3,-6,4,18,-2,11
-3,0,4,1,-3,2,-3,-7,3,18,-2,10
-2,1,5,0,-3,3,-2,-6,4,19,-2,11
-2,2,5,0,-4,4,-1,-6,4,19,-1,11
-2,3,5,0,-4,4,-1,-6,4,18,-1,11
-2,3,5,0,-4,4,0,-5,4,18,-1,12
-2,4,5,-1,-3,4,0,-5,4,18,-1,12
-2,4,5,-1,-3,4,-1,-5,4,18,-1,12
-2,3,5,-1,-3,4,-1,-5,4,18,-1,12
-2,3,5,-1,-3,4,-1,-5,4,18,-1,12
-1,4,5,-1,-3,4,-1,-5,5,18,0,13
-1,4,5,-1,-3,4,-1,-5,4,18,0,13
-2,3,5,-1,-3,4,-1,-5,4,17,0,13
0,4,4,-2,-2,5,0,-5,4,18,0,14
2,7,4,-5,-1,6,1,-4,4,19,1,14
3,8,5,-6,-1,7,2,-3,5,19,1,15
2,8,5,-5,-1,7,1,-3,5,19,1,15
0,7,6,-3,-3,6,1,-3,5,18,1,15
-2,6,8,-1,-5,6,0,-4,5,18,1,15
-4,5,9,0,-6,7,-1,-4,4,18,1,14
-4,5,9,-1,-6,7,-1,-5,4,17,1,14
-2,7,9,-3,-5,7,-1,-5,4,17,1,15
-1,7,9,-3,-5,7,0,-5,4,17,1,15
-3,6,9,-2,-6,7,-1,-6,4,17,1,15
-4,5,11,-1,-7,7,-2,-6,4,17,1,15
-4,6,11,-1,-7,7,-3,-6,4,17,1,15
-3,6,11,-2,-7,8,-4,-6,5,17,1,15
-2,7,10,-3,-6,8,-5,-6,4,17,1,15
0,7,9,-4,-4,8,-7,-6,3,16,0,14
0,7,8,-4,-4,8,-8,-7,2,15,0,13
0,7,8,-4,-3,7,-10,-7,1,14,-1,13
0,7,7,-4,-3,6,-11,-8,0,13,-2,12
0,6,6,-4,-2,5,-13,-9,0,12,-2,12
1,6,4,-5,-1,5,-14,-10,0,12,-2,12
2,6,4,-5,0,5,-15,-10,0,12,-2,12
1,5,4,-4,-1,5,-16,-10,0,11,-2,12
0,4,5,-2,-2,5,-17,-11,0,11,-3,11
-1,3,5,-1,-3,5,-18,-11,-1,10,-3,11
0,4,5,-2,-2,5,-19,-11,-1,10,-4,10
0,4,5,-2,-2,5,-19,-11,-1,9,-4,10
-1,4,5,-2,-3,4,-19,-11,-2,9,-4,10
-1,5,6,-2,-3,5,-18,-11,-2,9,-4,11
0,6,6,-3,-2,5,-18,-10,-1,10,-4,11
2,7,5,-5,-1,5,-18,-10,-1,10,-3,12
3,7,4,-5,0,5,-18,-10,-1,10,-3,12
3,7,4,-5,0,6,-18,-10,0,10,-2,12
1,6,4,-4,-1,5,-18,-10,0,10,-2,12
1,6,4,-3,-1,5,-18,-10,-1,10,-2,12
2,6,3,-4,0,4,-18,-10,0,10,-2,13
2,5,2,-4,0,3,-18,-10,0,10,-2,13
1,4,2,-2,0,3,-18,-10,0,9,-3,12
0,3,2,-1,0,3,-17,-10,0,9,-3,12
0,2,3,0,-1,3,-16,-10,0,9,-3,12
-2,0,3,0,-2,2,-15,-10,0,9,-3,11
-2,0,3,1,-2,2,-14,-10,0,8,-4,10
-2,0,3,1,-2,2,-13,-9,0,8,-3,10
-2,1,3,0,-2,2,-13,-8,1,8,-3,10
-2,1,3,0,-2,2,-12,-8,1,8,-3,10
-3,1,4,1,-3,2,-11,-7,1,8,-3,10
-3,1,4,1,-3,2,-11,-7,1,8,-4,9
-2,0,3,1,-2,1,-11,-7,0,8,-4,9
-1,0,2,0,-1,1,-11,-7,0,8,-5,8
-1,0,1,0,-1,0,-11,-8,0,7,-5,8
-2,-1,1,1,-1,0,-11,-9,-1,6,-5,7
-3,-1,2,2,-2,0,-11,-9,0,6,-5,7
-3,0,2,1,-2,1,-11,-9,0,6,-5,8
-2,0,2,1,-2,1,-11,-9,0,6,-5,8
-2,0,2,1,-2,0,-11,-10,0,4,-6,7
-3,-2,1,2,-1,0,-12,-11,-1,3,-7,6
-3,-2,1,2,-1,0,-12,-11,-1,3,-7,6
-1,-1,1,1,-1,0,-11,-10,0,3,-6,7
0,0,1,0,0,1,-11,-10,0,4,-6,7
-2,0,2,0,-2,1,-10,-9,0,4,-5,8
-4,0,3,2,-4,1,-10,-9,0,4,-5,8
-5,0,4,3,-5,2,-10,-9,0,4,-5,9
-6,0,5,3,-6,2,-10,-9,0,4,-4,9
-6,-1,5,4,-6,2,-11,-9,0,4,-4,9
-6,-2,5,4,-6,2,-11,-9,0,4,-4,9
-5,-2,4,3,-4,1,-12,-9,0,4,-4,9
-4,-1,4,2,-3,1,-12,-9,0,4,-3,9
-4,-2,3,3,-3,0,-12,-10,0,4,-3,8
-4,-3,2,3,-3,0,-13,-11,0,3,-4,7
-5,-3,3,4,-3,0,-13,-11,0,3,-4,7
-6,-2,3,4,-4,0,-13,-11,0,3,-4,7
-4,-2,3,3,-3,0,-13,-10,0,2,-5,6
-3,-1,2,2,-3,0,-13,-10,0,2,-5,6
-3,-1,2,2,-3,0,-13,-10,0,2,-5,6
-3,0,3,2,-3,1,-13,-9,0,2,-5,6
-3,0,3,2,-3,1,-13,-9,0,2,-5,7
-3,0,4,1,-3,2,-12,-9,0,2,-5,7
-2,1,3,1,-2,2,-12,-9,0,1,-5,7
-2,1,3,0,-2,1,-12,-10,0,1,-5,7
-3,0,3,1,-3,1,-12,-10,0,2,-4,7
-5,-1,4,3,-4,1,-12,-10,1,2,-4,7
-5,-2,3,4,-4,0,-12,-10,1,2,-4,6
-4,-2,1,3,-2,0,-12,-11,1,2,-4,6
-4,-3,1,4,-2,-1,-12,-11,0,1,-4,5
-6,-3,2,4,-3,-1,-12,-11,0,0,-5,4
-5,-2,3,3,-4,0,-12,-11,0,0,-5,4
-4,0,4,1,-3,1,-12,-11,0,0,-5,5
-2,1,3,0,-2,1,-12,-11,1,0,-5,5
-1,2,3,-1,-1,2,-12,-11,1,0,-5,6
-1,3,4,-1,-2,3,-12,-11,1,0,-5,6
-1,3,5,-1,-2,4,-11,-12,1,-1,-5,6
0,5,6,-2,-2,5,-11,-13,2,0,-5,6
-1,7,7,-2,-3,7,-10,-13,3,1,-3,8
-3,7,9,-1,-6,8,-10,-13,5,2,-1,9
-4,7,10,-1,-7,8,-11,-13,6,4,1,12
-4,7,11,-2,-7,9,-11,-12,8,6,5,17
-4,7,11,-1,-7,8,-11,-11,9,9,10,24
-4,5,10,0,-7,7,-11,-8,10,13,18,33
-2,5,8,-1,-5,6,-11,-5,12,18,26,43
1,5,5,-2,-1,4,-11,-2,14,22,33,53
4,5,1,-4,2,3,-11,0,15,27,42,64
7,4,-2,-5,5,1,-11,2,15,30,51,77
7,2,-5,-5,7,-1,-13,2,14,32,60,90
8,1,-6,-5,8,-2,-15,3,12,33,67,102
9,1,-7,-5,9,-3,-15,3,10,33,73,112
13,2,-10,-7,12,-4,-16,4,6,32,78,120
17,1,-15,-8,16,-7,-16,5,2,31,81,127
21,-1,-21,-9,21,-11,-17,6,-3,28,82,132
23,-6,-27,-8,25,-16,-18,5,-9,23,80,134
25,-10,-35,-7,30,-22,-19,4,-16,18,78,133
27,-15,-43,-6,35,-29,-21,3,-21,14,75,130
29,-20,-50,-5,40,-35,-21,4,-24,12,71,125
30,-24,-55,-4,43,-40,-21,4,-26,10,67,116
32,-27,-60,-3,46,-44,-22,5,-28,9,60,103
35,-30,-65,-2,50,-48,-22,6,-28,7,51,86
37,-32,-68,-1,52,-51,-22,9,-28,6,40,65
37,-34,-70,0,53,-53,-20,12,-26,5,29,44
37,-36,-73,0,55,-55,-18,15,-25,4,18,22
37,-40,-77,1,58,-59,-17,17,-25,0,5,0
37,-44,-82,3,60,-63,-14,18,-25,-3,-9,-23
37,-48,-85,5,61,-67,-11,20,-25,-7,-22,-45
34,-53,-88,9,61,-71,-7,23,-24,-11,-35,-65
31,-58,-89,13,60,-74,-3,26,-23,-14,-47,-82
28,-63,-89,17,59,-76,0,28,-22,-17,-57,-97
24,-65,-88,21,56,-76,4,32,-21,-19,-65,-108
20,-66,-85,23,53,-75,9,36,-18,-19,-70,-115
16,-66,-81,25,49,-73,14,40,-16,-20,-75,-120
12,-66,-78,26,46,-72,18,42,-17,-24,-81,-124
8,-68,-76,29,43,-72,21,42,-19,-31,-89,-128
4,-69,-74,32,39,-72,24,41,-24,-40,-99,-134
0,-70,-69,34,34,-70,27,40,-28,-50,-110,-139
-5,-70,-64,38,29,-67,30,37,-33,-61,-120,-144
-10,-70,-59,41,24,-65,33,33,-39,-72,-131,-150
-15,-71,-54,44,19,-63,37,28,-45,-84,-141,-155
-20,-71,-50,46,15,-61,40,22,-50,-94,-149,-158
-24,-70,-46,46,11,-58,44,17,-52,-100,-153,-160
-25,-67,-42,46,8,-55,47,14,-52,-102,-154,-159
-27,-64,-37,45,5,-51,48,12,-50,-102,-151,-156
-29,-62,-32,45,1,-47,48,9,-49,-101,-148,-151
-31,-60,-27,46,-2,-43,48,6,-49,-101,-145,-147
-34,-57,-22,46,-6,-39,49,2,-49,-101,-141,-142
-36,-54,-17,45,-9,-35,51,-1,-49,-101,-138,-137
-37,-51,-14,44,-11,-32,52,-4,-49,-101,-134,-132
-37,-48,-12,43,-12,-30,52,-8,-50,-100,-130,-127
-36,-45,-10,41,-13,-28,52,-12,-50,-98,-124,-120
-36,-42,-7,39,-15,-25,53,-14,-48,-95,-118,-114
-36,-39,-3,37,-16,-21,55,-15,-45,-91,-112,-108
-35,-36,0,35,-17,-18,56,-15,-43,-87,-107,-102
-35,-33,1,34,-18,-16,58,-14,-41,-83,-102,-97
-34,-32,3,34,-18,-14,61,-12,-38,-79,-95,-91
-34,-31,4,33,-19,-14,63,-10,-35,-74,-89,-85
-35,-30,5,33,-20,-13,65,-9,-33,-71,-84,-80
-36,-29,6,32,-21,-11,67,-9,-32,-69,-80,-77
-35,-28,7,31,-21,-10,70,-9,-31,-66,-76,-73
-34,-27,7,30,-21,-10,73,-10,-30,-65,-73,-70
-33,-26,7,29,-20,-9,77,-11,-31,-64,-71,-67
-32,-25,7,28,-19,-9,80,-11,-31,-62,-68,-64
-32,-26,6,29,-19,-10,83,-10,-31,-60,-64,-61
-32,-28,6,30,-19,-11,87,-9,-31,-57,-61,-57
-32,-28,5,30,-18,-11,91,-6,-29,-53,-56,-53
-32,-27,5,29,-17,-12,96,-4,-28,-50,-52,-50
-31,-27,4,29,-17,-12,100,-2,-26,-47,-48,-47
-30,-26,4,27,-16,-11,105,-1,-24,-44,-45,-44
-29,-25,4,27,-16,-11,111,-1,-22,-41,-42,-42
-29,-25,4,28,-16,-11,114,-3,-21,-40,-40,-39
-29,-25,4,28,-16,-11,115,-7,-21,-39,-37,-37
-28,-25,4,27,-15,-11,112,-12,-21,-38,-35,-35
-26,-24,3,26,-14,-11,107,-19,-22,-38,-34,-33
-25,-24,2,25,-13,-11,103,-25,-24,-38,-33,-32
-24,-24,2,24,-13,-11,99,-30,-25,-38,-33,-32
-25,-24,2,24,-13,-11,93,-34,-26,-38,-32,-30
-25,-24,2,24,-13,-12,85,-38,-27,-38,-31,-29
-25,-24,1,24,-12,-12,75,-41,-27,-38,-30,-28
-23,-22,1,22,-11,-11,65,-43,-27,-37,-28,-27
-20,-19,1,20,-10,-9,54,-42,-25,-35,-26,-25
-18,-17,2,18,-10,-7,43,-41,-23,-32,-22,-22
-15,-13,2,14,-8,-6,32,-39,-22,-29,-19,-19
-11,-9,2,10,-6,-4,24,-36,-19,-26,-15,-16
-10,-7,3,8,-6,-2,18,-32,-16,-22,-11,-12
-9,-5,4,7,-6,-1,11,-28,-12,-19,-8,-9
-6,-2,5,4,-5,1,5,-24,-9,-16,-5,-7
-4,1,6,1,-5,4,1,-20,-5,-13,-2,-4
-2,5,7,-1,-4,6,-2,-17,-2,-10,1,-2
-1,6,8,-2,-4,7,-4,-14,0,-7,3,0
0,7,8,-3,-4,8,-6,-13,1,-5,6,1
0,7,8,-3,-4,8,-8,-11,3,-3,8,3
0,8,8,-4,-4,8,-10,-9,4,-2,9,3
0,7,8,-4,-4,7,-11,-8,4,-1,9,3
0,7,7,-3,-4,7,-13,-8,5,-1,9,3
0,6,8,-3,-4,7,-14,-8,5,-1,9,3
0,7,8,-3,-4,7,-15,-8,6,-1,10,4
1,9,8,-4,-3,8,-16,-7,7,0,10,4
1,9,8,-5,-3,8,-16,-7,8,0,11,5
1,10,9,-5,-4,9,-15,-7,8,0,11,5
2,11,9,-6,-3,10,-15,-7,8,1,12,5
4,13,9,-9,-2,11,-14,-6,10,2,13,6
5,15,10,-10,-2,12,-14,-6,10,2,13,7
5,15,10,-10,-2,12,-15,-5,10,1,13,7
5,14,10,-10,-2,12,-16,-5,10,1,13,7
5,14,9,-9,-2,11,-16,-5,10,1,13,7
5,14,9,-10,-1,12,-16,-5,11,1,14,7
6,16,10,-11,-1,13,-16,-5,12,2,15,8
5,16,10,-10,-2,13,-16,-5,11,2,14,8
4,14,10,-9,-3,12,-17,-5,11,1,13,8
3,13,11,-8,-4,12,-17,-6,11,1,13,7
3,13,10,-8,-3,12,-17,-6,11,1,13,8
4,13,9,-8,-2,11,-17,-6,12,2,14,8
4,12,9,-8,-3,11,-17,-6,12,2,14,8
3,13,10,-7,-4,12,-17,-5,12,2,15,8
2,13,11,-7,-4,12,-17,-6,12,2,15,8
3,14,11,-8,-4,12,-18,-7,12,2,14,8
3,14,10,-9,-3,12,-18,-7,12,2,14,7
3,14,11,-9,-4,13,-18,-6,13,3,15,8
3,15,13,-9,-5,14,-17,-5,13,3,16,9
4,16,13,-10,-4,15,-17,-5,14,4,17,10
5,17,14,-11,-4,15,-17,-4,14,4,18,11
5,19,15,-11,-4,16,-17,-4,15,5,18,11
4,19,15,-11,-4,17,-17,-4,15,5,18,12
3,18,15,-10,-5,16,-17,-4,15,5,18,12
2,16,14,-9,-5,15,-18,-4,15,5,18,12
2,16,14,-9,-5,15,-19,-5,15,5,19,12
3,16,14,-10,-5,15,-19,-4,15,7,20,13
4,17,14,-11,-5,16,-19,-4,16,8,22,14
4,18,15,-11,-5,16,-19,-4,16,8,23,15
4,19,16,-11,-6,17,-19,-4,16,8,24,16
4,20,17,-11,-7,18,-19,-4,16,8,23,16
3,21,18,-12,-7,19,-19,-4,16,8,24,16
3,22,19,-13,-8,21,-19,-4,16,8,25,17
3,22,20,-13,-8,21,-20,-4,17,9,25,17
3,22,20,-13,-8,21,-20,-5,17,9,26,17
3,23,20,-13,-8,21,-21,-5,18,9,26,18
4,25,21,-15,-8,22,-21,-4,18,9,27,19
5,26,20,-15,-8,22,-21,-4,18,10,28,20
6,26,20,-16,-7,22,-21,-4,18,11,29,22
7,27,20,-16,-6,23,-20,-4,19,12,31,23
6,26,20,-16,-6,23,-20,-5,20,13,32,24
6,26,20,-16,-6,23,-21,-5,20,13,33,25
7,27,20,-17,-6,23,-22,-5,20,13,33,25
6,27,22,-16,-8,24,-22,-5,20,13,35,26
4,27,24,-16,-10,25,-22,-5,21,14,36,27
5,29,24,-17,-9,26,-23,-6,22,15,37,29
7,30,24,-19,-8,26,-25,-6,22,15,38,30
7,31,24,-19,-8,27,-25,-6,22,16,39,30
7,31,24,-19,-8,27,-26,-6,22,16,40,31
7,31,25,-19,-9,27,-26,-5,22,16,41,32
7,32,26,-19,-9,28,-26,-5,22,16,42,33
8,33,26,-20,-9,29,-26,-5,23,16,43,34
8,34,26,-21,-9,30,-26,-5,23,17,44,35
8,33,26,-21,-9,29,-27,-5,24,18,45,37
8,33,26,-21,-8,29,-28,-5,25,19,46,38
8,33,26,-21,-8,29,-29,-5,25,19,46,38
7,32,26,-19,-8,29,-30,-5,24,18,46,38
6,31,26,-18,-9,28,-31,-5,24,18,47,39
8,33,25,-21,-7,29,-31,-5,25,19,48,40
11,35,24,-23,-6,29,-31,-4,25,20,50,41
11,34,24,-23,-5,29,-32,-3,25,20,50,42
12,34,23,-23,-5,28,-33,-3,25,20,50,42
13,34,22,-23,-5,28,-34,-2,25,20,51,42
13,35,22,-24,-5,28,-35,-2,25,22,52,42
12,34,22,-23,-5,28,-35,-1,26,23,53,43
11,33,23,-22,-6,28,-36,-1,25,23,53,42
10,33,23,-21,-6,28,-36,-1,26,23,53,42
11,34,22,-22,-5,28,-36,0,26,24,54,42
13,34,22,-23,-5,28,-37,1,27,24,54,42
15,35,21,-25,-4,29,-37,3,27,24,54,42
16,36,21,-26,-2,28,-36,4,28,25,54,43
17,36,20,-26,-1,28,-36,6,29,26,55,43
17,36,19,-26,-1,27,-36,7,30,26,55,44
17,35,19,-26,-1,26,-37,9,30,27,56,44
18,35,18,-26,0,26,-37,10,30,27,56,44
18,35,17,-26,0,25,-37,11,30,27,56,44
18,33,16,-26,1,24,-37,11,30,28,56,43
17,32,15,-25,1,23,-37,12,30,28,56,42
16,30,15,-23,0,23,-37,14,30,27,55,41
15,30,15,-22,0,22,-37,15,29,26,53,39
16,29,14,-22,0,22,-37,16,28,25,52,38
17,30,13,-23,2,21,-36,17,28,25,52,37
19,31,12,-25,3,22,-34,19,29,26,52,37
19,30,12,-25,3,21,-33,20,29,27,52,37
17,28,12,-23,2,20,-32,20,28,26,51,35
15,25,11,-21,2,18,-32,20,27,25,49,34
15,24,10,-19,2,17,-32,21,27,25,48,33
14,23,10,-19,2,16,-31,22,26,24,48,32
15,24,10,-19,2,16,-30,23,26,24,47,31
16,25,9,-20,3,17,-28,24,27,24,47,31
16,25,9,-20,3,16,-27,24,26,24,46,29
15,23,8,-19,3,15,-25,24,26,23,45,27
14,22,8,-18,3,14,-25,25,25,22,43,26
14,21,7,-18,3,14,-25,25,25,22,42,25
15,20,7,-18,4,13,-24,25,25,22,41,24
14,20,6,-17,4,13,-23,25,24,20,40,22
14,19,6,-17,4,12,-22,25,23,19,38,21
13,18,5,-16,4,11,-21,25,22,17,37,19
12,16,4,-14,4,10,-20,25,21,17,36,18
11,15,4,-13,4,10,-19,25,21,17,36,17
12,16,4,-14,4,10,-17,26,21,17,35,16
12,15,5,-14,4,9,-16,27,21,16,34,15
11,14,4,-13,4,8,-16,26,20,14,32,14
12,14,3,-13,4,8,-15,26,19,13,31,13
13,15,3,-14,5,8,-14,26,19,13,31,12
12,14,2,-12,4,8,-13,25,19,12,30,10
10,12,1,-10,4,7,-12,24,18,11,28,8
9,11,1,-9,3,6,-12,23,17,9,27,7
8,10,2,-9,3,6,-11,23,17,9,26,7
8,10,2,-9,3,6,-10,22,17,8,25,6
7,8,2,-8,2,5,-9,22,16,6,24,5
6,8,2,-7,2,5,-8,21,15,5,22,4
6,8,2,-7,2,5,-8,20,14,4,21,2
6,8,2,-7,1,5,-7,20,14,4,21,1
5,8,3,-6,0,5,-6,19,15,3,20,0
4,7,3,-6,0,5,-5,18,14,2,20,0
5,7,2,-6,1,5,-5,17,13,1,19,0
5,7,2,-6,1,4,-4,16,13,0,19,0
4,6,2,-5,1,4,-4,15,12,0,18,-1
4,6,2,-5,1,4,-4,14,11,-1,17,-2
4,6,3,-5,0,4,-3,13,10,-2,16,-3
3,6,4,-4,0,5,-3,13,10,-3,15,-4
3,6,3,-4,0,4,-3,12,9,-4,14,-4
3,5,2,-4,0,3,-3,11,8,-5,13,-5
2,3,1,-2,0,2,-4,9,7,-6,13,-5
1,2,2,-1,0,2,-4,8,6,-7,13,-5
2,4,2,-3,0,3,-3,7,6,-6,13,-5
4,5,1,-5,1,4,-3,7,6,-7,13,-5
5,5,1,-5,2,3,-3,7,6,-8,12,-6
3,4,1,-4,1,3,-2,7,6,-8,11,-6
2,4,1,-3,0,2,-2,6,6,-9,11,-7
3,4,1,-3,0,2,-2,5,7,-8,11,-7
3,5,1,-4,0,3,-2,5,8,-7,12,-6
3,5,1,-4,0,4,-2,5,8,-7,12,-6
2,5,2,-4,0,4,-3,4,7,-8,11,-8
2,5,3,-3,0,4,-3,4,6,-10,9,-9
0,3,3,-1,-1,3,-3,3,4,-11,8,-10
0,1,3,0,-1,2,-4,3,3,-11,8,-10
0,2,2,-1,0,2,-4,2,3,-11,9,-8
1,3,3,-2,0,2,-3,2,4,-10,10,-7
1,3,3,-3,-1,3,-4,2,3,-10,9,-8
2,4,3,-3,0,3,-4,1,2,-11,8,-8
2,4,3,-4,0,4,-4,1,1,-11,8,-9
3,5,2,-4,0,4,-4,2,1,-11,9,-8
4,5,2,-5,1,4,-4,2,2,-10,10,-7
3,5,3,-4,0,3,-4,1,1,-10,10,-7
1,3,3,-2,-1,3,-5,0,0,-10,9,-8
1,3,2,-1,0,2,-5,0,0,-11,9,-8
0,2,2,0,-1,1,-5,0,-1,-11,8,-9
-3,0,2,2,-3,1,-6,-1,-1,-12,7,-10
-3,-1,2,2,-2,0,-6,-1,-2,-12,7,-11
-1,0,1,1,-1,0,-5,-1,-2,-11,8,-10
0,0,1,0,0,1,-5,-1,-1,-11,9,-9
0,1,0,0,0,0,-5,-1,-1,-11,9,-9
1,1,0,-1,0,0,-5,-1,-2,-11,9,-9
1,2,0,-1,0,0,-4,0,-2,-11,9,-8
1,2,0,-2,1,0,-4,0,-2,-11,9,-8
2,2,-1,-2,2,0,-3,0,-2,-11,9,-8
2,2,0,-2,2,1,-3,0,-1,-10,10,-7
2,3,1,-2,1,2,-2,0,0,-10,10,-7
2,4,2,-2,0,3,-2,1,0,-10,10,-8
2,5,3,-3,0,4,-2,1,0,-10,10,-9
2,5,4,-3,0,4,-2,1,-1,-10,10,-9
2,6,4,-3,-1,5,-2,1,-1,-10,10,-8
2,6,4,-4,-1,5,-2,1,0,-9,11,-8
1,5,3,-3,-1,4,-2,1,0,-9,11,-8
0,3,3,-1,-1,4,-2,1,0,-10,10,-8
0,3,3,-1,-2,4,-1,1,0,-10,10,-8
0,3,3,-2,-1,4,0,1,0,-9,10,-8
3,5,2,-4,0,4,0,1,0,-9,11,-8
5,6,2,-6,2,4,0,2,1,-9,11,-7
5,6,2,-6,1,4,1,3,1,-8,12,-7
2,5,2,-4,0,4,1,3,1,-7,13,-6
1,5,3,-4,-1,4,2,4,2,-6,13,-6
2,6,3,-5,0,5,1,4,2,-6,14,-5
4,7,3,-6,0,6,1,4,2,-6,13,-5
4,8,3,-6,0,6,1,4,2,-7,13,-5
4,8,4,-6,0,6,1,4,1,-8,12,-6
4,9,4,-7,0,7,2,4,1,-8,12,-6
4,9,5,-6,0,7,1,3,1,-7,13,-7
2,8,6,-5,-1,7,0,3,1,-7,13,-7
1,9,7,-5,-2,8,0,2,1,-7,13,-8
2,10,7,-6,-2,8,-1,2,0,-8,12,-8
3,10,6,-6,-1,8,-2,1,-1,-10,11,-8
3,9,6,-6,-1,7,-3,0,-1,-10,11,-8
3,8,6,-5,-1,7,-5,0,-1,-9,12,-7
2,6,5,-4,-1,6,-7,-1,-2,-10,11,-8
3,6,4,-4,0,6,-8,-1,-3,-11,10,-8
4,7,4,-6,0,6,-9,-2,-4,-12,10,-9
5,7,3,-6,0,6,-10,-2,-4,-12,9,-9
5,7,3,-6,0,5,-10,-3,-5,-12,9,-9
4,7,3,-6,0,5,-11,-3,-5,-12,9,-9
3,7,3,-5,0,5,-12,-4,-4,-12,9,-9
2,6,4,-4,-1,5,-13,-4,-4,-13,9,-9
3,6,3,-4,0,5,-15,-5,-4,-13,9,-10
3,5,3,-4,0,4,-16,-6,-5,-14,8,-10
3,5,2,-4,1,4,-17,-6,-6,-15,7,-11
4,5,1,-5,2,4,-16,-7,-6,-15,7,-11
5,5,1,-5,2,3,-16,-7,-6,-14,8,-10
5,6,0,-5,3,3,-15,-7,-5,-14,8,-10
6,7,0,-7,3,4,-14,-6,-4,-14,9,-9
7,8,1,-8,3,5,-14,-6,-4,-13,9,-9
7,8,1,-8,3,5,-15,-6,-4,-13,8,-10
6,7,1,-7,3,4,-15,-6,-6,-13,8,-10
5,6,1,-6,2,4,-14,-6,-9,-14,7,-10
3,5,1,-4,1,3,-14,-6,-12,-14,7,-10
3,5,1,-4,1,3,-13,-5,-13,-13,8,-9
3,4,1,-3,1,3,-13,-5,-13,-13,8,-9
2,2,0,-2,1,2,-12,-5,-14,-14,8,-10
2,2,0,-2,2,1,-12,-5,-16,-15,7,-11
4,2,0,-3,2,1,-10,-4,-16,-15,6,-11
3,2,0,-3,2,1,-9,-3,-16,-14,7,-11
3,2,0,-2,1,1,-7,-3,-16,-13,8,-10
2,2,0,-2,0,1,-6,-2,-16,-12,8,-10
2,2,1,-2,0,1,-6,-2,-16,-12,8,-11
1,2,1,-1,0,1,-7,-1,-16,-12,8,-12
1,2,1,-2,0,1,-6,-1,-17,-13,7,-12
2,2,1,-2,1,1,-6,-1,-18,-13,7,-12
2,1,0,-2,1,1,-5,-2,-19,-13,7,-12
2,1,0,-1,1,0,-5,-2,-19,-12,8,-11
2,1,0,-1,1,1,-5,-2,-18,-11,9,-10
1,0,0,-1,0,1,-6,-2,-19,-12,8,-10
0,0,0,0,0,0,-7,-3,-20,-13,6,-11
-1,-1,1,1,-1,0,-7,-4,-20,-13,6,-12
-1,-1,1,1,-1,0,-7,-4,-18,-13,6,-12
-1,-1,1,1,-1,0,-7,-4,-18,-13,6,-12
-1,-1,1,1,-1,0,-7,-4,-17,-13,5,-13
-1,0,2,1,-1,0,-6,-3,-16,-13,6,-12
0,0,2,0,-1,1,-5,-3,-15,-12,6,-12
0,0,2,0,-1,1,-5,-3,-16,-13,6,-12
0,0,1,1,-1,0,-4,-3,-16,-13,6,-11
0,-1,0,1,0,0,-4,-3,-16,-12,7,-11
0,0,0,0,0,0,-4,-3,-16,-12,7,-10
1,0,0,-1,0,0,-4,-3,-16,-12,7,-10
0,0,1,0,0,0,-4,-3,-15,-12,6,-11
-1,0,2,1,-1,0,-5,-3,-15,-12,6,-12
-2,-1,2,2,-2,0,-5,-4,-15,-13,5,-13
-3,-2,1,2,-2,-1,-6,-4,-15,-13,5,-12
-3,-2,1,2,-2,-1,-6,-3,-15,-12,6,-11
-2,-1,1,1,-1,-1,-5,-3,-14,-12,6,-11
-1,-1,1,0,0,0,-5,-3,-14,-12,6,-11
-2,-1,1,1,-1,0,-5,-3,-14,-13,5,-12
-2,-1,2,1,-1,0,-5,-3,-14,-13,5,-12
-2,0,1,0,0,0,-4,-3,-14,-13,5,-12
-1,0,1,0,0,0,-4,-2,-14,-12,5,-11
-1,0,1,0,0,0,-4,-2,-14,-11,6,-10
0,0,1,0,0,1,-4,-1,-13,-11,7,-10
0,1,1,0,0,1,-4,-1,-13,-11,7,-10
0,0,0,0,0,0,-4,-1,-14,-12,6,-11
-1,0,0,0,0,0,-4,-1,-14,-12,6,-11
-1,-1,0,1,0,0,-4,-1,-13,-12,6,-11
-1,-1,1,0,0,0,-4,-1,-12,-12,6,-11
-1,-1,1,0,0,0,-4,-1,-12,-12,6,-11
-1,-1,0,0,0,0,-4,-2,-13,-12,5,-12
-1,-1,0,0,0,0,-4,-2,-13,-12,5,-12
-1,-1,0,1,0,0,-5,-2,-13,-12,5,-12
-2,-1,2,1,-1,0,-4,-2,-13,-12,5,-11
-3,0,3,1,-2,1,-4,-2,-13,-13,5,-11
-4,0,4,2,-3,1,-4,-2,-13,-14,4,-13
-5,-1,4,3,-4,1,-4,-3,-14,-14,3,-14
-5,-1,4,3,-4,1,-4,-4,-14,-14,3,-13
-5,0,5,2,-5,2,-4,-4,-13,-14,4,-12
-5,1,7,2,-6,3,-4,-3,-12,-13,6,-9
-5,2,8,1,-7,5,-4,-2,-10,-11,8,-6
-5,4,9,0,-7,6,-4,-1,-9,-9,11,-1
-4,4,9,0,-7,6,-4,0,-7,-6,17,6
-4,2,7,0,-6,5,-4,1,-5,-1,24,15
-3,1,4,1,-3,3,-3,4,-2,4,32,25
-1,0,1,1,-1,0,-3,6,-1,8,39,34
0,-1,-2,1,1,-1,-4,7,0,11,46,44
2,-1,-3,0,3,-1,-5,9,0,14,54,56
3,0,-4,-2,4,-2,-5,11,0,16,63,69
6,0,-6,-3,6,-3,-6,12,-2,17,71,83
8,-1,-9,-4,8,-5,-7,13,-4,17,77,96
11,-1,-12,-5,12,-7,-6,14,-7,17,82,106
16,-1,-17,-7,17,-9,-6,16,-10,17,86,113
19,-3,-22,-8,21,-12,-7,16,-14,15,88,119
20,-6,-27,-6,24,-16,-8,16,-19,12,88,123
21,-11,-32,-5,27,-21,-9,16,-24,9,88,125
24,-15,-39,-5,32,-27,-10,16,-30,6,86,125
27,-19,-47,-4,37,-33,-10,17,-34,3,84,123
29,-25,-54,-2,41,-40,-11,18,-37,2,81,118
31,-29,-60,-1,45,-45,-11,18,-38,2,77,110
35,-30,-65,-2,50,-48,-11,20,-37,2,72,98
37,-32,-68,-2,52,-50,-10,22,-35,3,65,80
36,-34,-70,0,53,-51,-9,25,-33,4,57,61
33,-37,-71,2,52,-54,-8,27,-31,4,48,41
31,-42,-74,5,52,-58,-6,29,-30,2,38,20
30,-46,-77,7,53,-62,-4,32,-29,0,27,-1
29,-50,-79,10,54,-65,0,35,-28,-2,15,-23
27,-55,-81,14,54,-69,3,37,-28,-5,2,-44
24,-60,-83,18,53,-72,7,40,-27,-8,-10,-63
21,-64,-84,22,53,-74,11,43,-26,-10,-21,-81
18,-68,-84,25,52,-76,15,46,-24,-11,-30,-95
14,-70,-83,28,50,-76,19,50,-21,-11,-38,-107
10,-72,-82,31,46,-77,23,53,-20,-13,-45,-116
6,-73,-80,33,43,-77,26,55,-20,-16,-53,-123
2,-75,-78,35,40,-77,30,55,-21,-22,-62,-130
0,-75,-75,37,37,-76,33,55,-23,-29,-73,-137
-2,-74,-71,38,34,-73,37,54,-27,-39,-84,-144
-5,-73,-67,40,31,-71,40,52,-32,-50,-97,-151
-10,-73,-62,42,26,-68,43,48,-37,-61,-109,-158
-14,-72,-57,43,22,-64,47,44,-42,-73,-120,-164
-18,-71,-53,44,18,-62,51,39,-47,-85,-131,-169
-23,-71,-48,46,13,-60,54,35,-52,-95,-139,-172
-27,-71,-44,48,8,-58,57,32,-53,-100,-142,-173
-29,-69,-41,48,6,-56,58,29,-52,-101,-142,-170
-30,-67,-37,48,3,-53,57,26,-51,-101,-140,-165
-32,-65,-32,48,0,-49,57,23,-51,-101,-138,-161
-34,-62,-27,48,-3,-44,58,20,-51,-102,-135,-157
-38,-60,-21,49,-7,-40,58,17,-51,-102,-133,-154
-40,-58,-17,49,-10,-37,58,14,-52,-103,-130,-150
-40,-55,-14,47,-12,-35,59,10,-53,-103,-127,-145
-41,-52,-11,46,-15,-32,60,5,-54,-102,-122,-140
-42,-49,-8,45,-17,-29,61,3,-54,-100,-117,-133
-40,-44,-5,42,-18,-25,63,2,-52,-97,-112,-127
-38,-40,-2,39,-18,-22,64,2,-51,-94,-107,-121
-37,-38,0,38,-18,-19,66,2,-49,-90,-101,-115
-36,-36,1,36,-19,-17,68,4,-46,-85,-94,-108
-36,-35,2,36,-19,-16,70,6,-43,-79,-87,-102
-37,-34,2,35,-19,-16,71,7,-42,-76,-81,-96
-37,-34,3,35,-19,-16,73,7,-41,-74,-78,-92
-37,-33,4,34,-20,-15,76,7,-40,-72,-75,-89
-37,-32,5,34,-21,-15,80,6,-39,-70,-72,-85
-37,-32,5,34,-20,-14,82,4,-40,-69,-69,-82
-36,-32,4,34,-20,-14,86,3,-41,-67,-66,-79
-36,-32,5,34,-20,-13,89,4,-41,-65,-63,-76
-37,-32,5,34,-21,-13,93,5,-41,-63,-60,-73
-36,-31,4,33,-20,-13,97,8,-40,-60,-56,-70
-33,-30,3,31,-18,-13,102,11,-38,-56,-51,-65
-31,-30,2,30,-16,-14,107,14,-36,-52,-47,-61
-31,-30,2,30,-16,-14,113,16,-34,-48,-44,-58
-32,-31,2,31,-17,-14,118,17,-32,-45,-41,-55
-34,-33,1,34,-17,-16,121,15,-31,-43,-39,-54
-34,-34,1,35,-17,-17,122,13,-31,-42,-37,-52
-33,-33,1,34,-17,-16,121,9,-31,-40,-35,-50
-32,-32,1,32,-17,-16,118,4,-32,-39,-34,-48
-32,-32,1,31,-17,-15,114,-1,-32,-39,-32,-46
-32,-32,1,32,-17,-15,110,-7,-33,-39,-31,-45
-32,-32,0,32,-16,-16,105,-13,-35,-39,-31,-44
-32,-32,0,32,-16,-16,98,-19,-37,-40,-31,-43
-33,-32,0,33,-16,-16,89,-25,-38,-41,-31,-42
-31,-32,0,32,-15,-16,79,-29,-39,-41,-30,-41
-28,-28,0,28,-13,-14,68,-31,-38,-40,-27,-39
-25,-24,1,24,-12,-12,56,-31,-36,-37,-24,-36
-23,-21,2,22,-13,-10,45,-30,-33,-33,-21,-32
-22,-18,4,20,-13,-8,36,-28,-30,-29,-17,-29
-20,-15,5,17,-13,-5,29,-25,-27,-25,-14,-26
-18,-11,6,15,-12,-3,22,-21,-24,-21,-10,-22
-16,-8,7,12,-12,0,16,-17,-21,-17,-7,-19
-13,-4,8,9,-11,2,11,-13,-17,-13,-3,-16
-12,-2,9,7,-11,4,7,-9,-13,-9,1,-13
-10,-1,10,5,-10,5,4,-6,-11,-7,3,-11
-9,0,10,4,-9,5,1,-4,-9,-5,5,-9
-9,1,10,4,-9,6,0,-2,-7,-3,6,-8
-8,2,11,3,-9,6,-2,-1,-6,-1,7,-7
-6,4,11,1,-8,7,-3,0,-4,0,7,-6
-5,6,11,0,-8,8,-3,2,-3,1,8,-5
-5,7,11,-1,-8,9,-4,3,-2,1,9,-5
-5,6,12,0,-9,9,-5,3,-2,2,10,-4
-5,6,12,0,-9,9,-6,4,-1,2,11,-3
-5,6,12,0,-8,9,-6,4,-1,2,11,-2
-5,7,12,-1,-8,10,-7,4,0,3,11,-2
-5,7,13,-1,-9,10,-7,4,0,3,11,-1
-5,7,12,-1,-9,9,-7,4,0,4,11,-1
-5,6,12,0,-8,9,-7,4,0,4,11,-1
-5,7,11,-1,-8,9,-7,4,0,4,11,-1
-4,7,11,-1,-8,9,-7,4,0,4,11,-1
-5,6,12,0,-9,9,-8,4,0,4,11,-1
-6,6,13,0,-9,9,-8,4,0,4,12,-1
-5,7,13,-1,-9,10,-8,5,1,5,12,0
-5,7,13,-1,-9,10,-8,5,2,6,12,0
-4,8,12,-2,-8,10,-8,5,2,6,12,0
-3,9,12,-3,-8,11,-8,5,3,7,13,0
-3,10,13,-3,-8,11,-8,5,3,7,13,1
-4,10,14,-3,-9,11,-9,5,3,7,13,1
-5,10,15,-2,-10,12,-9,4,3,7,13,1
-6,10,16,-2,-11,13,-9,4,3,7,13,1
-6,11,17,-2,-12,14,-9,5,3,7,14,2
-7,10,17,-2,-12,14,-9,5,3,7,14,3
-7,9,16,-1,-12,13,-9,5,3,7,14,3
-6,9,16,-2,-11,13,-9,5,3,8,14,3
-6,10,17,-1,-11,13,-9,5,3,8,15,3
-7,10,17,-1,-12,13,-9,5,4,9,15,4
-6,11,17,-2,-11,13,-10,5,4,9,16,5
-6,11,16,-2,-11,13,-11,5,4,9,16,5
-6,11,17,-2,-12,14,-11,5,4,9,16,5
-5,12,18,-4,-12,15,-12,5,4,10,16,6
-3,14,18,-6,-11,17,-12,5,5,11,17,6
-3,15,19,-6,-11,17,-12,5,5,11,17,7
-3,16,20,-6,-12,18,-12,5,6,11,17,7
-4,16,21,-6,-12,18,-12,5,6,11,17,8
-3,18,21,-7,-12,18,-12,5,7,12,18,9
-1,19,21,-9,-11,19,-12,5,8,13,18,10
-1,19,21,-9,-11,19,-12,5,8,13,18,10
-3,18,21,-7,-12,19,-13,5,8,13,18,10
-3,17,21,-7,-12,20,-13,5,9,14,19,11
-3,18,21,-7,-12,20,-13,5,9,14,19,11
-3,19,21,-7,-12,21,-13,5,9,14,20,12
-3,19,22,-7,-12,21,-14,4,9,14,20,12
-3,20,22,-7,-13,21,-14,4,10,14,20,13
-2,20,22,-9,-13,21,-15,4,10,15,20,14
-2,21,22,-10,-13,22,-16,4,11,15,21,15
-2,21,23,-10,-13,22,-17,4,11,15,21,16
-3,20,24,-9,-14,23,-17,3,11,16,22,17
-4,20,24,-9,-14,23,-18,3,12,16,23,18
-3,22,25,-10,-14,24,-18,3,13,17,24,19
-4,23,26,-10,-15,24,-18,3,13,18,24,19
-5,23,27,-9,-16,24,-19,3,13,18,24,20
-4,24,27,-10,-16,25,-19,3,13,18,25,21
-3,24,28,-11,-16,25,-20,3,14,19,26,22
-5,23,28,-9,-16,25,-21,2,14,19,26,23
-5,23,28,-9,-17,26,-21,2,14,20,27,24
-4,24,28,-10,-16,27,-21,2,16,20,28,25
-2,26,28,-12,-15,28,-22,2,17,21,29,27
0,28,28,-14,-14,28,-23,2,17,21,30,28
1,30,29,-15,-14,29,-23,3,17,22,31,28
2,31,29,-17,-13,29,-23,3,18,22,32,29
2,31,29,-17,-13,29,-24,3,18,23,32,30
2,30,29,-16,-13,29,-25,3,18,23,33,31
2,30,28,-16,-13,29,-26,3,19,23,34,32
3,31,28,-17,-12,30,-26,4,19,24,35,34
6,33,28,-20,-11,31,-26,5,20,26,37,35
7,35,28,-21,-10,31,-26,6,21,27,38,36
7,35,28,-21,-10,31,-27,6,21,27,38,37
7,35,28,-21,-11,31,-27,6,21,27,38,37
6,34,28,-20,-11,31,-28,6,21,27,38,37
6,33,27,-20,-10,30,-30,7,21,27,38,38
6,33,26,-20,-10,30,-30,8,22,28,39,38
8,33,26,-21,-9,30,-30,9,23,30,40,39
9,34,25,-22,-8,30,-30,11,23,31,41,40
9,34,25,-22,-8,29,-31,12,23,31,41,41
9,33,25,-21,-8,29,-31,13,23,32,41,41
8,33,25,-20,-9,28,-31,14,23,33,42,42
9,33,24,-21,-8,28,-31,15,23,33,42,42
10,33,23,-22,-6,28,-31,16,23,34,42,42
11,33,23,-22,-6,28,-31,17,23,34,42,42
10,32,23,-22,-6,28,-31,19,23,35,42,42
10,32,22,-22,-5,27,-31,20,23,35,42,42
11,32,21,-22,-5,27,-31,21,23,35,42,42
11,31,20,-21,-4,26,-31,22,22,35,41,41
11,30,19,-21,-4,25,-30,23,22,36,41,41
12,31,19,-22,-3,25,-29,25,23,36,41,41
12,30,18,-22,-2,24,-28,26,23,37,41,41
10,26,17,-19,-3,21,-29,27,21,36,40,39
9,24,15,-18,-2,20,-29,27,21,36,39,38
10,25,15,-18,-2,20,-27,29,21,36,39,38
10,24,15,-17,-2,20,-26,30,21,36,38,38
9,23,14,-16,-2,19,-26,30,21,35,37,37
10,24,14,-17,-2,19,-25,31,22,36,37,36
11,25,14,-18,-1,19,-23,33,22,36,36,36
11,25,14,-19,-1,19,-22,34,22,36,36,36
12,25,13,-19,0,19,-21,35,21,36,35,35
12,24,12,-18,0,18,-21,35,21,36,34,34
11,22,11,-17,0,17,-20,35,20,35,33,32
11,21,10,-16,0,16,-19,36,20,35,32,31
11,20,9,-15,1,15,-18,36,19,34,31,30
11,20,9,-15,1,15,-17,37,19,34,30,29
11,21,9,-16,1,15,-16,37,19,33,29,28
11,20,9,-15,1,14,-15,37,18,32,28,27
9,17,8,-13,0,12,-14,37,17,31,27,25
8,15,8,-12,0,11,-13,38,16,30,25,24
8,16,8,-12,0,12,-12,39,16,30,24,24
9,16,7,-13,1,12,-11,39,16,29,23,23
8,15,7,-12,1,11,-10,39,15,28,22,21
8,15,6,-12,1,10,-9,39,14,27,20,20
8,14,5,-11,2,9,-9,38,14,26,19,18
8,13,5,-11,2,9,-8,38,13,25,18,17
8,12,5,-11,2,9,-6,38,13,24,17,17
7,12,5,-10,1,8,-4,37,13,24,17,16
7,11,4,-10,1,8,-4,37,12,23,16,15
7,10,4,-9,1,7,-3,36,12,21,15,14
7,10,4,-9,1,7,-3,36,11,20,14,13
5,9,4,-7,1,7,-2,35,10,19,13,11
4,8,4,-6,0,6,-2,34,9,17,11,10
4,9,4,-7,0,6,-1,33,8,17,10,9
4,9,4,-7,0,6,0,32,7,16,9,8
3,7,4,-6,0,5,1,30,6,15,8,7
2,6,4,-4,0,5,1,29,5,13,7,7
2,5,4,-4,0,5,1,28,5,12,6,6
1,5,4,-3,-1,5,2,28,5,11,6,6
1,5,4,-3,-1,5,2,27,4,10,5,5
1,5,4,-3,-1,5,2,25,3,9,3,4
1,5,4,-3,-1,4,2,24,3,8,2,3
1,5,3,-3,0,4,2,24,3,8,2,3
1,4,3,-3,-1,4,3,23,3,7,1,3
0,4,4,-2,-1,4,3,23,2,7,1,3
1,4,3,-2,-1,4,3,22,2,6,0,3
2,4,2,-3,0,3,3,21,1,6,0,3
2,4,2,-3,0,3,4,20,1,6,0,3
2,4,2,-3,0,3,4,20,1,6,-1,3
2,4,2,-3,0,3,4,19,0,6,-1,3
1,3,2,-2,0,2,4,18,0,5,-1,2
0,2,2,-1,-1,1,4,17,-1,5,-2,2
-2,0,3,1,-2,1,3,16,-1,4,-3,1
-2,0,3,1,-3,1,3,16,-1,4,-3,1
-1,2,3,0,-3,2,3,16,-1,4,-3,1
0,3,4,-1,-2,3,3,16,-1,4,-3,1
0,4,4,-1,-2,3,3,15,-1,4,-3,1
0,4,4,-1,-2,3,3,15,-1,5,-3,1
0,4,3,-1,-2,3,3,15,-1,5,-3,1
0,3,3,-1,-1,3,3,15,-1,5,-3,1
0,3,4,0,-2,3,4,15,-1,5,-3,1
0,3,4,-1,-2,3,4,15,-1,5,-3,1
1,4,3,-2,-1,3,4,15,-1,5,-3,1
2,4,2,-2,0,3,4,14,-1,5,-3,1
1,4,2,-1,-1,3,3,14,-1,5,-3,1
0,3,2,0,-1,2,3,13,-1,5,-3,1
-1,1,2,0,-2,2,2,13,-1,5,-3,1
0,2,2,0,-1,2,2,13,-1,5,-3,1
1,3,2,-2,0,2,2,13,-2,5,-3,1
1,2,2,-2,0,1,2,12,-3,5,-4,1
1,3,2,-2,-1,2,2,12,-3,5,-4,1
2,4,2,-3,-1,3,2,13,-2,5,-3,2
2,5,2,-4,-1,4,2,13,-2,5,-3,3
3,5,2,-4,0,4,2,12,-3,5,-3,3
3,5,2,-4,0,4,2,12,-3,5,-3,3
2,4,2,-3,0,3,2,12,-3,5,-3,3
0,2,2,-1,-1,2,1,12,-4,5,-3,3
-1,1,2,0,-2,2,0,11,-4,4,-3,2
0,1,2,-1,-1,2,0,11,-4,4,-3,2
1,2,1,-2,0,2,0,11,-4,4,-3,2
0,2,1,-1,-1,1,0,10,-5,4,-3,2
0,1,0,0,-1,1,0,9,-5,3,-4,2
1,1,0,-1,0,1,0,9,-5,3,-4,2
1,2,0,-2,0,2,1,9,-5,4,-3,2
1,3,2,-2,0,2,2,10,-4,5,-2,3
0,2,2,-1,-1,2,2,10,-4,5,-2,3
0,1,2,0,-1,2,2,10,-4,5,-2,3
-2,0,2,1,-2,1,1,9,-5,4,-3,3
-3,0,2,1,-2,1,1,9,-5,4,-3,2
-2,1,2,0,-2,2,2,9,-4,4,-3,3
0,2,2,-1,-1,2,2,10,-4,5,-2,3
1,3,2,-2,0,2,2,10,-3,5,-2,3
2,4,2,-3,0,2,2,10,-3,5,-1,4
2,4,2,-3,0,2,2,11,-2,6,0,4
2,4,2,-3,0,2,3,11,-2,6,0,5
3,4,1,-3,1,2,3,11,-1,6,0,5
3,4,1,-3,1,2,3,11,-1,6,0,5
2,4,1,-3,0,2,4,12,-1,6,0,5
2,4,1,-3,0,2,4,12,0,6,0,5
1,4,2,-3,0,3,5,12,0,7,0,5
1,4,3,-3,0,3,5,12,0,7,1,5
2,5,2,-4,0,3,5,13,0,7,1,5
4,6,2,-5,1,4,5,13,0,8,1,6
3,6,3,-5,0,4,4,13,0,8,1,6
3,6,3,-4,0,4,4,13,0,8,1,6
3,6,3,-4,0,4,4,12,0,8,1,6
2,5,3,-3,0,4,3,11,0,7,1,6
1,4,3,-3,-1,4,3,11,0,6,0,6
2,6,4,-4,-1,5,4,11,0,7,1,6
2,6,4,-4,-1,5,3,10,0,7,1,6
2,6,4,-4,-1,5,2,10,-1,6,0,6
2,7,4,-5,-1,5,1,9,-2,6,1,6
3,7,4,-5,-1,6,0,9,-2,7,1,6
4,7,3,-6,0,6,-1,9,-2,6,0,6
3,6,3,-5,0,5,-2,8,-3,5,0,6
1,5,3,-3,-2,5,-3,7,-4,4,0,6
0,5,3,-3,-2,5,-5,6,-4,3,-1,6
1,5,3,-3,-1,5,-6,5,-5,3,-1,6
1,6,4,-4,-1,5,-7,5,-5,3,-1,6
3,8,4,-5,0,6,-8,5,-6,3,0,6
3,8,4,-5,0,6,-9,4,-6,3,-1,6
1,6,4,-3,-1,5,-10,3,-7,2,-2,5
0,4,4,-2,-2,4,-11,2,-8,1,-3,5
0,4,4,-2,-1,4,-11,1,-8,0,-3,5
1,5,3,-2,-1,4,-12,1,-8,0,-3,5
1,5,2,-3,0,4,-12,1,-8,0,-3,5
1,4,2,-3,0,3,-13,1,-9,0,-3,4
1,4,2,-3,0,3,-13,0,-9,-1,-4,4
2,4,2,-3,0,3,-13,0,-9,-1,-3,4
2,4,2,-3,0,3,-12,0,-8,0,-3,5
2,5,2,-3,0,4,-11,1,-8,0,-2,6
1,4,2,-2,0,3,-11,0,-8,-1,-2,6
1,2,1,-1,0,2,-11,0,-9,-1,-2,6
1,2,1,-1,0,1,-11,0,-9,-2,-2,6
1,2,1,-2,0,1,-11,0,-9,-2,-2,6
1,2,0,-2,0,1,-11,0,-10,-2,-2,6
0,1,1,-1,0,1,-11,0,-10,-2,-3,6
-1,0,1,0,-2,1,-10,0,-10,-2,-3,6
-1,0,1,0,-1,1,-9,0,-10,-2,-4,6
0,1,0,0,0,1,-7,1,-9,-2,-3,6
-1,0,1,0,-1,1,-6,1,-9,-2,-3,6
-2,0,1,1,-1,0,-5,2,-9,-3,-3,5
-1,0,1,0,-1,0,-5,2,-8,-3,-3,5
1,1,1,-1,0,1,-4,3,-8,-2,-3,5
2,2,1,-2,0,1,-4,4,-7,-2,-3,5
1,1,1,-2,0,1,-4,3,-7,-3,-3,5
1,1,0,-1,0,0,-4,2,-8,-3,-4,4
0,0,1,0,0,0,-4,1,-8,-4,-4,4
-1,0,1,1,-1,0,-3,-1,-8,-4,-4,4
-1,0,1,1,-1,0,-3,-3,-9,-4,-4,4
-1,0,1,1,-1,0,-3,-4,-9,-4,-4,4
-2,0,2,1,-2,0,-3,-6,-9,-5,-4,3
-3,-1,2,2,-3,0,-3,-7,-9,-5,-4,3
-4,-1,3,2,-4,0,-4,-8,-9,-6,-5,2
-4,-1,3,2,-4,1,-4,-9,-9,-6,-5,2
-4,-1,2,2,-2,0,-4,-9,-9,-6,-5,2
-3,-1,1,2,-1,0,-4,-10,-9,-7,-5,2
-3,-1,1,2,-2,0,-4,-10,-9,-7,-5,2
-3,-1,2,2,-2,0,-4,-10,-9,-7,-5,2
-2,-1,1,1,-2,0,-4,-10,-9,-7,-5,2
-2,-1,1,1,-2,0,-4,-10,-9,-7,-5,2
-1,-1,1,1,-2,0,-4,-10,-9,-7,-5,2
-2,-1,1,1,-2,0,-4,-10,-9,-8,-5,2
-3,-1,2,2,-2,0,-3,-10,-9,-8,-5,2
-2,0,2,1,-2,1,-3,-10,-9,-8,-4,2
-1,1,2,0,-1,1,-3,-10,-9,-8,-4,3
-1,1,2,0,-1,1,-3,-10,-9,-8,-4,3
0,2,2,-1,-1,1,-3,-11,-9,-8,-5,3
0,2,2,-1,-1,1,-3,-11,-9,-7,-5,3
0,2,2,0,-2,1,-3,-11,-9,-7,-5,3
-2,1,3,0,-3,1,-3,-11,-9,-7,-5,4
-3,0,3,1,-3,1,-3,-11,-9,-7,-5,4
-3,0,2,1,-2,1,-3,-12,-10,-7,-5,4
-4,0,2,2,-2,1,-3,-12,-10,-7,-5,4
-4,0,2,2,-3,1,-3,-12,-10,-7,-5,4
-4,0,3,2,-3,1,-3,-12,-10,-7,-5,4
-4,0,3,1,-3,1,-3,-11,-10,-7,-5,4
-3,0,3,1,-2,1,-3,-11,-10,-7,-4,4
-1,0,2,0,-1,1,-3,-11,-10,-7,-4,4
0,1,1,-1,0,1,-3,-11,-11,-7,-4,4
0,1,1,-1,0,0,-3,-11,-11,-7,-4,4
0,1,1,-1,0,0,-3,-11,-11,-7,-4,4
-1,0,1,0,0,0,-3,-12,-11,-7,-4,4
-2,0,1,0,-1,0,-2,-12,-11,-7,-5,4
-2,0,2,1,-2,1,-2,-12,-11,-7,-5,4
-2,1,3,1,-2,1,-2,-13,-11,-7,-5,4
-3,1,4,0,-3,2,-2,-13,-11,-7,-6,4
-3,2,5,0,-3,3,-2,-14,-12,-8,-6,3
-3,2,5,0,-4,3,-3,-15,-12,-8,-7,3
-3,3,6,0,-4,4,-3,-16,-12,-9,-7,3
-3,4,6,0,-4,5,-3,-16,-11,-9,-7,4
-3,4,7,0,-5,5,-3,-16,-10,-8,-5,6
-4,5,7,-1,-5,6,-3,-16,-9,-6,-3,9
-5,5,8,0,-6,6,-3,-16,-8,-4,1,14
-5,6,9,0,-6,7,-2,-14,-5,0,7,22
-3,6,8,-1,-5,6,-2,-11,-3,5,15,30
-1,6,7,-2,-3,6,-2,-8,0,10,23,39
2,7,5,-4,0,5,-1,-4,1,15,31,49
4,7,3,-5,1,4,-2,-2,3,19,39,60
5,6,1,-6,3,3,-3,0,3,22,47,72
7,6,-1,-7,5,1,-4,0,2,24,55,84
11,7,-4,-9,8,0,-5,1,0,25,63,97
14,7,-6,-11,10,-1,-6,2,-2,26,70,108
15,4,-10,-10,13,-4,-6,4,-5,26,75,116
16,1,-15,-9,16,-8,-7,5,-9,25,80,124
18,-2,-20,-8,20,-12,-7,7,-13,24,83,130
21,-4,-27,-8,25,-16,-7,8,-17,23,85,133
24,-8,-34,-8,29,-21,-8,8,-22,21,85,135
27,-11,-40,-8,34,-26,-9,9,-25,20,86,136
30,-15,-46,-8,39,-31,-9,11,-27,19,86,136
33,-19,-53,-8,44,-37,-10,13,-29,19,85,132
35,-23,-59,-6,47,-42,-10,14,-30,18,81,123
34,-27,-62,-4,49,-46,-11,15,-30,18,75,110
34,-31,-65,-2,50,-49,-11,17,-28,18,68,94
35,-33,-69,-1,53,-51,-10,19,-27,18,59,75
36,-35,-72,0,55,-54,-9,21,-25,17,49,56
35,-39,-74,2,55,-57,-7,23,-25,15,38,36
32,-43,-76,5,55,-60,-3,25,-25,12,26,14
31,-47,-79,7,56,-64,0,27,-25,8,13,-8
29,-53,-82,11,56,-68,5,30,-25,4,0,-28
26,-58,-84,15,56,-72,9,33,-24,0,-13,-47
24,-61,-85,17,55,-73,13,36,-23,-2,-25,-63
22,-63,-85,19,54,-74,17,39,-22,-4,-35,-77
19,-64,-84,22,52,-73,20,42,-20,-6,-43,-88
16,-64,-81,24,49,-73,24,44,-19,-9,-52,-97
13,-65,-79,26,46,-72,27,44,-20,-15,-61,-105
10,-66,-77,27,43,-72,30,44,-22,-23,-72,-112
7,-67,-74,29,41,-71,34,44,-26,-33,-84,-119
1,-68,-70,33,36,-70,38,42,-30,-44,-96,-126
-4,-69,-65,36,31,-68,41,39,-37,-56,-109,-133
-9,-70,-61,39,26,-66,45,34,-44,-70,-123,-140
-14,-72,-58,43,22,-65,48,27,-52,-84,-135,-146
-19,-73,-55,46,17,-64,51,20,-58,-95,-145,-151
-22,-72,-51,47,14,-62,55,15,-61,-102,-150,-153
-25,-71,-47,47,11,-60,57,11,-62,-106,-152,-152
-28,-70,-43,48,7,-58,57,6,-62,-108,-151,-149
-33,-71,-38,51,3,-56,57,1,-62,-110,-150,-146
-36,-70,-33,52,-1,-53,56,-3,-63,-111,-148,-143
-36,-64,-28,50,-3,-47,57,-6,-64,-111,-145,-138
-35,-57,-23,46,-5,-40,59,-10,-64,-110,-142,-134
-34,-52,-18,43,-7,-35,61,-14,-65,-110,-138,-129
-34,-48,-15,40,-9,-32,62,-19,-66,-109,-134,-123
-33,-45,-12,39,-10,-29,62,-23,-66,-108,-129,-118
-34,-43,-9,38,-11,-27,62,-26,-66,-106,-124,-112
-34,-41,-6,37,-13,-24,63,-27,-64,-103,-119,-106
-35,-39,-3,36,-15,-21,65,-27,-62,-99,-114,-100
-35,-36,-1,35,-16,-19,68,-25,-60,-94,-108,-93
-34,-34,0,34,-16,-17,70,-23,-57,-89,-101,-87
-33,-32,1,33,-16,-16,72,-22,-54,-84,-95,-81
-34,-31,2,32,-17,-15,73,-22,-52,-81,-91,-76
-34,-30,3,32,-18,-14,75,-22,-51,-79,-88,-73
-34,-28,4,31,-18,-12,78,-23,-50,-77,-84,-69
-33,-27,5,30,-19,-12,80,-24,-50,-76,-81,-66
-33,-28,4,29,-18,-12,83,-26,-50,-74,-79,-63
-32,-29,3,30,-17,-13,86,-25,-50,-72,-75,-60
-32,-29,3,30,-17,-13,91,-23,-49,-68,-71,-56
-32,-28,3,30,-18,-12,96,-21,-48,-64,-67,-53
-33,-29,3,30,-18,-13,100,-19,-46,-60,-62,-49
-34,-31,2,32,-18,-14,104,-17,-44,-57,-59,-47
-35,-32,2,33,-18,-15,109,-15,-42,-55,-56,-44
-33,-31,1,31,-17,-15,115,-14,-40,-52,-54,-41
-30,-28,1,28,-15,-14,121,-14,-37,-49,-51,-38
-27,-26,1,26,-14,-13,125,-15,-35,-46,-47,-35
-27,-25,1,26,-14,-12,125,-18,-34,-44,-44,-33
-28,-26,1,27,-14,-12,120,-25,-35,-43,-42,-31
-29,-27,1,28,-14,-13,114,-32,-36,-43,-41,-30
-28,-26,1,27,-14,-13,110,-37,-37,-43,-41,-29
-27,-26,1,26,-13,-13,105,-43,-38,-43,-40,-28
-26,-25,1,25,-13,-13,98,-47,-39,-44,-40,-27
-24,-23,1,23,-12,-12,90,-50,-39,-43,-38,-25
-23,-22,1,22,-12,-11,80,-52,-39,-42,-36,-23
-24,-22,1,23,-12,-11,69,-53,-39,-41,-35,-21
-23,-21,1,22,-11,-10,56,-53,-38,-39,-32,-19
-20,-18,1,19,-10,-8,44,-50,-35,-35,-28,-16
-17,-14,2,15,-9,-5,34,-47,-31,-30,-24,-12
-15,-11,3,13,-8,-3,27,-44,-27,-26,-20,-9
-13,-7,4,10,-8,-1,20,-39,-23,-22,-16,-6
-11,-4,6,7,-8,0,13,-34,-20,-18,-13,-3
-9,-1,7,5,-7,2,7,-30,-16,-15,-10,0
-7,1,8,2,-7,3,3,-26,-13,-12,-7,2
-5,3,8,0,-6,5,0,-22,-11,-10,-5,4
-3,5,8,-1,-5,6,-3,-20,-9,-7,-3,6
-2,6,8,-2,-4,7,-5,-18,-7,-5,-1,7
-2,5,7,-2,-4,6,-6,-17,-6,-4,-1,7
-3,4,7,0,-5,5,-7,-16,-5,-4,0,7
-3,4,7,0,-5,6,-8,-14,-4,-3,0,8
-2,6,7,-2,-5,6,-7,-13,-2,-2,1,9
0,7,7,-4,-4,7,-8,-12,-1,-2,2,10
0,7,7,-4,-4,7,-9,-12,-1,-2,3,10
-1,8,9,-3,-5,8,-9,-12,0,-1,3,11
0,9,9,-4,-4,9,-10,-11,0,0,4,12
1,10,8,-6,-3,9,-10,-11,0,0,5,12
2,10,7,-7,-2,9,-10,-11,0,0,5,12
2,10,8,-7,-2,9,-10,-11,1,1,5,12
1,11,9,-7,-3,10,-10,-10,1,1,6,13
2,12,10,-7,-3,10,-10,-10,2,2,6,14
2,12,10,-7,-3,10,-11,-9,2,2,7,14
2,12,10,-7,-4,10,-12,-9,2,2,7,14
2,12,10,-8,-3,10,-13,-10,2,2,7,13
3,13,9,-9,-3,11,-13,-10,2,2,7,13
3,13,10,-8,-3,11,-12,-11,2,2,7,13
1,12,11,-7,-5,11,-12,-11,2,2,7,13
0,11,11,-6,-5,10,-13,-11,2,2,7,13
0,11,11,-6,-5,10,-13,-11,3,2,7,14
0,12,11,-6,-4,11,-13,-11,3,2,8,14
0,12,11,-6,-4,11,-13,-11,3,2,8,14
0,12,11,-6,-5,11,-14,-12,3,3,8,14
0,12,12,-7,-5,12,-14,-12,3,3,8,15
1,14,12,-8,-5,13,-14,-11,4,4,9,15
1,14,13,-8,-6,14,-13,-11,4,4,9,16
0,14,13,-8,-6,13,-13,-11,4,4,9,16
0,13,13,-7,-6,12,-13,-12,4,4,9,16
-1,12,13,-6,-6,12,-14,-12,3,4,9,16
0,12,13,-6,-6,12,-15,-12,3,4,9,16
0,13,13,-6,-6,13,-16,-12,3,4,10,17
-1,12,14,-6,-7,13,-17,-12,4,4,10,17
-3,12,15,-5,-8,13,-17,-13,4,5,10,18
-1,13,15,-6,-8,14,-17,-13,4,5,10,18
1,16,15,-9,-6,15,-16,-12,5,6,11,19
3,19,16,-11,-5,17,-16,-11,6,7,13,21
4,21,16,-12,-5,18,-16,-10,7,8,14,21
4,21,16,-13,-5,18,-16,-11,7,8,14,22
4,21,16,-13,-5,18,-17,-11,7,8,14,22
4,21,17,-13,-6,19,-17,-11,8,9,14,23
4,22,17,-14,-6,19,-17,-11,8,9,15,23
4,21,17,-14,-7,19,-18,-12,8,9,15,23
3,21,17,-13,-7,19,-18,-12,8,9,15,23
4,22,18,-13,-6,20,-19,-12,8,10,15,24
3,23,19,-13,-7,21,-19,-12,9,10,16,25
2,23,20,-13,-8,22,-20,-12,9,11,17,26
2,24,21,-13,-9,22,-20,-13,9,11,18,27
2,24,22,-13,-9,22,-20,-13,9,11,18,27
2,24,22,-14,-10,23,-20,-13,10,11,18,28
2,25,22,-14,-10,23,-21,-13,10,12,18,28
1,25,23,-13,-10,24,-22,-13,11,12,19,29
1,25,23,-13,-11,24,-23,-14,11,12,20,30
2,26,23,-15,-10,24,-24,-14,12,13,21,31
4,27,22,-16,-9,25,-24,-14,12,14,22,32
5,28,23,-17,-9,25,-25,-14,13,14,23,34
4,28,24,-16,-10,26,-25,-14,13,15,24,35
3,28,25,-16,-11,26,-25,-14,14,15,25,36
3,28,24,-16,-10,26,-26,-14,14,16,25,36
3,28,24,-17,-10,26,-26,-15,14,16,26,37
4,29,24,-17,-10,26,-27,-14,14,16,27,38
4,30,24,-17,-10,27,-27,-14,15,17,28,40
4,30,25,-17,-11,27,-28,-13,16,18,29,41
5,31,26,-18,-10,28,-28,-13,16,18,30,42
6,32,26,-20,-9,29,-28,-12,17,19,31,43
7,33,26,-21,-9,29,-29,-12,18,20,32,43
4,30,25,-18,-10,27,-31,-13,17,19,32,43
1,27,25,-15,-11,26,-33,-14,17,19,31,42
3,29,25,-16,-10,27,-33,-13,18,20,33,44
7,33,25,-20,-8,29,-32,-11,19,22,35,46
9,34,24,-22,-7,29,-32,-10,20,23,36,47
10,34,24,-23,-7,29,-33,-10,20,24,37,47
11,35,24,-24,-6,29,-33,-9,21,24,38,48
13,37,24,-26,-5,30,-32,-7,22,26,39,49
14,38,23,-27,-4,30,-32,-6,23,27,40,50
13,36,23,-26,-4,29,-33,-5,23,27,40,50
11,35,22,-24,-5,29,-34,-4,23,28,40,50
12,35,22,-24,-4,29,-34,-2,24,28,41,51
14,36,21,-25,-3,29,-35,-1,24,29,41,51
14,36,20,-25,-3,29,-35,0,25,30,42,51
13,35,21,-25,-4,29,-35,2,25,31,42,51
13,34,21,-24,-4,28,-35,2,25,31,42,50
13,33,19,-23,-3,26,-35,3,25,31,42,49
13,32,18,-24,-2,25,-35,4,26,31,42,49
14,33,17,-25,-1,25,-34,6,27,32,42,50
15,33,17,-25,-1,25,-33,8,27,33,43,50
14,32,17,-24,-1,24,-34,9,27,33,42,49
14,31,16,-23,-1,23,-34,10,26,33,42,48
14,30,15,-23,0,22,-33,11,26,33,41,47
14,29,14,-22,0,21,-33,12,26,33,40,47
16,30,14,-24,1,21,-32,13,26,33,40,46
17,31,13,-25,2,21,-31,14,26,33,40,46
17,30,12,-24,2,21,-30,16,26,33,40,45
16,29,12,-24,2,20,-30,17,26,33,39,44
15,27,11,-22,2,19,-29,17,26,32,38,43
14,26,11,-21,2,18,-29,18,26,32,37,42
14,26,11,-20,1,18,-28,18,26,32,37,41
13,25,11,-20,1,17,-27,18,25,31,36,40
13,24,10,-19,1,16,-27,18,24,30,35,39
11,22,9,-17,1,15,-26,19,23,29,33,37
10,20,9,-16,1,14,-25,19,23,28,32,35
12,21,8,-17,2,14,-24,20,23,28,31,35
13,22,7,-18,3,14,-22,21,23,28,31,34
12,20,7,-16,2,14,-21,21,22,27,30,33
11,19,7,-15,2,13,-21,20,21,26,28,32
11,18,7,-15,2,12,-20,20,20,25,28,31
11,18,7,-15,2,12,-19,21,20,24,27,30
11,18,6,-15,2,11,-18,21,20,23,25,28
11,17,5,-15,2,11,-17,21,19,23,24,27
11,17,5,-15,2,11,-16,21,19,22,23,26
10,16,5,-14,2,10,-15,21,19,22,22,25
10,15,4,-14,3,9,-14,20,18,21,21,24
10,15,4,-14,3,9,-13,20,18,20,20,23
10,15,4,-14,3,9,-12,20,17,19,20,22
10,14,3,-13,3,8,-11,19,16,17,18,21
9,13,3,-12,3,7,-10,18,15,15,17,19
8,11,3,-10,2,7,-10,17,14,14,15,18
7,10,3,-10,1,6,-9,17,13,13,14,17
6,10,3,-9,1,6,-8,16,12,12,13,16
6,9,3,-9,1,6,-8,15,12,11,12,15
5,8,3,-8,1,5,-7,14,11,10,11,14
5,7,2,-7,1,5,-7,12,10,9,10,13
4,7,2,-7,1,5,-6,11,9,8,9,12
4,7,2,-7,1,5,-6,9,8,7,8,11
4,7,2,-7,1,5,-5,8,7,6,7,11
4,7,2,-6,0,5,-5,8,7,5,7,10
4,7,2,-7,0,5,-4,7,6,4,6,10
5,9,2,-8,1,6,-4,7,6,4,6,9
5,8,1,-8,1,5,-4,6,5,3,5,9
4,7,1,-6,1,4,-4,4,5,2,4,8
3,6,1,-5,0,4,-4,3,5,2,3,8
3,5,2,-5,0,4,-3,2,4,1,3,7
3,6,2,-5,0,4,-3,2,4,0,2,7
3,6,2,-5,0,4,-3,1,3,0,1,6
1,4,2,-4,0,3,-3,0,3,-1,0,6
-1,2,2,-2,-2,2,-4,-1,1,-2,0,5
-2,1,2,-1,-2,2,-5,-2,1,-2,-1,4
0,3,2,-3,0,2,-4,-2,1,-2,-1,5
1,4,2,-4,0,3,-4,-3,1,-2,-1,5
1,4,3,-3,-1,3,-4,-3,1,-3,-1,5
1,4,3,-3,-1,3,-3,-4,1,-3,-1,5
3,5,1,-5,0,3,-3,-4,1,-3,0,5
3,6,1,-5,1,4,-2,-4,1,-2,0,5
1,5,1,-4,0,4,-3,-4,0,-3,-1,5
0,4,1,-3,-1,3,-3,-4,0,-3,-1,5
1,3,0,-3,0,3,-4,-5,0,-3,-1,5
2,4,1,-4,0,3,-4,-5,0,-3,-1,5
1,4,2,-3,-1,3,-4,-5,0,-3,-1,5
0,3,2,-3,-1,3,-4,-5,0,-4,-1,5
0,3,2,-3,-1,3,-4,-5,0,-4,-2,4
0,3,1,-3,-1,3,-4,-5,0,-5,-2,4
0,3,1,-3,-1,3,-4,-5,0,-5,-2,5
0,3,2,-3,-1,4,-5,-4,0,-4,-2,5
1,5,2,-4,-1,4,-5,-4,0,-4,-1,6
2,5,2,-4,0,4,-5,-4,-1,-4,-1,6
2,5,1,-4,0,3,-5,-5,-2,-5,-2,5
2,4,1,-4,0,3,-5,-6,-2,-5,-2,4
3,4,1,-4,0,3,-5,-6,-3,-5,-2,4
2,4,1,-3,0,3,-6,-6,-3,-6,-2,4
1,3,1,-3,0,3,-6,-6,-3,-6,-2,4
1,4,1,-3,0,3,-7,-6,-3,-6,-2,4
1,3,0,-2,0,2,-7,-6,-3,-6,-3,4
-1,1,0,-1,-1,1,-7,-7,-4,-6,-3,3
-2,0,0,0,-2,0,-8,-7,-4,-7,-3,3
0,1,0,-1,0,0,-8,-7,-4,-7,-3,4
2,2,0,-3,1,0,-8,-7,-4,-7,-3,4
2,2,0,-3,1,0,-8,-7,-4,-7,-3,4
3,3,0,-4,1,1,-7,-7,-4,-6,-3,4
2,3,0,-4,0,2,-7,-6,-4,-6,-2,5
1,2,0,-2,0,1,-8,-7,-5,-6,-3,4
1,1,0,-2,0,0,-8,-7,-5,-7,-3,4
2,2,-1,-3,1,0,-8,-7,-5,-7,-2,4
2,1,-1,-3,1,0,-9,-8,-5,-7,-2,4
1,0,0,-2,1,0,-9,-8,-5,-7,-2,4
1,0,0,-1,0,0,-10,-8,-5,-7,-2,4
2,1,-1,-2,1,0,-10,-8,-5,-7,-2,4
3,2,-1,-3,2,0,-10,-8,-5,-7,-2,4
2,2,-1,-3,1,0,-10,-8,-5,-7,-2,4
2,2,-1,-3,1,0,-10,-8,-5,-7,-2,5
3,3,-1,-4,2,1,-10,-8,-5,-6,-1,5
4,4,0,-5,2,2,-9,-7,-5,-6,-1,6
4,4,0,-6,2,2,-9,-7,-4,-5,0,6
4,4,0,-5,2,2,-9,-7,-4,-5,0,6
3,3,-1,-5,2,2,-9,-7,-5,-5,-1,5
3,3,-1,-4,2,1,-9,-7,-5,-6,-1,5
3,3,-1,-4,2,1,-9,-6,-5,-6,-1,5
3,3,-1,-4,2,1,-9,-6,-5,-6,-1,5
4,4,-1,-5,2,2,-8,-6,-4,-5,0,6
6,7,0,-7,3,3,-6,-5,-3,-4,1,7
7,8,0,-8,3,4,-6,-4,-3,-3,2,7
7,7,0,-7,2,4,-6,-4,-3,-3,2,7
6,7,0,-7,2,3,-7,-5,-3,-4,1,7
6,7,0,-7,3,3,-7,-5,-4,-3,1,7
5,6,0,-6,2,3,-7,-4,-4,-3,1,7
4,6,1,-5,1,3,-7,-4,-4,-3,1,7
3,5,1,-5,0,3,-7,-4,-4,-3,1,7
2,5,2,-5,0,4,-7,-3,-3,-3,2,7
3,6,2,-5,0,4,-6,-2,-3,-2,2,7
4,7,2,-6,0,5,-5,-2,-2,-2,3,8
4,8,2,-7,0,5,-4,-2,-2,-1,3,8
3,7,3,-6,0,5,-4,-2,-2,-1,3,8
2,7,4,-6,-1,5,-5,-2,-2,-1,2,8
2,7,4,-6,-1,6,-5,-2,-2,-1,2,8
3,8,4,-7,0,6,-4,-2,-2,-1,2,8
4,9,3,-8,0,6,-4,-2,-2,-1,2,8
4,8,3,-7,0,6,-5,-3,-2,-2,1,8
2,7,4,-6,-1,6,-5,-4,-3,-2,1,7
1,8,5,-6,-2,6,-6,-4,-3,-2,1,7
3,9,4,-7,-1,7,-6,-4,-3,-2,1,7
4,9,3,-8,0,6,-7,-4,-3,-2,1,7
5,10,2,-9,0,6,-8,-4,-3,-2,1,7
6,10,2,-10,1,6,-9,-5,-4,-2,1,7
6,10,2,-9,1,6,-10,-5,-5,-3,1,7
5,9,2,-8,1,6,-12,-6,-6,-3,0,7
5,9,1,-8,1,5,-13,-7,-6,-4,0,6
6,9,1,-9,2,5,-14,-8,-7,-4,0,6
6,9,1,-9,2,5,-15,-9,-7,-5,-1,6
6,9,1,-9,1,6,-16,-9,-7,-5,-1,6
6,10,2,-9,1,6,-17,-9,-7,-5,-1,6
5,9,1,-8,0,6,-19,-10,-8,-6,-2,5
5,8,1,-8,1,5,-20,-11,-8,-7,-2,5
7,9,0,-9,2,5,-20,-11,-9,-7,-2,5
7,9,0,-9,3,5,-20,-11,-9,-7,-2,5
4,6,0,-6,1,4,-21,-11,-9,-7,-3,5
3,5,0,-5,1,3,-21,-12,-9,-8,-3,5
5,6,0,-7,1,4,-19,-11,-9,-8,-2,6
5,7,0,-7,2,4,-19,-11,-9,-8,-2,6
5,6,0,-7,1,4,-19,-12,-9,-8,-2,6
5,6,0,-6,1,3,-19,-12,-9,-8,-2,6
3,4,0,-5,1,2,-20,-12,-10,-8,-2,6
0,1,0,-2,0,1,-21,-13,-10,-9,-3,5
0,1,0,-1,0,0,-21,-13,-10,-9,-3,5
1,2,-1,-3,0,1,-20,-12,-10,-8,-3,5
3,2,-1,-4,1,1,-19,-12,-10,-9,-3,5
4,3,-1,-5,1,1,-18,-12,-9,-9,-3,5
5,5,-1,-6,1,2,-17,-11,-8,-8,-3,5
6,6,-1,-7,2,2,-16,-10,-7,-8,-2,5
6,6,-1,-7,2,3,-15,-9,-7,-7,-2,5
5,5,-1,-6,2,3,-15,-9,-6,-7,-2,5
4,4,-1,-5,1,2,-15,-9,-6,-7,-2,5
3,2,-2,-4,1,1,-15,-9,-6,-7,-2,4
3,2,-1,-4,1,1,-14,-9,-6,-7,-2,4
2,2,0,-3,0,1,-14,-8,-6,-7,-2,4
2,2,-1,-3,0,1,-14,-8,-6,-8,-2,4
2,2,-1,-3,0,0,-14,-9,-6,-8,-2,4
1,1,-1,-2,0,0,-15,-9,-7,-9,-2,4
0,0,-2,-2,0,0,-15,-10,-7,-9,-2,4
0,0,-1,-2,0,0,-14,-10,-7,-9,-2,4
0,0,-1,-2,0,0,-14,-10,-7,-8,-2,4
0,0,-1,-1,0,0,-14,-10,-7,-8,-3,3
-1,-1,-1,-1,0,-1,-14,-10,-8,-9,-4,2
0,0,-2,-1,0,-1,-15,-10,-8,-9,-4,2
2,1,-2,-3,1,-1,-15,-10,-7,-8,-3,2
2,2,-2,-3,1,0,-14,-10,-7,-8,-3,3
0,2,-1,-2,0,0,-14,-10,-6,-8,-3,3
-1,1,0,-1,-1,0,-14,-10,-6,-8,-3,3
-1,0,0,-1,-2,0,-14,-10,-6,-8,-3,3
-2,0,0,0,-2,0,-15,-10,-7,-8,-3,3
-2,0,0,0,-1,0,-15,-10,-7,-8,-3,3
-1,0,0,0,-1,0,-15,-10,-7,-8,-3,3
0,1,-1,-2,0,0,-15,-9,-6,-8,-3,3
1,1,-1,-2,0,0,-15,-9,-6,-8,-3,3
1,1,-1,-2,0,0,-15,-9,-6,-8,-3,3
2,2,-1,-3,0,0,-15,-9,-6,-7,-3,4
2,2,-1,-4,0,1,-15,-9,-6,-7,-3,4
0,1,0,-2,0,1,-15,-9,-6,-7,-3,4
-1,1,0,-1,-1,1,-14,-9,-6,-7,-3,4
0,1,0,-2,-1,1,-14,-9,-5,-7,-3,4
0,0,0,-1,-1,0,-14,-9,-5,-7,-4,3
-1,0,0,0,-2,0,-15,-10,-5,-7,-4,3
-3,-1,0,1,-3,0,-15,-10,-6,-7,-4,3
-4,-3,0,2,-3,-1,-16,-11,-6,-8,-5,2
-4,-3,-1,2,-2,-2,-16,-12,-7,-8,-5,1
-3,-2,-1,1,-2,-1,-15,-11,-6,-7,-4,2
-1,0,0,0,-1,0,-14,-10,-6,-6,-3,3
1,1,0,-2,0,1,-13,-9,-5,-5,-2,4
3,3,-1,-4,1,1,-13,-8,-5,-5,-2,4
3,2,-1,-4,1,1,-13,-8,-5,-5,-3,4
2,1,-1,-3,0,0,-14,-9,-6,-6,-3,4
0,0,-1,-2,0,0,-14,-9,-6,-6,-3,4
0,0,0,-1,0,0,-13,-9,-6,-6,-3,4
0,1,0,-2,0,1,-13,-9,-6,-6,-3,5
0,2,0,-3,0,1,-13,-9,-6,-6,-4,4
0,2,1,-3,-1,2,-13,-10,-7,-6,-4,3
-1,2,2,-2,-2,2,-14,-10,-7,-7,-5,3
-1,2,3,-2,-3,3,-14,-11,-7,-7,-5,3
-1,2,3,-2,-3,3,-14,-12,-7,-8,-6,3
-1,3,4,-2,-3,3,-14,-13,-6,-7,-5,4
-1,4,5,-3,-4,5,-14,-12,-5,-6,-3,7
0,6,5,-5,-4,6,-13,-12,-3,-4,0,10
0,7,6,-6,-4,7,-13,-11,-2,-2,4,16
0,8,6,-6,-4,7,-13,-9,0,2,10,23
1,8,6,-7,-3,6,-13,-6,3,8,18,32
1,7,5,-6,-2,5,-13,-3,5,12,25,40
1,6,4,-6,-1,4,-13,0,6,16,32,49
3,6,2,-6,0,4,-13,2,8,20,41,61
6,7,0,-8,2,3,-14,4,8,24,50,73
9,8,-2,-10,5,2,-15,5,8,26,59,86
10,6,-5,-10,7,0,-16,6,6,28,66,99
11,4,-9,-9,9,-2,-17,6,3,28,72,108
12,1,-12,-9,11,-5,-17,7,0,28,76,116
14,0,-16,-9,14,-9,-17,9,-4,28,80,123
18,-2,-22,-9,19,-12,-18,11,-9,26,83,128
21,-5,-28,-10,24,-17,-19,12,-13,24,85,132
24,-9,-34,-9,28,-22,-19,13,-18,23,86,134
27,-13,-41,-9,33,-27,-20,14,-21,22,86,135
28,-18,-48,-7,37,-33,-21,15,-23,21,86,133
30,-22,-54,-6,41,-38,-21,16,-25,20,84,127
32,-25,-59,-5,45,-42,-22,17,-25,20,80,118
33,-28,-63,-5,47,-46,-22,20,-25,21,74,105
34,-31,-67,-4,49,-49,-21,23,-23,21,67,88
36,-32,-70,-3,51,-51,-19,26,-21,21,58,70
36,-35,-73,-2,53,-55,-18,28,-20,20,48,50
36,-40,-77,0,55,-59,-16,29,-20,17,36,29
36,-44,-81,3,57,-63,-13,31,-20,13,23,7
35,-49,-84,5,58,-67,-8,33,-20,9,9,-14
33,-54,-87,8,58,-70,-4,36,-19,4,-5,-35
29,-59,-89,12,58,-74,0,38,-19,0,-18,-54
24,-63,-89,17,56,-76,3,40,-18,-4,-30,-70
20,-66,-88,21,54,-77,6,42,-17,-6,-40,-83
17,-66,-85,23,51,-76,10,46,-14,-8,-48,-93
15,-66,-82,24,48,-74,15,48,-13,-11,-56,-100
13,-66,-80,25,45,-73,19,48,-13,-16,-65,-107
9,-68,-78,28,42,-73,22,48,-16,-24,-76,-114
4,-69,-75,30,38,-72,26,48,-20,-34,-87,-121
1,-69,-71,31,35,-70,30,46,-25,-46,-100,-127
-3,-69,-67,33,31,-68,33,43,-31,-59,-113,-135
-8,-69,-63,36,27,-66,36,37,-38,-73,-127,-142
-13,-70,-59,39,22,-65,40,30,-45,-85,-138,-147
-17,-71,-56,42,18,-64,44,23,-51,-96,-146,-151
-21,-72,-53,45,14,-63,46,17,-53,-102,-150,-153
-25,-72,-49,46,10,-60,47,13,-54,-105,-151,-151
-27,-70,-44,46,7,-57,47,9,-53,-106,-150,-148
-28,-67,-40,46,4,-53,47,5,-53,-107,-148,-144
-31,-64,-34,45,0,-49,48,1,-54,-107,-146,-140
-33,-61,-28,45,-3,-44,48,-3,-55,-108,-144,-137
-35,-57,-23,45,-7,-40,49,-7,-56,-108,-141,-133
-36,-54,-19,43,-9,-37,51,-12,-57,-107,-138,-128
-35,-50,-16,41,-10,-34,52,-17,-58,-106,-133,-122
-36,-47,-13,40,-12,-31,52,-21,-58,-105,-128,-116
-37,-45,-10,39,-14,-28,53,-23,-57,-102,-123,-110
-37,-43,-8,38,-16,-25,55,-23,-55,-99,-118,-105
-36,-41,-6,36,-16,-23,56,-23,-54,-96,-113,-99
-35,-38,-4,34,-16,-21,59,-21,-51,-91,-106,-93
-33,-35,-3,32,-16,-18,61,-19,-48,-85,-99,-86
-32,-32,-1,30,-16,-16,63,-17,-45,-80,-93,-80
-31,-29,0,28,-16,-15,66,-17,-42,-76,-88,-75
-31,-28,0,28,-17,-14,68,-17,-40,-73,-84,-71
-32,-29,1,28,-18,-14,71,-18,-39,-72,-81,-68
-32,-29,1,28,-18,-13,73,-20,-40,-71,-79,-65
-31,-28,1,28,-17,-13,76,-21,-40,-69,-76,-63
-32,-29,2,28,-18,-13,80,-20,-40,-67,-73,-59
-32,-29,3,28,-18,-13,84,-18,-40,-63,-69,-56
-33,-29,3,29,-19,-13,88,-16,-38,-59,-65,-53
-33,-29,2,29,-19,-13,93,-13,-36,-55,-61,-49
-32,-29,1,29,-18,-14,98,-11,-34,-51,-57,-46
-31,-28,1,27,-17,-13,104,-9,-32,-48,-53,-43
-30,-27,1,27,-17,-12,109,-9,-31,-45,-51,-40
-30,-28,1,27,-17,-12,113,-11,-30,-44,-49,-38
-30,-28,1,27,-16,-12,115,-14,-30,-43,-47,-36
-29,-27,1,26,-16,-12,113,-19,-30,-42,-45,-34
-29,-27,1,26,-16,-13,107,-26,-31,-41,-44,-32
-28,-27,0,26,-15,-13,102,-32,-32,-41,-43,-31
-27,-26,0,25,-14,-13,98,-38,-33,-41,-42,-30
-27,-25,0,24,-14,-13,93,-42,-34,-41,-41,-29
-26,-26,-1,24,-14,-13,86,-46,-35,-42,-41,-29
-26,-26,-1,24,-14,-13,77,-49,-36,-42,-40,-28
-25,-24,0,23,-14,-11,67,-49,-36,-40,-38,-26
-24,-21,1,21,-14,-9,56,-49,-34,-38,-35,-23
-21,-18,2,18,-12,-8,43,-47,-32,-34,-32,-20
-17,-14,2,14,-11,-6,31,-44,-29,-30,-27,-16
-13,-9,3,9,-10,-3,23,-40,-24,-25,-23,-11
-10,-5,3,5,-8,-1,15,-36,-20,-21,-19,-8
-7,-3,3,2,-7,0,8,-32,-17,-17,-16,-6
-4,0,3,0,-5,2,2,-27,-14,-14,-13,-3
-2,3,4,-3,-5,4,-3,-23,-11,-11,-10,0
-2,4,5,-3,-5,5,-7,-19,-9,-8,-7,2
-2,4,5,-3,-5,5,-10,-17,-7,-6,-5,3
-2,4,5,-3,-4,5,-13,-15,-5,-4,-4,4
-2,5,5,-4,-4,5,-14,-13,-4,-2,-2,6
-1,7,6,-5,-4,6,-15,-11,-2,0,-1,7
0,8,7,-6,-4,7,-15,-10,-1,0,0,8
-1,7,6,-6,-4,6,-16,-10,-1,0,0,8
-1,6,6,-5,-4,6,-17,-9,-1,0,0,8
0,6,5,-6,-3,6,-18,-9,0,0,0,9
0,7,5,-7,-3,7,-18,-9,0,1,1,9
0,6,6,-6,-4,6,-19,-9,0,1,1,9
-1,6,6,-5,-5,6,-20,-10,0,1,1,9
0,8,6,-7,-5,7,-19,-10,0,2,1,10
1,10,7,-9,-4,8,-19,-9,1,3,2,10
0,10,8,-8,-5,8,-18,-9,2,3,2,10
0,9,8,-7,-6,9,-18,-8,2,2,2,10
1,10,8,-8,-5,10,-18,-8,2,3,3,10
2,12,8,-9,-4,10,-18,-8,3,3,3,11
4,13,8,-10,-3,11,-18,-8,3,4,4,12
4,14,8,-11,-2,11,-18,-9,4,4,5,12
3,13,8,-10,-3,10,-19,-10,4,4,4,12
1,12,9,-9,-5,10,-19,-10,4,4,4,12
0,11,9,-8,-6,10,-19,-10,5,4,5,12
0,10,8,-7,-6,9,-20,-10,5,4,5,12
0,10,9,-7,-6,9,-21,-11,4,3,4,12
0,11,9,-8,-6,10,-20,-10,4,4,5,12
2,13,9,-10,-5,10,-19,-10,5,4,5,13
2,13,9,-10,-4,10,-19,-10,5,5,6,14
2,13,9,-10,-4,10,-19,-10,5,5,6,15
2,13,8,-10,-4,10,-19,-10,6,6,6,16
2,13,9,-11,-4,11,-20,-10,7,6,6,16
2,14,9,-11,-5,11,-20,-10,7,7,6,17
2,14,10,-11,-5,12,-21,-10,8,7,6,17
1,14,11,-11,-6,12,-21,-10,8,7,6,17
1,14,12,-10,-6,13,-22,-10,8,7,6,17
1,14,12,-10,-6,13,-23,-11,8,7,6,17
1,15,12,-10,-6,13,-23,-11,8,7,6,17
1,16,12,-11,-6,14,-23,-11,8,8,7,18
1,16,12,-12,-7,15,-23,-12,9,8,7,18
1,16,13,-11,-7,15,-24,-12,9,9,7,18
1,16,13,-12,-7,15,-24,-12,9,9,7,18
2,17,13,-13,-6,15,-24,-12,9,10,7,19
3,18,13,-13,-6,15,-24,-12,9,10,8,19
3,18,13,-13,-6,15,-24,-12,9,10,8,20
2,18,14,-13,-8,16,-24,-12,10,11,9,21
1,18,15,-12,-8,16,-25,-12,10,11,10,22
1,18,15,-13,-8,17,-26,-12,11,12,10,23
2,20,16,-14,-8,18,-26,-11,12,12,11,24
1,20,17,-14,-9,19,-26,-11,12,12,12,25
1,20,17,-14,-9,19,-27,-12,12,12,12,25
0,21,18,-14,-10,19,-27,-12,13,13,13,25
0,22,19,-14,-10,20,-28,-12,14,14,14,26
1,23,19,-15,-10,21,-28,-12,14,14,14,26
2,24,19,-16,-10,22,-29,-12,14,15,15,27
3,25,20,-17,-9,22,-30,-12,15,15,16,28
4,26,20,-17,-9,23,-30,-12,16,16,17,30
3,26,21,-17,-9,23,-30,-12,17,16,18,31
3,25,21,-17,-10,23,-31,-13,17,17,19,32
2,25,21,-17,-10,23,-31,-13,18,17,20,33
3,26,22,-17,-10,23,-31,-13,18,18,21,34
3,26,22,-17,-11,23,-32,-13,19,18,22,35
3,27,22,-18,-11,24,-32,-13,20,19,23,36
4,28,22,-19,-10,25,-33,-13,21,20,24,38
5,30,22,-21,-10,26,-33,-13,22,22,26,39
6,31,23,-22,-10,27,-34,-13,23,23,27,41
7,32,24,-22,-10,27,-34,-13,23,23,29,43
7,32,23,-22,-10,27,-35,-13,24,23,30,44
6,31,23,-21,-10,27,-37,-13,24,23,30,44
5,30,23,-21,-10,27,-37,-12,25,24,31,45
5,30,23,-20,-10,26,-38,-12,25,24,31,45
6,30,23,-21,-10,26,-38,-12,25,25,32,45
7,32,22,-23,-9,27,-38,-12,25,25,32,46
8,33,22,-24,-8,27,-39,-12,26,26,33,47
9,33,22,-24,-8,27,-39,-11,27,27,34,47
10,33,22,-25,-8,27,-40,-11,27,27,35,48
10,34,22,-25,-7,27,-40,-10,27,28,36,49
10,34,22,-25,-7,28,-41,-9,28,28,36,49
11,34,21,-26,-7,27,-42,-9,29,29,37,50
11,33,20,-26,-6,27,-42,-8,29,29,37,50
11,33,20,-25,-6,26,-42,-8,30,29,37,50
11,33,20,-25,-6,26,-42,-7,30,30,37,50
11,33,20,-25,-6,26,-42,-5,31,30,38,50
13,34,20,-26,-5,27,-42,-4,32,31,38,50
14,35,19,-27,-4,27,-42,-2,32,31,39,50
14,35,19,-27,-3,27,-42,-1,33,32,39,50
14,34,18,-27,-3,26,-42,0,34,32,39,49
14,33,17,-27,-3,25,-42,1,34,33,39,49
14,33,16,-27,-2,24,-42,2,34,33,39,49
14,32,16,-26,-2,24,-41,3,35,33,39,49
14,32,15,-26,-2,23,-41,5,36,34,39,49
15,32,14,-27,-1,22,-40,6,36,34,39,49
14,30,13,-25,-1,21,-40,7,37,33,39,48
13,28,13,-24,-1,20,-40,8,37,33,38,48
14,28,12,-24,0,20,-40,9,38,34,38,47
16,28,10,-25,1,19,-39,10,39,34,38,46
17,29,9,-26,2,19,-38,11,39,34,37,45
15,28,9,-25,1,18,-37,11,38,34,36,43
13,26,9,-23,0,17,-37,12,38,33,35,41
15,27,9,-24,1,18,-36,13,38,33,35,41
15,27,10,-24,1,18,-35,15,38,33,34,40
14,25,9,-22,0,17,-34,15,38,32,33,39
13,23,8,-22,0,15,-34,15,37,31,32,38
15,24,7,-23,1,15,-32,16,37,31,32,37
15,25,7,-23,2,15,-31,17,38,31,31,36
14,23,6,-22,2,14,-30,17,38,31,30,35
13,21,6,-20,1,13,-30,17,37,31,29,33
12,20,5,-20,1,13,-29,17,37,30,28,31
13,20,5,-19,2,12,-27,18,36,29,26,30
13,19,4,-19,2,11,-26,18,36,27,24,28
12,18,4,-19,2,11,-25,18,35,26,23,27
11,17,3,-18,2,10,-25,18,35,25,22,26
11,17,3,-17,2,10,-24,18,35,24,21,25
12,17,2,-18,2,9,-23,18,35,24,20,25
12,16,1,-18,3,8,-21,18,35,24,20,24
12,15,1,-17,3,7,-20,18,35,23,19,23
11,14,0,-16,2,7,-20,18,35,23,18,22
10,13,0,-15,2,6,-19,18,35,22,17,21
9,13,1,-15,2,6,-17,18,34,21,16,19
9,13,1,-15,2,6,-16,17,34,20,15,18
11,14,0,-16,3,6,-16,16,33,19,14,17
11,13,0,-16,3,6,-15,15,32,18,12,15
10,11,-1,-14,3,5,-15,13,31,16,11,14
8,9,0,-12,1,5,-13,13,31,15,10,13
5,8,1,-10,0,5,-12,12,31,14,9,12
3,7,1,-8,-2,4,-11,11,31,13,8,10
3,6,0,-8,-1,3,-11,10,30,11,6,8
5,7,0,-10,0,3,-10,10,31,11,6,8
7,8,0,-11,1,4,-9,9,31,10,6,8
6,8,0,-11,0,4,-8,8,31,10,6,8
4,7,1,-10,0,4,-8,7,31,9,6,7
4,7,1,-10,0,4,-8,6,31,9,6,7
4,7,0,-9,0,3,-8,5,30,8,6,7
3,6,0,-8,0,2,-8,3,29,7,4,6
2,5,0,-8,0,2,-8,2,28,5,3,5
2,4,0,-7,0,1,-8,1,27,4,2,4
0,3,0,-6,-1,0,-8,0,27,3,1,3
0,2,0,-5,-2,0,-8,-1,26,2,0,2
1,3,0,-6,-1,1,-7,-1,26,1,0,1
4,6,0,-9,0,3,-7,-1,26,1,0,1
4,7,0,-10,0,3,-7,-2,25,0,-1,0
4,7,0,-10,-1,3,-7,-3,24,-1,-2,0
4,7,0,-10,-1,4,-6,-3,24,-1,-2,0
3,6,0,-9,-1,4,-6,-3,24,-1,-1,0
1,4,1,-7,-2,3,-7,-4,24,-1,-1,0
-1,2,1,-5,-3,2,-7,-5,24,-1,-2,-1
0,2,0,-5,-2,1,-7,-6,24,-2,-3,-2
0,2,0,-6,-2,1,-7,-6,24,-2,-3,-2
1,3,0,-6,-2,1,-7,-6,24,-2,-3,-2
0,2,0,-6,-2,1,-7,-6,23,-2,-3,-2
0,1,0,-5,-2,1,-7,-7,23,-2,-3,-2
0,1,-1,-5,-2,1,-7,-7,23,-2,-3,-2
1,3,0,-6,-1,2,-6,-6,24,-1,-2,-1
2,5,0,-8,0,3,-6,-6,25,0,-1,0
3,6,0,-9,0,3,-6,-6,25,0,-1,0
2,4,0,-7,-1,2,-7,-7,23,-1,-2,-2
0,2,0,-5,-2,1,-8,-8,22,-2,-3,-3
0,3,1,-5,-2,2,-8,-8,21,-2,-3,-4
1,4,0,-6,-2,3,-7,-7,22,-1,-3,-4
2,5,0,-7,-1,3,-7,-6,22,-1,-3,-4
1,5,0,-7,-2,3,-7,-6,22,-1,-3,-4
0,4,0,-6,-2,2,-8,-7,22,-1,-3,-4
0,3,0,-6,-2,1,-8,-7,22,-1,-3,-4
0,2,0,-5,-2,1,-9,-7,22,-1,-2,-4
-1,0,-1,-4,-2,0,-9,-8,21,-2,-3,-4
-1,0,-1,-3,-1,-1,-9,-8,21,-2,-3,-5
1,2,-2,-6,0,0,-8,-8,22,-2,-2,-4
3,4,-2,-8,1,1,-8,-8,22,-2,-2,-4
2,3,-1,-7,0,1,-8,-8,21,-2,-2,-4
0,2,0,-6,-2,1,-9,-9,21,-3,-2,-5
0,3,0,-6,-2,2,-9,-9,20,-3,-2,-5
2,5,0,-8,0,2,-9,-9,20,-2,-1,-5
4,6,-1,-10,1,2,-9,-9,20,-2,-1,-4
4,6,-1,-10,1,2,-9,-9,20,-2,-1,-4
3,5,-1,-8,0,1,-9,-9,20,-2,-1,-4
2,3,-2,-7,0,0,-10,-10,19,-2,0,-4
1,1,-2,-6,0,0,-11,-10,19,-2,0,-4
0,1,-2,-5,0,-1,-11,-10,19,-2,0,-4
1,1,-3,-6,0,-1,-10,-10,19,-2,0,-4
3,1,-3,-7,1,-1,-10,-10,19,-2,0,-4
3,1,-3,-7,1,-1,-11,-10,20,-2,0,-3
2,1,-3,-6,0,-1,-11,-11,20,-2,0,-3
1,0,-3,-5,0,-2,-12,-11,19,-3,0,-4
2,1,-3,-6,1,-1,-13,-12,19,-3,0,-4
4,3,-3,-8,2,0,-14,-12,19,-3,0,-4
5,4,-3,-10,2,1,-13,-12,19,-3,0,-4
5,4,-3,-9,2,0,-13,-12,19,-3,0,-4
3,2,-3,-8,1,0,-14,-12,18,-4,-1,-5
3,1,-3,-7,1,-1,-15,-12,18,-4,-1,-6
2,1,-3,-6,1,-2,-16,-12,18,-4,-1,-6
1,0,-3,-5,0,-2,-16,-12,17,-5,-1,-7
0,0,-3,-5,0,-2,-16,-12,16,-5,-2,-7
0,0,-3,-5,0,-2,-16,-12,16,-5,-2,-6
2,1,-3,-7,1,-1,-15,-11,16,-4,-1,-5
3,2,-3,-8,1,-1,-15,-11,17,-4,0,-4
4,2,-3,-8,1,-1,-15,-11,17,-3,0,-3
5,2,-3,-9,2,-1,-15,-11,17,-3,1,-3
3,1,-4,-7,2,-2,-14,-10,17,-2,2,-2
2,0,-4,-6,1,-2,-14,-10,17,-2,2,-2
3,1,-4,-7,2,-2,-14,-10,17,-2,2,-2
5,2,-5,-9,3,-1,-15,-9,18,-1,2,-2
6,3,-6,-10,3,-1,-15,-9,18,-1,2,-3
6,3,-5,-9,3,-1,-15,-9,18,-1,2,-3
3,1,-4,-7,0,-1,-15,-9,18,-2,1,-4
1,0,-3,-5,-1,-2,-15,-10,17,-3,0,-5
1,0,-3,-5,-1,-2,-15,-10,16,-3,0,-6
1,0,-3,-6,0,-1,-15,-9,16,-3,0,-5
2,1,-3,-7,0,0,-15,-9,16,-3,0,-5
2,1,-3,-7,0,-1,-15,-9,15,-3,0,-5
2,0,-4,-7,0,-2,-14,-9,15,-3,0,-5
3,1,-4,-8,1,-2,-13,-8,15,-2,0,-5
3,3,-4,-9,1,-1,-12,-8,15,-2,1,-4
3,3,-3,-9,0,-1,-12,-7,15,-1,1,-4
2,2,-3,-8,0,-1,-11,-7,15,-1,1,-4
1,1,-3,-7,0,-1,-11,-7,14,-1,1,-5
2,2,-3,-8,1,-1,-11,-6,14,-1,1,-5
4,3,-4,-10,2,0,-11,-6,14,-1,1,-5
4,3,-4,-9,1,0,-11,-6,14,-1,1,-5
2,1,-3,-8,0,-1,-11,-7,13,-2,1,-5
1,0,-3,-7,0,-2,-11,-7,13,-2,1,-5
2,1,-4,-7,0,-1,-10,-6,13,-2,1,-4
4,3,-4,-8,1,-1,-9,-6,14,-1,2,-4
4,3,-3,-9,1,0,-8,-5,15,-1,2,-4
4,3,-3,-9,1,0,-8,-5,15,0,2,-4
3,3,-2,-8,0,0,-7,-6,15,0,2,-3
3,3,-2,-8,0,0,-7,-6,15,0,2,-3
2,3,-3,-8,0,0,-7,-6,16,0,2,-3
1,3,-2,-8,-1,0,-7,-6,16,0,2,-3
1,3,-1,-8,-2,0,-6,-6,17,0,2,-4
2,5,0,-9,-1,1,-6,-6,18,0,2,-4
4,6,0,-10,0,1,-6,-6,18,0,2,-4
4,6,0,-10,0,2,-5,-6,18,0,2,-4
3,6,0,-10,0,2,-5,-5,18,0,2,-4
4,6,0,-11,0,1,-4,-5,18,0,3,-4
4,5,-1,-11,0,1,-4,-5,18,0,3,-4
4,6,-1,-11,0,2,-3,-4,18,0,3,-3
4,7,0,-12,0,3,-3,-3,19,0,4,-3
2,7,1,-11,-1,4,-3,-4,18,0,4,-2
1,5,1,-9,-2,3,-3,-5,18,0,4,-2
0,4,1,-8,-2,2,-3,-5,18,0,4,-2
1,4,1,-9,-2,2,-2,-5,18,0,4,-2
3,6,0,-11,-1,3,-1,-5,19,1,5,-1
5,9,0,-13,0,4,-1,-4,20,1,6,0
6,10,0,-14,0,4,-2,-5,20,1,5,-1
5,10,1,-14,0,4,-4,-6,19,0,4,-2
3,8,1,-12,-1,4,-6,-7,18,-1,3,-3
3,7,1,-11,-1,4,-8,-8,17,-2,3,-3
3,7,1,-11,-1,4,-9,-9,16,-2,2,-4
4,8,1,-12,0,4,-11,-10,16,-3,2,-4
4,8,1,-12,-1,4,-13,-10,16,-3,2,-5
2,6,1,-11,-2,3,-14,-11,15,-3,1,-6
1,5,0,-10,-2,2,-16,-12,14,-4,0,-6
0,4,0,-9,-3,2,-17,-13,14,-4,0,-6
-2,3,1,-7,-4,1,-18,-14,14,-4,0,-6
-1,3,0,-7,-4,1,-18,-14,13,-4,0,-5
1,5,0,-9,-2,2,-18,-14,13,-4,1,-5
3,7,0,-11,-1,3,-18,-14,14,-4,1,-4
5,8,0,-13,0,3,-18,-14,15,-3,2,-3
5,9,0,-13,0,3,-19,-14,15,-3,3,-3
5,8,0,-13,0,3,-19,-14,14,-4,2,-3
5,7,-1,-13,0,2,-20,-14,13,-5,1,-4
6,8,-2,-14,0,2,-20,-14,13,-5,1,-3
7,8,-2,-14,1,2,-19,-13,14,-4,2,-2
7,7,-3,-14,1,1,-18,-13,15,-3,3,-1
6,5,-4,-12,1,0,-18,-13,15,-3,3,-1
5,3,-4,-11,1,-1,-18,-13,14,-3,2,-2
5,3,-4,-11,1,-1,-18,-13,14,-4,2,-3
4,3,-4,-10,0,-1,-18,-13,14,-4,2,-4
4,3,-4,-11,0,-1,-18,-13,14,-3,2,-4
4,3,-5,-11,0,-1,-17,-13,13,-4,1,-5
4,3,-5,-10,0,-1,-16,-13,13,-4,0,-5
3,3,-5,-10,0,-1,-15,-12,13,-4,1,-4
3,2,-5,-10,0,-1,-15,-12,13,-3,1,-4
1,1,-4,-8,-1,-2,-14,-12,13,-2,1,-4
0,0,-3,-7,-2,-2,-14,-11,13,-2,1,-5
-1,0,-3,-6,-3,-2,-14,-11,13,-2,1,-5
-2,-1,-2,-5,-4,-2,-13,-10,12,-2,1,-5
-2,0,-2,-6,-4,-2,-12,-10,10,-2,1,-4
0,0,-3,-7,-3,-1,-12,-10,8,-2,2,-4
1,1,-3,-8,-2,-1,-11,-10,7,-1,2,-3
1,0,-4,-7,-1,-2,-12,-10,5,-2,1,-4
0,-2,-4,-6,-1,-4,-12,-11,3,-3,0,-5
-1,-3,-4,-5,-2,-4,-12,-12,2,-2,0,-5
0,-2,-4,-6,-2,-4,-12,-12,1,-2,0,-5
2,0,-4,-8,-1,-2,-11,-11,0,-2,0,-5
3,2,-4,-10,0,0,-11,-11,0,-2,0,-5
3,3,-4,-11,0,0,-11,-11,0,-2,0,-5
3,2,-5,-11,0,-1,-11,-11,0,-2,0,-5
3,2,-6,-11,0,-2,-11,-11,0,-2,0,-5
3,1,-6,-10,0,-2,-10,-11,-1,-2,0,-4
2,0,-6,-9,0,-3,-10,-11,-1,-2,0,-4
3,1,-6,-10,1,-3,-10,-12,-1,-2,0,-4
2,0,-6,-9,0,-3,-10,-12,-1,-2,0,-5
0,-1,-6,-7,-1,-3,-10,-13,-3,-3,-1,-7
0,-1,-6,-7,-1,-3,-11,-13,-4,-3,-2,-7
0,0,-6,-8,-1,-3,-11,-13,-4,-2,-1,-6
0,0,-5,-8,-1,-3,-11,-12,-3,-1,0,-5
0,-1,-5,-7,-2,-3,-11,-12,-3,-1,0,-5
0,-2,-5,-6,-2,-3,-11,-13,-4,-1,0,-5
0,-1,-5,-7,-2,-3,-11,-13,-4,-2,0,-6
1,0,-5,-8,-1,-2,-10,-13,-3,-1,0,-5
2,1,-5,-9,0,-2,-10,-12,-3,-1,1,-5
1,0,-5,-9,-1,-2,-10,-12,-3,-1,0,-5
0,0,-4,-7,-2,-2,-10,-12,-3,-1,0,-5
-3,-2,-3,-6,-4,-2,-10,-12,-4,-2,0,-5
-4,-3,-3,-5,-4,-2,-10,-12,-4,-2,0,-5
-2,-2,-4,-5,-3,-2,-9,-12,-4,-2,0,-4
0,-1,-5,-7,-2,-2,-9,-12,-4,-2,0,-4
1,0,-6,-8,0,-3,-9,-12,-4,-2,0,-4
4,0,-7,-10,2,-3,-10,-12,-4,-2,0,-4
4,0,-8,-10,2,-4,-10,-12,-4,-2,0,-4
1,-1,-7,-9,0,-4,-10,-13,-3,-1,0,-4
0,-1,-6,-8,-1,-3,-10,-13,-3,-1,0,-4
-1,-2,-6,-7,-2,-3,-10,-13,-3,-1,0,-5
-2,-2,-6,-6,-2,-3,-10,-13,-3,-2,-1,-6
-2,-2,-5,-7,-3,-3,-10,-13,-3,-3,-1,-6
-1,0,-4,-8,-3,-2,-9,-13,-3,-3,-1,-6
0,0,-4,-8,-3,-1,-9,-14,-3,-3,-2,-6
-1,0,-3,-8,-3,-1,-10,-14,-3,-4,-3,-7
-1,0,-3,-8,-4,0,-10,-15,-4,-5,-3,-7
-1,0,-3,-8,-4,0,-10,-15,-4,-5,-3,-7
-1,1,-2,-9,-4,0,-8,-15,-2,-3,-1,-4
-1,2,-1,-9,-4,1,-7,-14,0,0,2,0
0,4,-1,-10,-4,2,-7,-13,2,2,6,4
0,4,0,-10,-4,2,-7,-12,4,5,11,9
0,4,0,-10,-4,2,-7,-11,5,8,16,16
0,4,-1,-10,-3,1,-7,-8,7,13,23,25
3,5,-3,-12,-1,1,-7,-4,9,17,31,35
5,5,-5,-14,1,0,-7,-1,11,21,39,44
6,4,-7,-14,2,-1,-7,1,12,24,47,56
7,3,-9,-14,4,-3,-8,2,11,25,54,68
9,3,-11,-15,7,-4,-10,3,9,26,62,82
13,3,-15,-16,10,-6,-11,4,7,27,70,96
15,1,-19,-17,13,-9,-12,4,4,27,76,108
18,-1,-24,-17,17,-13,-12,5,0,26,80,116
21,-4,-31,-18,21,-17,-13,5,-5,24,83,123
24,-7,-36,-18,25,-21,-13,5,-10,22,84,128
25,-11,-41,-16,27,-25,-15,4,-15,18,83,129
26,-14,-46,-15,31,-30,-16,4,-20,15,81,129
29,-17,-53,-15,37,-35,-17,4,-24,12,80,128
34,-20,-59,-16,42,-40,-18,6,-26,11,78,125
38,-22,-65,-17,48,-44,-18,7,-27,10,75,118
41,-25,-71,-17,52,-48,-19,8,-28,9,69,107
42,-30,-76,-15,54,-52,-19,9,-28,9,60,90
41,-33,-79,-13,55,-56,-18,12,-27,9,51,70
40,-36,-82,-12,56,-59,-16,15,-25,9,41,49
40,-39,-84,-10,57,-62,-14,17,-23,8,31,28
39,-43,-87,-7,58,-66,-13,19,-23,5,18,6
36,-49,-89,-3,58,-70,-10,21,-23,1,5,-17
34,-54,-92,1,58,-73,-6,23,-22,-2,-9,-40
32,-58,-95,3,59,-77,-1,27,-20,-5,-21,-59
30,-62,-97,6,59,-79,3,31,-18,-7,-32,-77
26,-66,-97,10,56,-81,8,35,-16,-8,-42,-91
21,-68,-95,13,52,-81,12,39,-13,-8,-49,-103
17,-70,-92,16,49,-81,16,42,-11,-9,-56,-112
14,-70,-89,17,47,-80,20,44,-10,-12,-64,-120
11,-69,-86,18,44,-78,24,46,-12,-19,-73,-127
9,-69,-82,20,41,-76,27,46,-15,-28,-84,-134
5,-69,-79,22,37,-75,30,45,-19,-38,-96,-140
0,-70,-76,25,33,-73,33,42,-24,-49,-108,-146
-5,-72,-73,28,28,-72,36,38,-30,-61,-120,-152
-11,-73,-68,32,22,-70,41,33,-36,-72,-131,-157
-16,-73,-62,34,17,-67,45,28,-41,-82,-139,-161
-20,-72,-57,36,13,-65,48,24,-43,-89,-145,-163
-24,-71,-53,37,10,-63,50,21,-43,-93,-146,-162
-26,-71,-50,38,7,-61,51,18,-43,-94,-145,-159
-28,-69,-47,38,4,-58,51,15,-42,-94,-143,-155
-29,-66,-43,37,1,-54,51,11,-41,-95,-141,-151
-30,-62,-37,36,-2,-49,52,8,-41,-95,-138,-147
-32,-58,-32,35,-6,-45,53,5,-41,-94,-135,-143
-33,-55,-27,34,-8,-41,54,2,-41,-93,-131,-139
-33,-52,-24,32,-10,-38,55,-1,-42,-92,-127,-134
-34,-48,-19,30,-12,-34,56,-6,-43,-91,-122,-128
-34,-45,-15,29,-14,-30,57,-9,-42,-89,-117,-122
-34,-43,-13,28,-15,-28,57,-11,-41,-87,-113,-116
-33,-41,-12,26,-15,-27,58,-12,-40,-85,-108,-110
-32,-39,-12,25,-15,-25,60,-12,-39,-81,-103,-104
-32,-38,-11,24,-16,-24,64,-9,-37,-76,-97,-98
-32,-36,-10,23,-17,-22,66,-7,-34,-70,-90,-91
-30,-34,-9,21,-16,-21,68,-7,-31,-66,-84,-85
-30,-33,-9,21,-17,-21,70,-7,-30,-64,-80,-81
-32,-34,-8,22,-18,-21,72,-8,-29,-62,-78,-79
-33,-35,-7,23,-19,-21,75,-9,-30,-61,-75,-76
-34,-35,-7,24,-19,-21,78,-11,-31,-61,-73,-72
-34,-35,-7,24,-19,-21,81,-12,-32,-60,-70,-69
-33,-34,-8,23,-18,-20,86,-11,-33,-57,-67,-66
-32,-33,-8,21,-18,-20,90,-9,-32,-54,-63,-63
-30,-31,-7,19,-17,-19,94,-7,-31,-49,-58,-59
-29,-29,-7,18,-17,-19,99,-4,-28,-45,-53,-55
-28,-29,-8,17,-16,-19,103,-1,-26,-42,-49,-52
-27,-29,-9,16,-15,-19,108,0,-24,-40,-47,-49
-27,-30,-9,17,-14,-20,113,0,-23,-38,-45,-46
-27,-31,-10,17,-14,-20,116,-2,-22,-35,-42,-44
-27,-33,-11,18,-13,-21,116,-6,-21,-34,-40,-42
-27,-33,-11,18,-13,-22,114,-11,-22,-34,-39,-40
-26,-32,-11,18,-13,-22,110,-17,-23,-34,-38,-39
-26,-32,-12,18,-13,-22,107,-23,-24,-33,-37,-38
-26,-33,-13,18,-12,-23,102,-29,-25,-34,-36,-37
-26,-33,-14,18,-12,-23,95,-34,-27,-34,-36,-36
-25,-32,-13,16,-12,-22,86,-39,-28,-35,-35,-35
-24,-30,-12,15,-12,-20,77,-43,-29,-34,-34,-34
-23,-28,-11,13,-12,-19,68,-45,-29,-33,-33,-32
-20,-25,-10,11,-11,-17,57,-45,-29,-31,-30,-30
-18,-22,-10,8,-11,-15,46,-44,-29,-28,-27,-27
-16,-20,-10,6,-10,-15,35,-42,-27,-24,-23,-23
-14,-17,-9,3,-8,-13,26,-39,-25,-19,-19,-19
-11,-13,-8,0,-7,-11,19,-36,-23,-15,-15,-16
-9,-9,-7,-3,-7,-8,12,-32,-21,-12,-13,-14
-6,-5,-6,-7,-6,-6,7,-27,-18,-9,-10,-11
-3,-2,-5,-9,-5,-4,2,-23,-15,-5,-7,-7
-2,0,-5,-11,-5,-2,0,-19,-13,-2,-4,-4
-1,1,-5,-11,-5,-2,-3,-17,-11,0,-1,-1
0,2,-4,-12,-4,-1,-5,-15,-8,3,1,0
1,4,-4,-15,-3,0,-7,-14,-6,5,3,1
3,6,-4,-17,-3,0,-8,-12,-5,6,5,1
3,7,-4,-18,-3,1,-9,-11,-5,6,5,1
2,7,-2,-18,-4,2,-9,-9,-4,7,6,2
1,7,-1,-17,-5,3,-9,-8,-4,7,6,3
0,7,0,-16,-6,3,-10,-8,-3,8,7,4
-1,6,0,-15,-7,4,-11,-8,-2,8,7,5
-3,6,2,-14,-9,5,-11,-8,-2,9,7,5
-4,6,4,-14,-11,6,-10,-7,-1,10,8,6
-4,7,5,-14,-11,6,-9,-7,-1,11,9,6
-5,7,5,-14,-12,6,-9,-7,-1,11,10,6
-5,7,5,-14,-12,6,-9,-7,-1,11,9,6
-4,8,5,-15,-11,7,-10,-7,-2,11,9,6
-3,9,6,-16,-11,8,-10,-7,-1,11,9,7
-4,9,6,-16,-12,8,-11,-7,-1,11,9,8
-4,9,6,-15,-12,7,-11,-7,-1,11,9,8
-4,8,5,-16,-11,7,-12,-8,-1,11,9,8
-3,8,4,-16,-11,6,-12,-8,-1,11,10,8
-3,8,5,-16,-11,6,-12,-8,-1,12,11,9
-3,8,5,-16,-11,6,-12,-8,-1,12,11,9
-3,9,5,-16,-11,7,-11,-8,-1,13,12,10
-3,10,6,-17,-11,8,-11,-8,-1,13,12,10
-4,9,6,-16,-12,8,-12,-8,-2,13,11,9
-4,10,7,-16,-13,9,-12,-8,-2,12,11,8
-3,11,7,-18,-12,9,-11,-8,-2,12,10,8
-3,10,7,-17,-12,9,-11,-8,-3,11,10,9
-4,10,7,-17,-13,8,-12,-9,-3,12,10,9
-3,10,7,-18,-12,9,-12,-8,-2,13,11,11
-2,12,7,-19,-11,9,-12,-8,-1,14,12,12
-1,12,7,-20,-11,9,-13,-8,-1,14,13,12
-2,11,7,-19,-12,9,-13,-8,-2,13,13,13
-3,11,8,-18,-13,9,-13,-9,-1,14,13,13
-3,11,8,-18,-13,10,-13,-9,0,15,14,14
-3,12,8,-19,-13,10,-13,-9,0,16,15,14
-3,12,8,-19,-13,10,-13,-9,1,16,15,15
-3,13,9,-19,-14,11,-13,-9,1,16,16,15
-4,13,10,-19,-14,11,-13,-9,1,16,16,16
-4,13,10,-20,-14,11,-13,-9,1,16,16,16
-3,14,10,-20,-14,12,-13,-9,1,16,16,17
-2,15,10,-21,-14,13,-13,-9,1,16,17,18
-2,15,10,-21,-14,13,-14,-9,1,17,17,19
-3,14,9,-20,-14,12,-15,-10,2,17,17,18
-3,13,8,-20,-14,11,-15,-11,2,16,16,17
-1,15,9,-21,-13,12,-16,-11,2,17,17,17
-1,17,11,-23,-13,14,-15,-10,3,18,19,18
-2,18,13,-23,-15,15,-15,-10,4,20,21,20
-3,18,13,-22,-16,15,-16,-10,3,19,21,20
-3,17,12,-22,-15,15,-17,-11,3,18,20,21
-1,18,11,-23,-14,15,-17,-11,3,19,21,22
-1,19,12,-24,-14,16,-17,-11,5,20,23,24
-2,20,14,-24,-16,17,-17,-11,6,21,24,25
-3,20,15,-23,-17,17,-18,-12,6,21,24,25
-3,20,15,-24,-17,17,-18,-12,5,21,24,25
-1,21,15,-26,-16,18,-18,-12,5,21,24,26
0,24,16,-28,-16,20,-18,-12,6,22,25,27
1,24,16,-28,-16,20,-19,-12,6,21,25,27
0,24,16,-27,-17,20,-19,-13,5,21,25,27
-2,23,17,-26,-18,20,-20,-14,5,21,25,28
-3,23,17,-25,-19,20,-21,-14,5,21,26,29
-2,24,17,-26,-18,20,-22,-14,6,22,27,30
0,25,17,-28,-17,20,-22,-14,7,23,29,32
0,25,17,-29,-16,20,-23,-13,8,24,31,33
0,25,16,-29,-16,20,-24,-13,8,24,31,34
0,25,16,-28,-17,20,-25,-14,8,25,32,35
0,26,17,-29,-17,21,-25,-14,9,25,32,36
0,27,18,-30,-18,22,-26,-14,9,25,33,37
0,28,19,-30,-18,23,-26,-14,10,27,35,39
0,28,19,-31,-18,24,-27,-14,11,28,37,40
0,28,20,-31,-18,24,-28,-14,11,28,37,40
1,29,20,-32,-18,24,-29,-14,10,27,37,39
3,31,20,-33,-17,25,-29,-14,10,27,37,40
3,31,19,-34,-17,25,-30,-13,11,28,38,41
3,30,18,-34,-16,24,-30,-12,12,29,39,42
5,30,16,-34,-14,23,-31,-12,13,30,39,43
6,30,14,-35,-12,22,-31,-12,13,31,40,44
6,30,14,-35,-12,22,-32,-11,14,32,41,45
5,29,14,-34,-13,21,-33,-11,14,32,42,46
4,28,14,-33,-14,21,-34,-10,15,33,42,46
5,29,14,-34,-13,21,-34,-9,16,33,42,46
7,30,14,-36,-13,22,-35,-8,17,34,43,46
9,32,14,-38,-12,23,-34,-6,19,36,44,47
10,33,13,-39,-10,23,-34,-5,21,36,45,48
10,32,13,-38,-10,22,-34,-4,21,36,44,47
8,30,12,-37,-10,20,-35,-4,20,35,43,46
7,28,11,-35,-10,19,-36,-3,19,34,42,45
7,27,11,-35,-10,19,-36,-2,19,35,42,45
8,27,10,-35,-10,18,-35,0,20,36,43,46
8,26,9,-35,-10,17,-35,1,21,36,43,46
8,25,8,-35,-10,17,-35,2,21,37,43,45
8,25,8,-35,-10,16,-35,2,21,37,43,45
8,26,7,-35,-9,17,-34,3,22,38,43,45
9,26,7,-35,-8,17,-33,4,22,38,43,45
8,25,7,-34,-8,16,-33,5,21,37,42,44
8,23,6,-34,-8,14,-33,6,19,36,41,43
9,23,5,-35,-7,14,-32,7,19,36,41,42
10,24,4,-36,-6,14,-31,9,19,37,41,42
11,23,3,-36,-5,13,-31,9,19,37,41,42
12,22,2,-36,-4,12,-30,10,18,37,40,41
