leadI,leadII,leadIII,leadaVR,leadaVL,leadaVF,leadV1,leadV2,leadV3,leadV4,leadV5,leadV6
0,4,5,-2,-3,5,0,0,1,2,0,1
-2,10,12,-4,-7,12,-1,1,2,4,1,2
-3,13,16,-5,-9,15,-2,2,3,5,1,3
-3,14,17,-5,-10,16,-3,4,4,5,0,2
0,16,17,-8,-8,17,-5,7,5,5,0,2
5,21,16,-13,-5,18,-7,10,6,6,0,3
6,21,15,-15,-4,18,-10,10,6,6,0,2
3,17,15,-11,-5,16,-12,7,5,5,-1,2
1,15,15,-9,-6,15,-13,5,5,6,0,3
0,13,13,-7,-6,13,-13,1,3,5,0,3
-2,8,11,-4,-5,10,-16,-2,0,3,-2,1
-3,6,10,-3,-5,8,-17,-4,-3,0,-4,0
-3,8,11,-3,-6,10,-17,-2,-4,0,-5,0
-2,11,12,-5,-6,12,-15,1,-3,0,-5,0
0,12,13,-6,-6,12,-14,4,-2,0,-5,0
0,12,12,-6,-6,11,-14,4,-2,0,-5,-1
-1,9,10,-4,-6,9,-14,1,-2,0,-6,-2
-3,5,9,-1,-6,7,-14,-1,-3,-1,-6,-2
-4,2,7,0,-6,4,-14,-2,-4,-1,-6,-2
-4,0,4,1,-4,2,-13,-2,-5,-1,-6,-3
-4,0,3,2,-3,1,-13,-1,-6,-3,-7,-4
-5,0,4,3,-5,2,-13,0,-7,-4,-8,-5
-5,1,6,2,-6,4,-12,2,-6,-4,-8,-5
-2,6,7,-1,-4,6,-10,4,-4,-3,-8,-4
1,9,7,-5,-2,8,-9,4,-4,-1,-7,-3
2,9,7,-6,-1,8,-8,3,-4,0,-6,-3
1,7,6,-5,-1,7,-7,2,-4,0,-6,-2
0,5,5,-3,-2,6,-7,2,-4,0,-5,-2
0,4,4,-2,-2,4,-7,2,-4,0,-6,-2
-1,2,4,0,-2,3,-8,3,-5,-2,-7,-4
-4,0,4,1,-4,2,-8,4,-6,-4,-9,-6
-7,0,6,3,-6,2,-8,3,-7,-6,-11,-8
-9,-1,8,4,-8,3,-8,2,-9,-7,-12,-9
-11,-2,9,6,-10,3,-9,0,-10,-8,-14,-11
-13,-5,8,8,-10,2,-9,-2,-11,-9,-15,-11
-12,-6,7,9,-10,1,-8,-2,-12,-8,-15,-11
-12,-7,6,10,-9,0,-8,-1,-12,-8,-15,-11
-13,-8,6,11,-10,0,-9,0,-12,-9,-16,-12
-13,-6,6,10,-10,0,-9,2,-11,-9,-16,-13
-10,-2,6,6,-8,2,-7,4,-10,-8,-14,-11
-6,1,6,2,-6,3,-6,6,-9,-7,-13,-10
-6,1,6,2,-6,3,-6,5,-9,-6,-12,-9
-8,-1,6,4,-7,2,-7,3,-10,-7,-13,-10
-9,-3,5,6,-7,1,-8,1,-12,-8,-14,-11
-10,-7,3,9,-7,-1,-9,0,-13,-9,-15,-12
-11,-9,2,10,-7,-2,-9,1,-13,-10,-16,-13
-11,-8,3,10,-7,-2,-8,3,-12,-10,-16,-12
-12,-8,5,10,-8,-1,-8,5,-11,-9,-15,-12
-13,-10,4,11,-8,-3,-9,4,-12,-10,-16,-13
-11,-10,1,10,-6,-4,-10,3,-14,-11,-17,-14
-7,-7,0,6,-3,-3,-8,3,-13,-9,-15,-13
-6,-4,2,4,-4,0,-6,4,-11,-7,-13,-11
-7,-3,5,5,-6,1,-5,5,-10,-6,-12,-9
-7,-3,5,5,-6,1,-5,5,-10,-6,-12,-9
-6,-3,3,4,-4,0,-6,6,-10,-6,-12,-10
-5,-2,2,4,-3,0,-5,8,-9,-6,-12,-10
-7,-4,2,5,-4,-1,-6,8,-10,-7,-13,-10
-12,-10,2,11,-6,-4,-8,6,-12,-9,-14,-12
-16,-14,1,14,-8,-6,-9,4,-13,-10,-15,-14
-12,-13,0,12,-6,-6,-8,3,-13,-9,-14,-13
-9,-11,-1,9,-4,-5,-7,3,-12,-8,-13,-12
-9,-10,0,9,-4,-5,-7,3,-12,-7,-13,-11
-9,-9,0,9,-5,-4,-7,4,-12,-8,-14,-12
-9,-8,1,8,-5,-3,-7,4,-12,-8,-14,-13
-7,-5,2,6,-5,-1,-7,5,-12,-8,-14,-13
-8,-6,2,6,-5,-1,-7,6,-11,-8,-14,-13
-12,-9,3,10,-7,-3,-6,6,-12,-8,-14,-13
-15,-12,3,13,-8,-4,-6,5,-13,-9,-15,-14
-15,-13,3,13,-8,-4,-4,6,-12,-9,-15,-14
-13,-9,4,11,-8,-2,-2,9,-10,-7,-13,-12
-10,-6,4,8,-7,-1,-2,11,-8,-4,-12,-11
-6,-5,1,6,-4,-1,-3,12,-6,-2,-10,-9
-4,-4,0,4,-2,-2,-3,14,-3,1,-7,-7
-3,-5,-2,4,0,-3,-4,16,1,6,-2,-3
-1,-8,-7,5,3,-8,-5,19,8,12,3,1
6,-9,-16,1,11,-12,-6,25,19,23,13,10
19,-6,-25,-7,23,-15,-6,34,34,38,27,21
32,-3,-35,-15,34,-18,-6,44,52,55,43,35
45,0,-45,-23,45,-21,-7,54,70,73,60,50
59,7,-52,-33,55,-21,-7,63,88,90,77,64
69,14,-55,-41,62,-20,-9,69,104,106,93,78
73,18,-55,-45,64,-19,-12,71,114,117,106,90
71,22,-49,-47,61,-14,-15,67,115,120,111,96
66,30,-37,-48,52,-3,-14,60,105,111,104,92
53,34,-19,-44,36,8,-10,48,82,87,81,74
33,33,0,-34,17,17,-5,32,48,52,49,47
13,30,17,-21,-2,24,-3,12,10,16,15,19
-5,23,29,-9,-17,27,-4,-9,-25,-16,-14,-4
-21,14,36,3,-29,25,-7,-28,-53,-41,-37,-24
-34,5,38,14,-36,21,-9,-42,-73,-59,-54,-39
-43,-7,35,24,-39,14,-13,-54,-87,-72,-66,-50
-48,-18,30,33,-39,6,-17,-62,-96,-81,-74,-59
-49,-25,24,37,-36,-1,-19,-67,-101,-86,-79,-64
-48,-31,17,39,-32,-7,-22,-69,-103,-89,-81,-66
-47,-37,10,41,-28,-13,-24,-68,-102,-89,-82,-68
-47,-43,4,44,-26,-19,-25,-66,-98,-87,-81,-68
-45,-46,-1,45,-22,-23,-24,-60,-91,-82,-77,-66
-38,-43,-5,40,-17,-24,-20,-49,-80,-73,-69,-60
-30,-37,-7,33,-11,-22,-15,-37,-67,-61,-60,-52
-26,-34,-8,29,-8,-21,-12,-26,-56,-51,-51,-44
-23,-32,-9,27,-6,-21,-10,-17,-46,-41,-43,-38
-19,-29,-9,24,-4,-19,-9,-10,-38,-33,-36,-31
-15,-25,-9,20,-2,-17,-8,-5,-32,-26,-30,-26
-13,-21,-8,16,-2,-14,-8,-2,-27,-21,-25,-22
-9,-14,-5,11,-2,-9,-6,0,-24,-17,-22,-19
-6,-8,-2,7,-2,-4,-4,3,-21,-14,-19,-16
-6,-6,0,6,-3,-2,-3,4,-19,-12,-17,-14
-8,-7,1,7,-4,-2,-3,5,-18,-11,-16,-13
-10,-9,1,9,-5,-3,-4,5,-17,-10,-15,-13
-9,-10,0,9,-4,-4,-5,5,-17,-10,-15,-12
-8,-9,-1,8,-3,-4,-5,5,-16,-9,-14,-12
-7,-9,-1,7,-3,-4,-5,6,-15,-8,-14,-11
-8,-10,-1,8,-4,-5,-6,6,-15,-9,-14,-12
-9,-11,-1,9,-4,-6,-6,6,-15,-9,-15,-13
-8,-9,-1,8,-3,-5,-5,6,-14,-9,-14,-12
-6,-6,-1,5,-2,-4,-5,7,-14,-8,-13,-11
-6,-5,0,4,-3,-2,-5,7,-13,-7,-12,-11
-5,-4,1,4,-2,-1,-5,8,-13,-6,-11,-10
-4,-5,0,4,-1,-2,-5,8,-12,-6,-11,-9
-5,-8,-2,6,-1,-4,-6,7,-13,-6,-11,-10
-7,-11,-3,8,-2,-7,-7,6,-13,-7,-12,-11
-7,-11,-4,8,-1,-7,-7,6,-14,-7,-13,-11
-6,-8,-3,7,-1,-5,-6,6,-13,-7,-13,-11
-5,-5,-1,6,-2,-3,-6,7,-13,-7,-12,-10
-5,-4,1,5,-3,-1,-6,7,-13,-7,-12,-10
-5,-3,1,4,-3,0,-6,7,-13,-7,-12,-10
-4,-3,1,4,-3,-1,-7,8,-13,-7,-11,-10
-4,-5,0,4,-2,-2,-6,9,-12,-6,-10,-9
-1,-5,-3,3,0,-3,-6,10,-11,-5,-9,-8
1,-4,-4,1,3,-4,-6,10,-11,-5,-9,-8
1,-4,-5,1,3,-4,-6,10,-12,-5,-9,-9
-3,-6,-3,5,1,-5,-6,9,-12,-6,-9,-9
-5,-7,-3,6,0,-5,-6,10,-11,-6,-9,-8
-4,-6,-3,5,0,-4,-5,10,-11,-5,-8,-7
-4,-7,-3,5,0,-4,-6,10,-11,-5,-8,-8
-5,-8,-2,5,-1,-5,-7,9,-12,-6,-9,-9
-5,-7,-1,5,-1,-4,-7,9,-13,-6,-9,-9
-3,-3,0,2,-1,-2,-6,10,-12,-5,-9,-9
2,1,-1,-2,1,0,-5,12,-11,-4,-7,-7
3,2,-2,-3,3,0,-4,13,-10,-3,-6,-7
0,-2,-2,0,2,-2,-5,12,-11,-4,-7,-7
-2,-4,-2,2,1,-3,-7,11,-11,-5,-8,-8
0,-2,-1,1,1,-1,-7,12,-11,-5,-7,-7
0,0,1,0,0,1,-5,13,-9,-3,-5,-6
0,1,2,-1,-1,2,-4,14,-8,-1,-4,-5
2,3,1,-3,0,3,-4,14,-8,-1,-3,-4
1,2,1,-2,0,3,-5,13,-9,-3,-4,-5
-4,-2,2,3,-3,0,-7,12,-11,-5,-6,-7
-8,-6,1,6,-4,-1,-8,11,-12,-6,-7,-7
-8,-7,0,7,-3,-3,-8,10,-12,-6,-7,-7
-8,-7,1,6,-4,-2,-7,11,-12,-6,-6,-7
-8,-6,2,6,-5,-2,-7,11,-11,-5,-6,-6
-9,-8,1,7,-5,-3,-8,9,-12,-6,-7,-7
-8,-7,1,7,-4,-3,-9,8,-12,-6,-7,-7
-6,-4,2,5,-4,-1,-8,9,-11,-5,-6,-6
-6,-3,2,4,-4,0,-7,9,-11,-5,-5,-5
-7,-4,2,5,-3,-1,-8,8,-12,-6,-6,-5
-5,-4,1,4,-2,-1,-8,8,-13,-6,-6,-5
-4,-5,0,4,-1,-2,-9,7,-13,-7,-6,-6
-5,-7,0,5,-2,-3,-9,7,-13,-6,-6,-6
-5,-6,0,5,-3,-3,-8,8,-12,-5,-5,-4
-4,-4,1,3,-3,-1,-7,9,-11,-4,-4,-3
-3,-1,1,2,-2,0,-7,9,-11,-4,-4,-3
-1,1,2,0,-2,1,-7,10,-11,-4,-3,-3
-2,2,3,0,-2,2,-7,9,-12,-4,-3,-3
-3,1,4,1,-3,2,-8,8,-13,-5,-4,-3
-1,3,5,-1,-2,4,-8,8,-13,-4,-3,-2
2,5,4,-3,0,5,-8,8,-13,-4,-2,-1
2,5,4,-3,0,4,-9,7,-14,-5,-3,-2
1,4,4,-3,-1,4,-9,6,-14,-6,-4,-3
1,5,4,-3,-2,5,-9,6,-14,-6,-5,-3
0,5,4,-2,-2,5,-9,5,-15,-7,-5,-4
1,5,4,-2,-1,5,-10,4,-16,-8,-6,-5
2,7,4,-4,0,6,-10,3,-18,-9,-7,-5
3,9,5,-6,0,8,-10,3,-18,-9,-6,-4
3,9,6,-6,0,8,-9,3,-17,-8,-5,-3
2,7,6,-5,-1,7,-10,2,-18,-9,-7,-4
0,5,5,-3,-2,5,-11,0,-20,-11,-8,-5
1,4,4,-3,-1,4,-11,0,-20,-11,-9,-5
1,3,3,-3,-1,3,-11,-1,-21,-11,-9,-5
0,2,3,-2,-1,3,-11,-1,-22,-12,-9,-5
0,3,3,-3,-1,4,-11,-2,-23,-12,-8,-5
0,4,5,-3,-2,5,-11,-2,-23,-12,-8,-5
-1,5,6,-3,-3,6,-11,-3,-24,-13,-9,-6
-1,5,7,-3,-4,6,-12,-4,-25,-14,-9,-6
0,6,7,-3,-4,6,-12,-5,-26,-14,-9,-7
0,6,8,-3,-4,6,-12,-5,-26,-14,-9,-7
-1,5,7,-3,-4,6,-12,-5,-26,-15,-10,-7
-3,3,7,-1,-5,5,-12,-6,-27,-16,-11,-8
-5,2,8,1,-7,5,-12,-7,-28,-17,-11,-8
-5,3,9,0,-7,6,-11,-7,-28,-16,-10,-7
-3,4,8,0,-5,6,-11,-7,-28,-16,-9,-7
-3,3,7,0,-5,5,-11,-8,-29,-16,-10,-7
-3,3,7,0,-5,6,-12,-9,-30,-17,-11,-8
0,6,8,-3,-4,7,-11,-9,-30,-17,-11,-8
4,10,7,-7,-1,9,-12,-9,-30,-18,-11,-8
6,11,6,-9,0,9,-12,-9,-31,-19,-12,-9
5,11,6,-8,0,8,-13,-11,-32,-20,-13,-10
3,9,6,-7,0,8,-13,-11,-32,-20,-13,-10
2,9,6,-6,-1,8,-11,-11,-31,-19,-12,-9
-1,7,7,-3,-3,8,-11,-10,-31,-18,-11,-8
-4,4,8,0,-5,6,-12,-11,-31,-19,-11,-9
-5,2,7,1,-5,5,-12,-12,-32,-19,-12,-9
-4,3,7,0,-5,5,-12,-11,-31,-19,-12,-9
-2,6,9,-2,-5,7,-11,-10,-30,-18,-11,-8
-1,9,10,-4,-5,9,-10,-10,-30,-17,-10,-7
-1,9,9,-4,-5,9,-11,-10,-30,-18,-10,-8
-2,6,8,-2,-5,7,-12,-11,-30,-18,-10,-9
-4,3,7,0,-6,5,-12,-12,-30,-19,-11,-9
-5,2,6,1,-6,4,-12,-12,-30,-19,-10,-9
-4,1,6,1,-5,4,-12,-11,-30,-18,-10,-8
-3,1,5,1,-3,3,-12,-11,-29,-18,-10,-8
-1,1,3,0,-2,2,-13,-11,-29,-18,-10,-9
0,2,3,-1,-1,3,-12,-11,-28,-17,-10,-9
0,3,3,-1,-1,3,-12,-10,-27,-16,-9,-9
-2,2,3,0,-2,3,-11,-10,-26,-15,-9,-9
0,3,3,-2,-1,3,-10,-9,-24,-14,-7,-7
6,7,1,-7,3,4,-9,-7,-22,-13,-6,-6
8,7,0,-8,4,4,-8,-6,-21,-12,-5,-5
3,4,1,-4,1,3,-8,-6,-20,-11,-5,-5
0,1,2,0,-1,1,-9,-6,-20,-11,-5,-6
-1,0,1,1,-1,0,-9,-7,-20,-12,-6,-6
-1,0,1,1,0,0,-9,-7,-20,-12,-6,-7
0,0,0,0,0,0,-9,-7,-20,-12,-6,-7
0,0,0,0,0,0,-9,-7,-20,-12,-7,-7
0,-1,0,0,0,0,-9,-7,-20,-12,-7,-8
-1,-1,0,0,0,0,-9,-7,-20,-13,-8,-9
0,-2,-1,1,0,-1,-10,-8,-20,-13,-9,-9
0,-3,-3,1,1,-2,-9,-8,-19,-13,-9,-9
0,-2,-2,1,1,-2,-8,-7,-19,-12,-8,-9
-2,-2,-1,2,0,-1,-7,-7,-19,-12,-8,-8
-3,-3,-1,3,-1,-2,-7,-7,-19,-12,-8,-9
-4,-6,-3,4,0,-4,-7,-8,-19,-13,-8,-9
-3,-7,-4,4,1,-6,-7,-8,-19,-13,-9,-10
0,-6,-5,3,2,-6,-7,-7,-18,-12,-8,-10
1,-5,-6,2,3,-6,-6,-7,-18,-12,-8,-10
1,-5,-6,2,4,-6,-6,-7,-17,-12,-8,-10
1,-5,-6,2,4,-6,-6,-7,-17,-12,-8,-10
0,-5,-5,2,3,-5,-6,-8,-17,-12,-9,-10
0,-4,-4,2,2,-3,-6,-8,-17,-12,-9,-10
1,-3,-4,0,3,-3,-5,-7,-16,-12,-9,-9
1,-4,-6,1,4,-5,-4,-7,-15,-11,-8,-9
0,-6,-5,2,2,-5,-5,-7,-15,-11,-8,-9
-2,-6,-3,4,0,-4,-5,-7,-14,-11,-8,-9
-4,-6,-1,4,-2,-3,-4,-6,-14,-11,-8,-8
-3,-5,-2,3,-1,-3,-4,-6,-13,-11,-7,-8
-1,-4,-3,2,0,-3,-3,-6,-13,-10,-7,-7
-1,-4,-3,2,1,-3,-2,-5,-12,-9,-6,-6
-3,-6,-4,4,0,-4,-2,-5,-11,-9,-5,-6
-5,-9,-5,7,0,-6,-2,-5,-11,-9,-6,-6
-3,-8,-6,5,1,-6,-2,-5,-10,-8,-5,-6
0,-5,-5,2,2,-5,-1,-4,-9,-7,-4,-5
1,-2,-4,0,1,-3,0,-4,-8,-7,-4,-5
5,2,-3,-4,3,0,0,-3,-7,-6,-3,-4
9,7,-2,-9,5,2,1,-2,-6,-5,-2,-3
10,7,-3,-9,6,2,1,-2,-6,-5,-1,-3
9,4,-5,-7,7,0,0,-3,-6,-5,-1,-4
10,3,-6,-6,8,-1,0,-3,-5,-5,-1,-4
7,0,-7,-4,7,-2,0,-3,-5,-6,-2,-4
3,-3,-6,0,4,-4,-1,-4,-5,-6,-2,-5
0,-5,-5,2,2,-4,-1,-4,-5,-6,-2,-5
0,-4,-4,1,2,-4,-1,-4,-4,-6,-2,-5
2,-3,-5,0,3,-4,-2,-4,-5,-6,-2,-5
0,-5,-6,2,3,-6,-3,-5,-6,-7,-3,-6
-6,-9,-4,7,0,-6,-4,-6,-6,-7,-4,-6
-7,-6,0,7,-2,-3,-2,-4,-4,-5,-2,-5
1,3,1,-2,0,3,0,0,0,-2,1,-1
8,11,2,-9,3,7,1,2,2,0,3,0
10,12,2,-11,3,7,1,3,3,1,4,1
9,11,2,-11,3,6,1,3,3,1,4,2
8,10,2,-10,2,6,2,4,4,2,5,3
7,11,4,-10,1,7,3,5,5,3,6,4
6,12,5,-10,1,9,4,6,6,4,7,5
7,13,6,-10,1,10,5,7,8,5,8,6
9,15,5,-12,3,10,5,8,9,6,9,6
11,15,3,-13,4,9,5,9,10,7,9,6
10,14,3,-12,3,8,5,10,10,7,10,7
11,15,4,-13,3,9,5,10,11,8,10,8
11,16,4,-14,3,9,4,9,11,7,10,8
10,15,4,-13,3,9,3,8,10,6,10,7
10,14,4,-12,3,9,1,6,9,6,9,7
9,12,3,-11,4,8,-1,4,9,5,9,6
10,11,1,-11,5,6,-3,3,8,4,9,6
14,12,-1,-13,7,6,-5,2,8,4,9,7
14,11,-2,-13,7,4,-6,0,7,4,9,6
12,8,-4,-11,7,2,-7,-1,6,2,8,5
12,7,-4,-10,8,1,-7,-2,5,1,7,4
12,8,-4,-10,8,1,-7,-3,5,1,7,4
12,8,-3,-10,8,2,-6,-3,4,1,7,4
11,7,-4,-9,8,1,-5,-4,4,0,6,3
9,4,-5,-7,7,0,-6,-5,3,0,5,2
6,0,-5,-4,5,-1,-6,-6,3,-1,5,2
4,0,-4,-2,4,-2,-5,-5,3,0,5,2
5,0,-5,-2,4,-2,-3,-5,3,0,5,2
5,0,-5,-2,5,-3,-2,-4,3,0,4,2
6,0,-5,-3,5,-2,-1,-4,4,0,4,2
7,2,-5,-5,6,-1,0,-3,4,0,4,2
7,2,-4,-5,6,0,0,-3,4,-1,4,2
3,0,-4,-2,4,-1,0,-4,3,-2,3,1
0,-3,-4,1,2,-2,0,-4,3,-2,3,0
0,-4,-3,2,1,-2,2,-3,3,-2,3,0
2,-2,-4,0,3,-2,3,-2,4,-1,4,1
6,0,-6,-3,6,-2,3,-2,3,-2,3,0
7,1,-6,-4,6,-2,2,-3,3,-2,2,0
4,1,-3,-3,4,-1,2,-3,2,-3,2,0
0,-1,-1,0,1,-1,3,-3,2,-3,2,0
-1,-2,-1,1,0,-1,4,-2,2,-3,1,-1
-2,-4,-2,2,0,-2,4,-3,1,-4,0,-2
-4,-7,-2,6,-1,-3,3,-4,0,-7,-2,-5
-8,-10,-2,9,-3,-5,2,-6,-2,-9,-5,-8
-9,-11,-2,10,-4,-6,2,-7,-3,-10,-6,-9
-9,-10,-1,9,-3,-6,3,-6,-3,-10,-6,-9
-5,-8,-2,6,-1,-6,4,-6,-2,-10,-6,-8
-2,-6,-4,4,1,-5,4,-5,-2,-10,-5,-8
0,-4,-4,2,2,-4,5,-5,-1,-9,-4,-7
-1,-3,-2,2,0,-2,6,-4,0,-8,-3,-6
-2,-4,-1,3,0,-2,6,-4,0,-8,-3,-6
-1,-4,-2,3,0,-2,6,-5,0,-9,-4,-7
0,-2,-1,1,0,-1,6,-5,0,-8,-4,-7
-1,-1,0,1,0,0,7,-4,0,-8,-4,-7
-1,-1,-1,0,0,-1,6,-4,0,-8,-5,-7
0,-2,-2,0,1,-2,6,-4,-1,-8,-5,-8
-1,-4,-3,2,1,-3,6,-4,-1,-8,-5,-8
-4,-6,-3,4,0,-4,6,-4,-1,-8,-5,-8
-6,-8,-2,7,-2,-4,6,-4,-1,-9,-5,-8
-8,-9,-1,9,-4,-4,6,-4,-1,-9,-6,-8
-9,-10,-1,10,-4,-5,6,-4,-2,-10,-6,-8
-10,-12,-2,11,-4,-7,5,-5,-2,-10,-7,-9
-11,-12,-1,11,-4,-7,5,-5,-2,-10,-7,-9
-10,-11,-1,10,-3,-7,5,-6,-2,-10,-7,-9
-9,-11,-3,10,-2,-7,4,-7,-3,-11,-8,-10
-9,-12,-3,10,-2,-7,4,-7,-3,-11,-8,-10
-11,-12,0,11,-5,-5,6,-6,-2,-10,-7,-8
-12,-11,1,11,-6,-4,7,-5,-1,-9,-6,-7
-7,-9,0,7,-3,-3,7,-4,-1,-9,-5,-7
-3,-7,-3,4,0,-4,8,-4,0,-8,-5,-7
-3,-8,-5,5,1,-6,7,-4,-1,-9,-5,-8
-4,-10,-6,7,1,-8,6,-5,-1,-9,-6,-9
-2,-8,-6,5,2,-7,7,-5,-1,-9,-6,-8
-1,-5,-5,3,2,-5,7,-5,-1,-8,-6,-8
-3,-7,-4,5,0,-5,7,-5,-2,-9,-6,-9
-5,-8,-4,6,0,-5,8,-5,-1,-9,-6,-9
-4,-7,-3,5,0,-5,9,-3,0,-8,-5,-8
-6,-8,-2,6,-1,-5,11,-2,0,-8,-5,-8
-8,-8,-1,7,-3,-5,11,-2,0,-9,-6,-9
-9,-7,1,8,-4,-4,12,-1,0,-9,-7,-9
-9,-6,3,7,-6,-2,12,0,1,-8,-6,-8
-9,-5,4,7,-6,-1,12,1,3,-5,-4,-6
-7,-4,2,6,-4,-1,12,3,7,-1,-1,-3
-2,-3,-1,3,0,-1,12,6,12,3,3,0
3,-3,-6,0,5,-4,12,11,19,11,10,5
9,-5,-13,-2,11,-8,12,18,31,21,20,13
17,-3,-19,-7,18,-11,12,27,45,35,32,23
28,2,-25,-15,27,-12,12,36,62,51,48,35
39,6,-33,-23,36,-14,11,45,80,69,64,49
49,8,-40,-29,44,-16,10,52,98,87,81,64
57,12,-45,-35,51,-16,8,57,114,104,98,79
69,20,-49,-45,59,-14,5,60,128,119,114,93
79,31,-47,-55,63,-7,4,59,134,128,124,104
77,39,-38,-58,57,0,4,52,127,122,122,104
62,38,-24,-50,43,7,3,37,104,99,103,88
41,30,-11,-36,26,9,1,15,69,62,70,61
20,19,-2,-20,11,8,-2,-11,27,21,34,32
0,7,6,-5,-3,7,-6,-38,-13,-17,0,4
-17,-3,12,9,-15,5,-9,-61,-47,-48,-27,-19
-27,-10,16,18,-22,3,-10,-76,-71,-69,-47,-36
-33,-16,16,24,-25,1,-10,-85,-86,-83,-60,-48
-39,-24,14,31,-26,-5,-12,-90,-94,-92,-70,-57
-41,-31,10,35,-26,-10,-14,-92,-98,-98,-76,-64
-41,-35,5,37,-23,-15,-15,-92,-99,-99,-78,-67
-41,-40,1,40,-21,-20,-15,-89,-96,-98,-78,-68
-41,-43,-3,41,-19,-23,-13,-83,-90,-93,-76,-67
-36,-42,-7,39,-15,-24,-8,-74,-80,-85,-70,-62
-30,-39,-10,34,-10,-24,-3,-61,-68,-75,-62,-56
-26,-37,-11,30,-7,-23,1,-49,-56,-64,-54,-50
-22,-35,-12,28,-5,-23,4,-39,-44,-55,-46,-43
-19,-32,-12,25,-3,-21,5,-31,-35,-46,-38,-37
-17,-25,-8,20,-4,-17,6,-24,-27,-37,-31,-30
-16,-19,-4,17,-5,-12,7,-20,-20,-30,-24,-24
-16,-17,-1,16,-7,-9,8,-18,-17,-25,-20,-21
-16,-15,0,15,-8,-7,8,-16,-14,-22,-18,-19
-15,-13,2,14,-8,-5,10,-15,-12,-20,-16,-17
-13,-11,2,12,-8,-4,11,-13,-10,-17,-14,-15
-12,-9,3,10,-8,-3,11,-12,-8,-15,-13,-14
-11,-9,3,9,-8,-3,11,-10,-7,-14,-11,-13
-12,-9,3,9,-8,-3,10,-10,-6,-13,-11,-12
-12,-9,3,10,-8,-3,10,-9,-5,-13,-10,-12
-13,-9,3,11,-8,-3,10,-9,-4,-12,-9,-11
-11,-8,3,9,-7,-2,11,-8,-3,-11,-9,-11
-9,-7,2,8,-5,-2,12,-8,-3,-11,-9,-11
-11,-9,2,10,-6,-3,11,-9,-3,-12,-10,-11
-14,-11,3,12,-9,-4,10,-9,-4,-13,-11,-12
-15,-11,4,13,-10,-3,10,-9,-4,-12,-11,-12
-16,-10,5,13,-11,-2,10,-8,-3,-11,-9,-11
-17,-11,5,13,-11,-2,10,-7,-2,-10,-8,-10
-16,-11,4,13,-10,-3,10,-6,-1,-9,-8,-10
-14,-11,2,12,-9,-4,10,-6,-1,-9,-7,-9
-11,-9,1,10,-7,-3,11,-6,0,-8,-7,-9
-7,-6,1,7,-5,-2,12,-5,0,-8,-7,-9
-6,-4,3,5,-5,0,12,-5,0,-7,-7,-8
-6,-2,5,4,-7,2,12,-5,0,-7,-7,-8
-5,-1,4,3,-6,2,11,-6,0,-8,-7,-9
-4,0,2,2,-4,1,10,-6,0,-8,-7,-9
-3,-1,1,2,-2,0,10,-6,0,-8,-7,-8
-4,-3,0,4,-2,-1,11,-6,0,-7,-6,-7
-5,-4,0,5,-3,-1,11,-6,0,-7,-6,-7
-4,-4,0,5,-3,-1,12,-6,0,-6,-6,-7
-5,-4,0,5,-3,-1,12,-6,0,-6,-6,-7
-6,-5,1,5,-4,-1,12,-5,1,-6,-6,-7
-8,-5,3,6,-6,-1,12,-5,1,-6,-5,-7
-9,-4,4,6,-7,0,12,-4,2,-5,-5,-7
-9,-2,6,5,-8,2,13,-3,3,-4,-4,-6
-9,-1,7,5,-8,3,13,-2,4,-4,-3,-5
-9,-1,8,5,-8,3,13,-2,4,-4,-3,-5
-9,-1,7,6,-8,3,13,-2,4,-4,-3,-5
-9,-2,7,6,-8,2,13,-3,4,-4,-4,-6
-8,-2,7,5,-8,2,13,-2,4,-4,-3,-5
-6,1,7,2,-7,3,14,-1,5,-3,-2,-4
-6,1,7,2,-7,4,13,-1,5,-3,-2,-4
-10,-2,8,6,-9,3,11,-3,3,-5,-4,-6
-14,-4,9,10,-12,2,10,-5,2,-6,-6,-7
-12,-2,9,8,-10,3,10,-4,3,-6,-5,-6
-5,2,7,3,-6,4,11,-3,4,-5,-4,-5
-1,4,5,0,-3,4,12,-3,4,-4,-3,-5
-2,2,4,0,-3,3,12,-2,5,-4,-3,-4
-9,-4,5,6,-8,0,11,-2,4,-4,-3,-5
-13,-7,5,10,-10,-1,11,-2,4,-5,-4,-5
-10,-5,4,8,-7,0,10,-2,4,-5,-4,-5
-4,-1,3,3,-4,1,10,-2,4,-4,-3,-5
-3,1,4,2,-3,2,10,-2,5,-4,-2,-4
-7,-1,6,5,-7,2,9,-2,4,-4,-3,-5
-11,-4,7,7,-9,1,9,-3,3,-5,-4,-6
-9,-4,5,6,-6,0,8,-4,3,-5,-4,-6
-6,-5,2,5,-4,-1,8,-5,2,-6,-5,-7
-5,-3,2,3,-4,0,8,-5,3,-5,-4,-6
-4,1,5,1,-5,4,10,-3,4,-3,-2,-4
-5,3,7,0,-6,6,10,-2,5,-1,0,-2
-6,2,8,1,-7,5,9,-2,5,-1,0,-2
-6,2,8,1,-7,5,9,-2,5,-1,0,-2
-4,5,9,0,-7,7,9,-1,6,-1,0,-1
-3,6,10,-1,-7,8,10,-1,6,0,1,0
-5,5,10,0,-8,8,10,-1,6,0,1,0
-7,4,11,1,-9,8,10,-2,6,0,1,-1
-8,3,11,2,-10,8,9,-2,5,0,1,-1
-9,4,12,2,-10,9,9,-2,5,0,1,-1
-9,5,13,2,-10,9,8,-2,5,0,1,-1
-10,5,14,3,-11,9,7,-3,5,-1,0,-1
-10,5,15,2,-12,10,7,-3,4,-2,0,-2
-9,7,16,1,-12,11,7,-4,4,-2,0,-2
-9,6,15,1,-12,11,7,-4,3,-2,0,-1
-9,5,14,1,-11,10,7,-4,3,-2,0,-1
-9,4,13,2,-11,9,6,-4,2,-2,0,-1
-10,3,13,3,-11,9,5,-5,2,-3,-1,-1
-8,5,13,1,-11,9,6,-5,2,-3,0,-1
-6,8,14,-1,-10,11,6,-4,2,-2,0,0
-6,8,14,0,-10,11,6,-5,1,-3,0,0
-6,7,13,0,-10,10,6,-5,1,-2,0,0
-4,9,14,-3,-9,12,7,-4,2,-1,2,1
-2,11,14,-5,-8,13,8,-3,3,0,3,2
-1,13,14,-6,-8,14,8,-3,2,0,2,2
0,13,13,-7,-7,14,7,-4,1,-1,1,2
0,13,13,-7,-6,13,7,-5,1,-2,0,1
1,15,14,-8,-6,15,7,-5,1,-2,1,1
2,17,15,-10,-6,16,8,-4,2,-1,2,2
2,17,15,-9,-6,16,8,-5,1,-1,2,2
2,16,15,-9,-7,15,8,-6,0,-2,1,1
0,14,15,-7,-8,15,7,-7,-1,-3,0,0
-2,12,14,-4,-9,13,7,-7,-1,-4,0,0
-2,10,13,-3,-8,12,6,-8,-2,-5,-1,0
-3,9,12,-3,-8,12,5,-9,-3,-6,-2,-1
-4,9,12,-2,-8,11,4,-10,-4,-7,-3,-2
-4,9,13,-2,-8,12,3,-12,-5,-8,-4,-3
-2,10,12,-3,-7,11,3,-12,-6,-8,-4,-3
-1,10,11,-4,-6,10,3,-12,-6,-8,-4,-3
-2,9,12,-3,-7,11,4,-11,-5,-7,-3,-2
-4,9,14,-2,-9,12,5,-10,-3,-6,-2,-1
-5,9,15,-2,-10,12,5,-9,-3,-5,-1,-1
-3,11,14,-3,-9,13,5,-10,-3,-6,-2,-1
-1,12,12,-5,-7,12,4,-10,-4,-6,-3,-1
-3,9,12,-3,-8,10,4,-11,-4,-7,-3,-2
-5,6,11,0,-9,9,3,-12,-4,-7,-4,-2
-6,5,11,1,-9,8,3,-13,-5,-7,-4,-2
-5,6,12,0,-9,9,2,-13,-5,-8,-4,-3
-4,7,12,-1,-8,10,1,-13,-6,-8,-5,-3
-2,8,11,-2,-7,10,1,-13,-5,-7,-4,-3
-3,8,11,-2,-7,10,2,-12,-4,-6,-3,-2
-2,9,11,-3,-7,10,3,-11,-3,-5,-2,-1
-1,10,11,-4,-5,10,3,-11,-2,-4,-1,0
0,10,9,-4,-4,10,3,-11,-2,-4,-1,0
0,9,8,-4,-4,9,3,-11,-2,-4,-2,0
0,8,7,-4,-3,8,3,-11,-2,-4,-2,-1
-1,5,7,-2,-4,6,3,-11,-2,-5,-2,-1
-2,4,7,-1,-5,6,3,-10,-2,-5,-2,-2
-1,6,8,-2,-4,7,3,-10,-1,-4,-1,-1
-1,6,7,-3,-4,7,4,-9,0,-3,-1,-1
-1,6,7,-3,-3,7,4,-9,0,-3,-1,-1
0,7,6,-4,-2,7,4,-9,1,-3,-1,-1
1,7,6,-4,-2,7,5,-9,1,-2,0,-1
-2,4,6,-1,-4,6,5,-9,1,-2,0,-1
-3,2,6,0,-5,4,4,-9,1,-2,-1,-1
-1,1,3,0,-3,3,4,-9,1,-3,-1,-2
1,1,1,-1,0,2,4,-9,1,-3,-2,-2
3,3,0,-3,1,2,4,-8,1,-3,-2,-2
2,4,2,-3,0,3,4,-8,1,-3,-2,-2
0,4,4,-2,-1,4,4,-8,1,-3,-2,-3
0,5,5,-1,-3,4,5,-8,1,-4,-2,-3
-1,4,5,-1,-3,4,5,-8,1,-4,-2,-3
-4,0,4,2,-4,2,4,-9,0,-5,-2,-3
-7,-5,3,6,-6,0,4,-9,0,-5,-3,-4
-7,-5,3,6,-6,0,4,-9,0,-5,-3,-4
-4,0,3,2,-4,1,5,-8,1,-4,-2,-3
-3,1,4,1,-4,2,5,-8,1,-4,-1,-3
-6,-1,3,4,-5,1,4,-9,0,-5,-2,-4
-6,-3,1,5,-4,-1,4,-9,0,-5,-3,-5
-5,-3,1,4,-3,-1,5,-8,0,-5,-3,-4
-7,-3,4,5,-6,0,6,-7,1,-4,-2,-3
-8,-2,6,5,-7,2,6,-7,1,-4,-1,-2
-5,0,6,2,-6,3,6,-7,1,-4,-2,-3
-4,2,6,0,-5,4,6,-8,0,-5,-3,-4
-5,1,6,1,-6,4,6,-8,0,-5,-3,-4
-7,0,7,3,-7,4,6,-8,0,-5,-3,-3
-8,-1,6,5,-7,3,6,-8,0,-5,-3,-3
-8,-2,5,5,-6,1,6,-8,0,-5,-3,-4
-8,-2,5,5,-6,1,5,-9,0,-5,-3,-4
-7,-1,5,4,-6,1,6,-8,0,-5,-3,-3
-5,0,5,3,-5,1,6,-8,1,-4,-2,-3
-5,-1,3,3,-4,0,6,-8,1,-5,-3,-4
-6,-3,3,4,-5,0,6,-8,0,-5,-4,-5
-7,-3,3,5,-5,0,6,-8,0,-6,-4,-5
-7,-4,3,5,-5,0,5,-9,0,-6,-5,-6
-7,-4,3,6,-5,-1,5,-9,-1,-6,-5,-6
-7,-3,3,5,-5,0,5,-9,-1,-6,-5,-6
-5,-2,3,3,-4,0,5,-8,0,-5,-4,-5
-3,-1,2,2,-3,0,5,-7,0,-5,-3,-5
-3,-1,2,2,-3,0,5,-7,0,-5,-3,-5
-5,-2,4,3,-5,1,5,-8,0,-5,-3,-6
-9,-4,5,6,-7,1,5,-8,0,-5,-4,-6
-10,-4,6,6,-7,1,5,-8,0,-6,-4,-6
-8,-2,5,5,-6,1,5,-8,0,-5,-3,-5
-4,1,4,1,-3,2,6,-7,2,-4,-2,-4
0,5,5,-2,-2,4,7,-5,4,-2,0,-2
1,7,6,-5,-2,6,8,-4,5,0,1,0
1,8,8,-5,-3,8,7,-4,6,0,2,0
1,9,9,-5,-4,9,7,-3,6,1,3,0
2,11,9,-7,-3,10,8,-2,7,2,4,2
4,14,10,-9,-2,12,8,-1,9,4,6,3
4,15,11,-9,-3,13,9,0,10,5,7,4
2,14,12,-8,-5,13,9,0,10,5,7,4
0,13,13,-7,-6,13,9,0,10,5,7,4
0,14,14,-7,-7,14,9,0,11,6,7,5
1,14,13,-8,-6,13,10,1,12,7,8,5
4,14,11,-9,-4,12,10,2,12,8,8,5
5,14,9,-9,-2,11,9,2,13,8,8,6
5,13,8,-9,-2,10,9,2,13,8,8,6
7,16,8,-11,0,12,9,2,14,9,9,7
10,18,8,-14,1,13,9,2,14,9,10,8
9,16,7,-13,1,12,7,1,13,8,9,7
7,13,5,-10,1,9,4,-1,12,7,8,7
6,10,4,-8,1,7,1,-4,11,7,8,7
6,8,2,-7,1,5,-1,-5,11,7,8,7
6,6,1,-7,2,4,-3,-6,11,7,9,7
6,5,-1,-6,3,3,-4,-8,10,6,8,6
9,7,-2,-9,5,3,-5,-9,9,5,7,6
11,11,-1,-12,6,5,-4,-8,9,6,8,7
10,12,1,-11,5,6,-2,-8,10,7,9,7
8,11,2,-10,3,6,-1,-8,10,6,10,7
8,10,2,-9,3,6,0,-8,9,6,9,7
7,9,2,-8,2,5,0,-9,9,5,8,6
7,8,1,-7,2,4,0,-9,9,5,8,6
6,7,0,-6,3,3,1,-9,9,6,9,7
6,6,0,-6,3,2,2,-10,8,5,8,6
9,8,-1,-8,5,3,2,-10,7,4,7,5
12,10,-1,-11,6,4,3,-10,7,4,7,5
11,8,-2,-9,6,3,3,-10,7,3,6,4
7,4,-2,-5,5,0,2,-10,6,2,5,3
5,1,-3,-3,4,0,3,-10,6,2,5,3
4,0,-3,-2,4,-1,4,-9,6,2,5,3
2,-1,-4,0,3,-2,4,-9,6,1,4,2
3,-1,-4,-1,3,-3,5,-9,6,1,4,2
3,0,-4,-1,3,-2,5,-9,6,1,3,2
3,-1,-4,-1,3,-2,5,-9,5,0,3,1
2,-2,-4,0,3,-3,5,-10,5,0,2,0
0,-4,-4,1,2,-4,5,-10,4,0,2,0
-2,-5,-3,3,0,-4,5,-10,3,-1,1,-1
-4,-6,-1,5,-1,-3,5,-11,2,-2,0,-2
-6,-6,0,6,-3,-2,5,-11,2,-3,-1,-3
-9,-6,2,7,-6,-2,6,-11,1,-4,-2,-4
-11,-7,4,8,-7,-1,7,-10,1,-4,-2,-4
-11,-7,3,9,-7,-2,8,-10,1,-5,-3,-5
-11,-8,2,9,-6,-3,7,-11,0,-5,-3,-6
-8,-7,0,8,-4,-3,7,-11,-1,-6,-4,-7
-7,-7,-1,7,-3,-4,6,-12,-2,-8,-5,-8
-9,-9,0,9,-4,-5,5,-13,-3,-9,-6,-9
-13,-12,1,12,-7,-5,6,-13,-3,-8,-6,-8
-15,-11,3,13,-9,-4,6,-12,-2,-7,-5,-7
-11,-8,3,9,-8,-2,7,-12,-1,-7,-5,-7
-8,-5,2,6,-6,-1,7,-11,-1,-6,-4,-6
-7,-5,1,6,-5,-1,8,-11,0,-6,-4,-6
-7,-6,1,7,-5,-2,8,-10,0,-5,-3,-6
-11,-10,1,11,-6,-4,7,-11,-1,-6,-4,-6
-16,-16,0,16,-8,-8,6,-12,-2,-7,-5,-8
-16,-17,0,17,-8,-9,6,-11,-2,-7,-4,-8
-11,-11,0,11,-5,-6,8,-10,0,-5,-3,-6
-8,-7,0,7,-4,-4,8,-9,0,-4,-2,-6
-8,-8,0,7,-5,-4,8,-10,-1,-5,-3,-6
-7,-7,0,6,-4,-3,8,-10,-1,-5,-3,-6
-5,-6,0,5,-3,-3,8,-10,0,-5,-3,-6
-4,-5,0,5,-2,-2,8,-10,0,-5,-2,-5
-4,-4,0,4,-2,-1,9,-9,0,-5,-2,-5
-4,-3,1,4,-2,-1,10,-9,0,-5,-2,-5
-4,-2,1,3,-2,0,9,-9,0,-5,-2,-5
-3,-2,0,2,-2,-1,9,-9,0,-5,-3,-5
-3,-2,0,2,-2,-1,8,-10,-1,-5,-3,-6
-5,-4,0,4,-2,-2,8,-10,-1,-6,-4,-6
-8,-8,0,8,-4,-4,8,-10,-1,-6,-4,-7
-12,-11,1,11,-6,-5,8,-10,-1,-6,-4,-6
-12,-11,1,11,-6,-4,9,-9,-1,-6,-3,-6
-9,-9,0,9,-4,-4,9,-8,0,-5,-3,-5
-5,-7,-1,6,-2,-4,9,-7,0,-5,-2,-5
-6,-7,-1,6,-3,-4,9,-6,0,-5,-2,-5
-8,-8,0,8,-4,-5,10,-5,0,-5,-3,-6
-9,-10,-1,9,-4,-6,10,-5,0,-6,-4,-7
-10,-11,-1,10,-5,-6,11,-4,0,-6,-5,-7
-10,-11,0,10,-6,-4,11,-3,0,-5,-4,-7
-12,-10,2,11,-7,-3,11,-1,3,-3,-2,-5
-11,-9,3,10,-7,-3,11,0,6,0,1,-2
-6,-6,1,6,-3,-2,11,3,11,5,6,1
1,-3,-4,0,2,-3,11,8,18,12,12,7
9,-2,-10,-4,9,-6,11,14,29,21,20,14
17,-1,-18,-8,17,-9,11,22,42,33,31,23
26,0,-27,-14,26,-13,11,31,58,48,44,34
37,0,-36,-19,36,-17,10,40,75,65,59,47
46,0,-45,-23,45,-21,8,47,90,80,74,59
56,4,-51,-29,53,-23,5,51,105,94,89,72
69,13,-54,-40,61,-20,3,54,117,108,104,85
77,25,-51,-51,64,-13,2,54,124,116,115,96
74,33,-40,-54,57,-3,3,48,118,113,114,97
60,35,-25,-49,42,5,5,36,98,94,97,85
40,30,-10,-35,25,10,5,16,66,61,68,60
18,21,3,-19,7,12,3,-8,27,25,35,33
0,14,14,-6,-7,14,2,-32,-10,-8,5,9
-12,8,20,3,-16,14,0,-53,-42,-36,-19,-11
-22,0,22,11,-22,11,-3,-70,-67,-58,-39,-29
-29,-8,22,19,-25,6,-6,-80,-83,-73,-54,-42
-34,-16,19,25,-26,1,-8,-86,-92,-83,-63,-51
-38,-23,16,30,-27,-4,-11,-90,-97,-89,-70,-58
-42,-29,14,35,-28,-8,-12,-90,-98,-91,-73,-61
-46,-35,11,40,-29,-12,-12,-87,-95,-89,-73,-62
-45,-41,4,43,-26,-18,-11,-82,-90,-86,-71,-61
-44,-46,-2,45,-21,-23,-9,-75,-83,-80,-67,-59
-41,-47,-6,44,-17,-26,-6,-64,-72,-72,-60,-54
-33,-43,-10,37,-11,-27,-1,-51,-59,-61,-51,-48
-22,-36,-13,28,-4,-25,2,-39,-47,-50,-42,-40
-16,-30,-13,22,-1,-22,4,-31,-38,-41,-34,-33
-16,-28,-11,21,-3,-19,4,-26,-31,-34,-28,-28
-18,-27,-8,22,-5,-17,3,-24,-27,-29,-24,-24
-19,-24,-6,22,-7,-14,2,-22,-24,-25,-21,-21
-16,-18,-3,17,-7,-10,4,-19,-20,-21,-17,-18
-10,-10,0,10,-5,-5,6,-15,-15,-16,-12,-14
-7,-5,2,6,-4,-1,8,-12,-12,-12,-9,-11
-6,-2,3,4,-4,0,8,-10,-10,-10,-8,-9
-6,-1,5,3,-5,1,8,-9,-9,-9,-7,-8
-7,-1,6,4,-7,2,7,-9,-8,-8,-6,-8
-9,-2,7,5,-8,2,7,-9,-8,-8,-6,-8
-11,-4,7,7,-9,2,7,-9,-9,-9,-7,-8
-11,-4,6,8,-9,1,7,-9,-9,-9,-7,-8
-11,-4,7,8,-9,1,7,-9,-9,-9,-7,-9
-12,-5,7,9,-9,0,7,-9,-9,-10,-7,-9
-14,-7,7,10,-10,0,6,-9,-8,-10,-7,-9
-14,-7,8,10,-10,0,6,-8,-7,-9,-6,-9
-12,-6,7,9,-9,0,7,-7,-6,-7,-5,-8
-11,-5,6,8,-8,0,7,-6,-5,-6,-5,-7
-12,-7,5,9,-9,-1,7,-7,-5,-6,-5,-8
-13,-9,5,11,-9,-2,7,-7,-6,-7,-6,-8
-14,-9,4,12,-9,-3,7,-8,-6,-7,-6,-8
-12,-8,4,10,-8,-2,7,-8,-6,-7,-6,-8
-9,-6,4,7,-6,-2,7,-8,-6,-7,-6,-8
-7,-3,4,4,-5,0,6,-8,-6,-7,-5,-8
-5,0,6,2,-5,2,7,-6,-5,-6,-4,-7
-3,2,6,0,-4,3,8,-5,-3,-4,-2,-5
-3,1,4,0,-4,3,9,-4,-2,-3,-2,-4
-5,-1,4,3,-5,2,9,-5,-2,-3,-2,-4
-7,-2,4,4,-5,1,9,-5,-3,-3,-3,-4
-7,-3,2,5,-4,0,8,-6,-3,-4,-4,-5
-6,-4,2,5,-3,-1,8,-7,-4,-5,-4,-6
-4,-1,2,2,-2,0,8,-6,-3,-4,-4,-5
1,4,2,-3,0,2,9,-6,-3,-4,-3,-5
4,5,1,-4,1,2,8,-6,-3,-4,-4,-5
0,2,1,-1,-1,1,7,-7,-4,-5,-4,-6
-2,1,3,0,-3,2,7,-7,-3,-4,-3,-5
-2,0,2,0,-2,2,7,-6,-3,-3,-2,-4
-2,-1,0,1,-1,0,7,-7,-3,-4,-2,-5
-3,-3,0,3,-2,0,6,-7,-3,-4,-3,-5
-4,-3,1,3,-2,-1,6,-7,-3,-5,-3,-5
-4,-4,1,4,-2,-2,6,-8,-4,-5,-3,-6
-5,-5,1,5,-3,-2,5,-8,-4,-6,-4,-6
-8,-7,1,7,-5,-3,5,-9,-5,-6,-5,-7
-9,-7,1,7,-5,-2,5,-9,-5,-6,-5,-7
-5,-3,2,4,-4,0,5,-8,-4,-5,-4,-6
-4,-1,3,2,-4,2,5,-7,-3,-5,-4,-6
-5,-1,4,2,-5,2,5,-7,-3,-4,-3,-6
-4,0,5,1,-5,3,6,-6,-2,-4,-3,-5
-4,2,6,0,-5,4,6,-6,-1,-3,-2,-4
-5,1,7,1,-6,4,6,-6,-1,-3,-3,-4
-7,-1,5,3,-6,2,5,-6,-2,-4,-3,-5
-8,-4,4,5,-5,0,4,-7,-2,-4,-3,-5
-8,-5,3,6,-5,0,4,-6,-1,-3,-2,-4
-9,-6,3,7,-5,-1,4,-6,-1,-3,-2,-3
-8,-6,2,7,-4,-1,4,-6,-1,-2,-1,-3
-6,-5,1,5,-3,-1,5,-6,0,-1,0,-2
-5,-4,2,4,-3,0,5,-5,0,0,0,-1
-8,-6,3,6,-5,-1,4,-6,0,-1,0,-2
-8,-6,3,7,-5,-2,4,-6,0,-1,-1,-2
-3,-1,2,1,-2,0,5,-5,1,0,0,0
0,1,2,-1,-1,2,5,-5,2,1,1,1
-2,0,4,0,-3,3,5,-6,1,0,1,0
-4,1,7,1,-5,5,4,-6,1,0,1,0
-5,2,8,1,-6,6,4,-6,1,0,1,0
-4,3,8,1,-6,6,4,-7,0,0,1,0
-2,5,8,-1,-5,7,4,-6,1,1,1,1
-3,6,9,-1,-6,7,5,-6,1,1,2,2
-6,3,9,1,-8,6,4,-6,1,1,2,2
-6,3,9,1,-7,5,4,-7,0,1,2,2
-3,6,9,-2,-6,7,5,-6,1,1,3,3
-1,8,9,-4,-5,8,5,-6,1,1,3,3
0,7,8,-4,-4,7,4,-7,0,0,2,2
1,7,6,-4,-2,6,3,-8,0,0,1,1
2,7,5,-4,-2,6,3,-8,0,0,1,1
1,6,6,-4,-2,6,3,-8,0,0,1,1
0,6,6,-3,-3,6,4,-7,1,1,2,2
0,6,7,-3,-3,6,4,-7,1,1,3,3
-1,7,8,-4,-4,7,4,-8,0,1,3,3
-1,8,9,-4,-4,9,3,-9,0,0,3,3
-1,9,10,-5,-4,10,3,-10,0,0,3,3
-2,8,11,-3,-5,10,3,-10,-1,0,3,3
-3,7,11,-2,-6,9,3,-11,-1,0,3,3
-3,7,11,-2,-7,9,2,-12,-2,-1,2,3
-3,7,11,-2,-7,9,1,-13,-3,-1,1,2
-3,7,11,-2,-7,9,1,-13,-3,-2,1,2
-4,6,11,-1,-7,8,0,-13,-3,-2,1,2
-5,4,10,0,-7,7,0,-14,-4,-3,0,2
-4,4,9,0,-6,6,0,-14,-4,-3,0,2
-3,5,9,-1,-6,7,0,-14,-4,-3,0,2
-3,6,10,-2,-6,7,0,-14,-4,-4,0,1
-3,6,10,-2,-6,8,0,-14,-4,-4,0,1
-2,7,9,-2,-6,8,1,-14,-4,-3,0,2
0,8,9,-3,-5,8,1,-14,-4,-3,0,2
0,8,9,-3,-5,8,1,-15,-5,-4,0,1
-2,7,9,-2,-6,8,1,-16,-6,-5,-1,0
-2,8,11,-3,-6,10,2,-15,-5,-5,0,1
-2,10,13,-4,-7,11,2,-15,-5,-5,0,1
-2,11,13,-5,-7,12,2,-15,-5,-4,0,1
-2,11,13,-4,-7,11,1,-15,-5,-4,0,1
-2,10,12,-3,-7,10,1,-15,-5,-4,-1,1
-4,8,12,-1,-8,9,1,-15,-4,-4,-1,1
-5,6,12,0,-9,9,1,-14,-4,-4,-1,2
-6,6,13,0,-9,9,1,-14,-4,-4,0,2
-4,8,13,-1,-9,11,1,-13,-3,-3,0,2
-2,9,12,-3,-7,11,1,-13,-4,-3,0,2
-2,7,9,-2,-6,8,0,-14,-5,-4,0,1
-4,4,8,0,-7,6,0,-15,-5,-5,0,1
-6,2,8,2,-8,5,0,-15,-5,-5,0,1
-7,0,8,3,-8,4,-1,-16,-5,-5,-1,1
-6,0,6,2,-6,3,-1,-16,-5,-5,-1,0
-3,2,5,0,-4,3,-1,-15,-4,-5,0,1
0,5,5,-3,-2,5,0,-14,-3,-4,0,2
1,5,5,-3,-1,5,0,-14,-4,-5,-1,1
0,3,5,-1,-2,4,-2,-15,-5,-6,-2,0
-2,1,4,0,-3,2,-2,-15,-5,-7,-3,-1
-1,2,3,0,-2,2,-1,-15,-4,-6,-2,0
0,3,3,-2,-1,2,0,-13,-2,-4,-1,0
0,3,3,-1,-1,2,1,-12,-1,-3,0,1
0,2,3,-1,-1,2,1,-12,-1,-3,0,0
0,2,3,-1,-1,2,0,-12,-1,-3,0,0
0,2,3,-1,-1,3,0,-12,-1,-3,-1,0
-1,2,3,-1,-1,2,0,-12,-1,-4,-1,0
-1,1,3,0,-1,1,0,-12,-1,-4,-1,0
-2,0,2,1,-1,0,-1,-12,-1,-4,-1,-1
-3,-3,0,3,-1,-2,-1,-13,-1,-5,-2,-2
-2,-5,-2,3,0,-4,-1,-13,-1,-5,-3,-3
0,-5,-3,2,1,-4,-1,-12,-1,-5,-3,-3
0,-5,-3,2,2,-4,0,-11,-1,-5,-3,-3
-3,-6,-2,4,0,-4,0,-11,-1,-5,-3,-2
-7,-8,0,8,-3,-4,0,-10,-1,-4,-3,-2
-9,-10,0,10,-4,-5,-1,-11,-1,-4,-3,-2
-6,-8,-2,7,-2,-5,-1,-11,-1,-4,-3,-3
0,-3,-2,1,1,-3,0,-10,0,-3,-2,-2
2,0,-2,-2,2,-1,1,-8,0,-3,-1,-1
2,0,-2,-2,2,-1,1,-8,0,-3,-1,0
0,-3,-2,1,1,-3,0,-9,0,-4,-2,-1
-6,-9,-3,7,-1,-6,-1,-10,-2,-6,-4,-3
-10,-12,-2,11,-3,-7,-1,-11,-2,-7,-5,-3
-9,-9,0,9,-4,-5,0,-10,-1,-6,-4,-3
-8,-6,1,7,-4,-3,1,-10,-1,-5,-4,-2
-6,-4,3,5,-4,-1,1,-10,-1,-6,-4,-3
-4,-2,2,4,-3,-1,1,-10,-1,-6,-4,-3
-3,-2,2,3,-2,-1,1,-9,0,-5,-4,-3
-2,-2,1,3,-1,-1,1,-8,0,-5,-4,-3
-3,-4,0,4,-1,-2,1,-8,0,-5,-4,-3
-2,-4,0,3,0,-2,2,-7,0,-5,-4,-3
-2,-3,0,3,0,-2,2,-6,0,-4,-4,-3
-3,-3,0,3,-1,-1,2,-7,0,-5,-5,-4
-4,-4,1,4,-2,-1,2,-7,0,-5,-5,-5
-5,-4,1,4,-3,-1,2,-7,0,-5,-5,-5
-6,-4,2,5,-4,-1,1,-7,-1,-6,-6,-5
-6,-4,2,5,-4,-1,1,-8,-1,-6,-6,-5
-3,-3,0,3,-1,-1,1,-8,-1,-6,-6,-5
-1,-2,0,1,0,-1,1,-8,-1,-6,-6,-5
-3,-4,0,3,-1,-2,0,-8,-1,-6,-6,-5
-7,-6,1,6,-4,-2,0,-8,-1,-6,-6,-5
-9,-7,2,8,-6,-2,0,-7,0,-5,-5,-5
-10,-7,2,8,-6,-3,0,-7,0,-5,-4,-4
-8,-5,2,7,-5,-2,0,-6,1,-5,-4,-4
-5,-2,3,4,-4,-1,1,-5,1,-4,-4,-4
-2,-1,2,2,-2,0,2,-4,2,-2,-3,-2
-1,-2,0,1,0,-1,3,-4,3,-1,-1,-1
0,-2,-1,1,0,-2,3,-3,4,-1,-1,0
0,-2,-2,0,1,-2,3,-3,5,0,0,0
2,0,-2,-1,1,-1,4,-2,6,1,1,1
3,1,-1,-2,2,0,3,-1,6,1,1,2
4,3,-1,-4,2,0,3,-1,7,1,2,1
6,5,0,-6,3,2,3,0,7,2,2,1
8,8,1,-8,4,4,3,0,8,3,3,2
7,9,3,-8,2,5,4,0,8,4,4,4
6,10,5,-7,0,6,4,1,9,5,5,5
5,11,6,-8,0,8,4,2,10,6,6,6
5,13,8,-9,-1,9,4,3,11,7,7,6
4,14,10,-9,-3,11,5,4,12,7,7,7
3,14,11,-9,-4,12,5,6,13,8,8,7
6,17,11,-12,-2,13,6,8,15,10,9,8
9,19,11,-14,-1,14,7,9,16,12,10,9
10,19,10,-15,0,14,7,9,16,12,10,9
9,17,9,-13,0,13,6,9,16,11,9,8
8,15,8,-11,0,11,5,8,15,11,9,8
8,13,6,-10,1,9,5,8,15,11,9,8
6,12,5,-9,1,8,4,7,14,10,9,8
6,11,5,-9,1,7,2,6,14,10,9,8
8,11,2,-10,3,6,0,4,14,9,9,8
8,8,0,-8,4,3,-3,2,13,8,8,8
8,5,-3,-7,6,0,-6,0,12,8,8,7
10,4,-5,-7,8,-1,-7,0,12,9,8,8
10,2,-7,-6,9,-3,-8,-1,11,8,8,7
9,0,-8,-4,9,-5,-9,-2,10,7,7,6
9,0,-8,-5,9,-4,-9,-3,10,7,7,6
10,3,-7,-7,9,-2,-8,-3,9,6,7,7
9,3,-6,-6,8,-2,-8,-4,8,5,6,6
6,1,-6,-3,6,-3,-8,-5,7,4,5,5
5,0,-5,-1,4,-3,-8,-5,7,4,4,4
4,-1,-4,-1,4,-3,-8,-5,6,4,4,4
5,-1,-5,-1,4,-3,-7,-5,6,4,3,4
6,-1,-5,-2,6,-3,-7,-5,6,4,4,4
7,0,-5,-4,7,-3,-6,-4,6,4,4,4
6,-1,-6,-3,7,-4,-6,-4,6,3,3,4
5,-2,-8,-2,7,-5,-5,-4,6,3,3,4
7,0,-8,-4,8,-4,-4,-2,7,4,4,4
9,2,-7,-5,8,-3,-1,0,9,6,5,5
7,0,-7,-3,7,-4,-1,0,8,5,4,4
5,-3,-8,0,6,-6,-2,-1,7,3,2,3
5,-4,-9,0,7,-7,-2,-2,6,3,1,2
5,-4,-8,0,7,-7,-2,-1,7,3,2,3
3,-5,-8,0,6,-7,-1,-1,7,3,2,3
3,-5,-7,1,5,-7,-1,0,7,3,3,3
1,-5,-7,1,4,-6,0,0,7,3,2,2
-2,-8,-6,5,2,-7,0,-1,5,2,0,0
-7,-12,-5,10,0,-9,-1,-3,3,0,-2,-2
-7,-13,-5,11,0,-10,-1,-3,2,-2,-4,-3
-4,-11,-6,8,2,-9,0,-3,2,-2,-4,-3
-2,-10,-6,6,3,-9,1,-3,2,-2,-4,-3
-4,-11,-5,7,1,-9,0,-3,1,-3,-4,-4
-5,-11,-5,7,1,-9,0,-3,1,-3,-5,-4
-4,-11,-7,7,1,-9,0,-3,1,-3,-5,-4
-4,-11,-8,8,1,-9,0,-3,1,-3,-5,-4
-5,-13,-8,9,1,-10,0,-3,1,-3,-5,-4
-5,-13,-8,9,1,-10,0,-3,1,-3,-5,-4
-4,-12,-7,9,2,-10,0,-2,1,-3,-5,-4
-5,-13,-6,9,1,-10,0,-2,0,-3,-5,-5
-7,-14,-6,11,0,-11,-1,-2,0,-4,-6,-6
-8,-15,-6,11,-1,-11,-1,-2,0,-4,-6,-6
-6,-14,-7,10,0,-11,-1,-1,1,-3,-5,-5
-5,-13,-8,9,1,-11,0,0,2,-2,-4,-3
-6,-14,-8,10,0,-11,-1,-1,1,-2,-5,-4
-9,-16,-7,13,-1,-12,-1,-2,0,-3,-6,-5
-11,-16,-5,13,-2,-11,-1,-2,0,-4,-6,-5
-9,-13,-3,11,-2,-9,-1,-1,0,-4,-6,-5
-5,-10,-4,7,0,-8,0,0,1,-3,-5,-5
0,-8,-7,3,3,-8,0,0,2,-2,-5,-4
2,-6,-8,2,4,-7,0,1,2,-1,-4,-3
0,-7,-6,4,2,-7,0,1,2,-1,-4,-3
-4,-9,-5,7,0,-7,0,1,2,-1,-4,-3
-4,-9,-4,7,0,-6,1,1,3,0,-2,-2
-1,-6,-5,4,2,-5,2,2,3,1,-1,-1
1,-7,-8,3,5,-7,2,2,3,0,-1,-1
1,-10,-10,4,6,-10,1,2,2,0,-2,-2
-1,-12,-10,6,5,-11,0,1,1,-1,-4,-3
-3,-14,-10,8,3,-12,-1,0,0,-2,-5,-4
-6,-16,-10,11,2,-13,-2,0,0,-2,-5,-5
-8,-16,-8,12,0,-13,-1,0,0,-1,-5,-4
-6,-13,-7,10,0,-10,0,0,0,0,-3,-3
0,-7,-6,3,4,-7,1,1,1,0,-2,-3
2,-5,-6,1,5,-6,2,2,1,0,-3,-3
-2,-9,-6,5,3,-8,2,3,0,-1,-5,-5
-4,-12,-6,8,1,-9,2,4,0,-2,-6,-6
-3,-10,-6,6,2,-8,3,6,2,0,-4,-4
-2,-8,-5,5,2,-7,4,9,5,3,-2,-2
-2,-8,-5,5,1,-7,4,11,9,6,1,1
0,-7,-7,5,3,-7,3,13,13,10,5,4
4,-7,-11,2,7,-9,2,16,18,16,11,8
10,-8,-18,0,14,-14,1,20,27,25,19,15
17,-10,-27,-2,22,-19,0,28,40,37,30,24
26,-10,-37,-7,32,-24,0,38,57,52,44,36
39,-7,-47,-15,43,-27,0,48,75,70,61,50
52,-3,-55,-24,54,-29,-1,58,93,88,78,64
62,0,-61,-31,61,-31,-3,65,109,104,94,79
69,4,-65,-36,66,-30,-6,68,121,117,108,92
74,10,-63,-42,68,-26,-8,67,128,125,118,102
74,19,-53,-46,63,-17,-7,62,123,122,118,103
63,26,-36,-44,50,-5,-4,53,106,104,102,91
43,27,-16,-35,30,5,1,40,76,72,72,66
21,26,4,-23,9,15,3,20,39,35,37,38
0,20,20,-10,-10,20,2,-2,1,0,5,11
-19,10,29,3,-24,19,-2,-24,-32,-29,-22,-11
-31,1,32,14,-32,16,-6,-42,-57,-50,-42,-29
-36,-5,31,20,-34,13,-7,-53,-72,-63,-54,-40
-38,-12,27,25,-33,8,-9,-61,-81,-72,-63,-49
-43,-23,21,33,-32,0,-13,-67,-88,-79,-70,-56
-47,-33,15,40,-31,-9,-17,-70,-91,-84,-74,-61
-46,-38,8,42,-27,-15,-19,-70,-90,-84,-75,-62
-42,-41,1,41,-22,-20,-19,-67,-86,-81,-72,-60
-40,-46,-5,42,-17,-26,-19,-62,-80,-76,-69,-58
-35,-47,-11,40,-12,-29,-17,-54,-71,-69,-63,-54
-27,-42,-15,34,-6,-29,-12,-43,-59,-59,-55,-47
-21,-38,-17,30,-2,-27,-8,-33,-48,-49,-47,-41
-18,-35,-17,27,-1,-26,-6,-24,-39,-41,-40,-35
-15,-31,-16,23,0,-24,-4,-16,-31,-33,-33,-29
-12,-26,-13,19,0,-20,-3,-9,-23,-26,-26,-23
-11,-22,-10,17,0,-17,-2,-5,-18,-20,-21,-18
-10,-19,-9,14,0,-15,-2,-2,-14,-15,-16,-14
-6,-15,-9,10,1,-13,-1,-1,-11,-11,-13,-11
-5,-13,-7,8,1,-11,0,0,-9,-9,-11,-10
-7,-13,-5,9,-1,-9,0,0,-8,-7,-10,-8
-7,-13,-5,10,-1,-9,0,1,-6,-5,-8,-7
-6,-13,-6,10,0,-10,0,2,-4,-3,-6,-5
-6,-12,-6,10,0,-9,1,4,-3,-1,-5,-3
-5,-10,-4,8,0,-7,1,5,-2,0,-4,-2
-3,-7,-4,5,0,-6,0,5,-1,0,-3,-1
-2,-7,-4,5,1,-6,0,4,-2,0,-4,-2
-3,-9,-5,6,1,-7,-1,3,-3,-1,-5,-3
-5,-11,-6,8,0,-8,-1,2,-3,-2,-5,-4
-6,-12,-6,9,0,-9,-1,2,-3,-2,-6,-4
-6,-13,-6,10,0,-9,-1,2,-3,-2,-6,-4
-7,-14,-7,11,0,-10,-2,3,-3,-2,-6,-4
-6,-13,-7,9,0,-10,-2,4,-2,-1,-5,-4
-5,-12,-7,8,1,-10,-1,5,0,0,-4,-3
-6,-13,-7,9,0,-10,-1,5,0,0,-4,-3
-8,-15,-6,11,-1,-11,-1,5,0,0,-4,-4
-9,-15,-6,12,-1,-11,0,5,0,0,-4,-3
-6,-14,-7,10,0,-11,0,6,1,1,-3,-2
-1,-11,-9,6,4,-10,1,6,2,2,-2,-1
1,-9,-10,4,6,-10,0,6,2,3,-1,-1
1,-9,-10,4,6,-10,0,6,2,2,-1,-1
2,-8,-10,3,6,-9,-1,6,2,2,-1,-1
3,-6,-10,1,6,-8,0,6,2,2,-1,-1
1,-7,-9,3,5,-8,0,6,2,2,-2,-1
-2,-11,-9,6,3,-10,-1,6,2,1,-3,-2
-5,-12,-7,8,1,-10,0,6,2,1,-3,-2
-6,-12,-5,9,0,-9,0,7,2,2,-2,-2
-7,-12,-5,10,0,-9,-1,8,2,2,-2,-1
-5,-12,-7,9,1,-10,-4,8,2,2,-2,-1
-4,-11,-8,8,2,-10,-5,8,2,3,-2,-1
-3,-10,-7,7,2,-9,-5,9,3,3,-1,0
-3,-10,-7,6,2,-8,-5,9,3,3,-1,0
-3,-10,-7,6,2,-9,-5,9,3,2,-1,-1
-2,-9,-7,5,3,-8,-5,9,4,2,-1,-2
0,-6,-7,3,4,-7,-4,10,4,2,-1,-1
1,-5,-7,2,5,-7,-4,10,4,2,-1,-1
-1,-7,-6,4,3,-7,-4,10,4,2,-1,-2
-2,-8,-5,5,2,-8,-5,10,4,1,-2,-2
-1,-8,-6,4,3,-8,-4,10,5,2,-2,-2
-1,-7,-7,4,3,-7,-4,11,6,2,-1,-1
-1,-7,-6,4,2,-7,-3,11,6,2,-1,-1
-2,-7,-5,4,2,-6,-3,11,6,2,-1,-1
-1,-6,-5,3,2,-6,-2,11,7,3,0,0
0,-4,-5,2,3,-5,0,12,9,5,1,1
0,-6,-5,3,3,-6,0,13,10,5,1,1
0,-7,-7,4,3,-7,0,13,10,5,1,1
2,-6,-8,2,5,-8,1,13,10,5,1,2
3,-5,-8,1,5,-7,2,14,11,6,2,3
2,-5,-7,1,4,-6,2,15,12,7,3,3
2,-4,-7,0,4,-6,2,14,12,6,2,2
2,-3,-6,0,4,-5,2,14,12,7,2,3
4,-1,-5,-1,5,-4,3,15,13,8,3,4
7,1,-5,-3,6,-2,4,16,14,8,4,5
7,1,-5,-3,6,-2,3,16,14,8,3,5
4,0,-4,-1,4,-3,1,16,13,7,2,4
2,-1,-4,0,3,-3,1,16,13,7,2,4
5,1,-4,-3,4,-2,1,16,13,7,3,5
7,2,-5,-5,6,-1,1,16,13,7,4,5
6,0,-6,-3,6,-2,0,15,13,6,3,5
4,-1,-5,-1,4,-3,0,15,12,6,3,5
1,-2,-3,1,2,-3,-1,14,12,5,3,4
-1,-3,-2,3,0,-3,-2,13,11,4,2,4
-1,-2,-1,2,0,-2,-3,13,10,4,1,3
0,0,0,0,0,0,-3,13,10,4,2,4
2,2,1,-2,0,1,-2,14,10,5,3,5
3,4,2,-4,0,3,-1,15,11,6,4,6
3,5,1,-4,0,3,-1,16,11,6,5,7
3,4,0,-3,1,2,-1,15,11,6,5,7
1,3,1,-2,0,2,-1,15,10,6,4,6
1,4,2,-2,0,3,-1,15,10,6,4,6
4,7,3,-5,0,5,-1,16,10,6,5,7
5,8,3,-6,1,5,-1,16,10,6,5,7
1,3,2,-3,-1,3,-2,14,9,5,3,6
-2,0,2,0,-3,1,-4,12,7,3,2,5
-5,-2,3,3,-4,0,-5,11,6,2,1,4
-5,-2,4,3,-5,1,-6,10,6,1,1,4
-2,2,5,0,-4,3,-5,10,6,2,2,5
2,7,5,-4,-2,6,-4,10,7,3,2,5
3,8,5,-5,-1,6,-5,9,6,2,1,5
0,5,5,-2,-3,4,-6,7,4,0,0,3
-1,3,5,-1,-3,3,-7,6,3,0,-1,2
1,6,5,-4,-2,4,-6,7,3,0,0,3
2,6,4,-4,-1,4,-6,7,3,0,0,3
2,5,3,-3,-1,3,-7,5,2,-2,-1,2
5,8,3,-6,0,5,-7,5,1,-2,-1,2
9,13,3,-10,2,8,-6,5,2,-1,-1,2
9,15,5,-11,1,9,-6,4,2,-1,0,3
6,13,6,-9,-1,9,-6,4,2,-1,0,3
2,10,7,-6,-3,9,-6,4,2,-1,0,3
1,9,8,-6,-4,9,-5,5,2,0,1,4
1,10,8,-6,-4,10,-4,5,3,0,2,5
0,8,8,-3,-5,8,-5,4,2,0,1,4
-1,6,7,-2,-4,6,-6,2,1,-1,0,3
1,6,5,-3,-2,5,-7,1,1,-2,0,2
2,6,4,-4,-1,5,-8,1,1,-2,-1,2
2,7,4,-4,-1,5,-8,1,1,-2,-1,2
4,8,3,-6,0,5,-8,1,1,-2,0,2
4,7,2,-6,0,5,-8,1,1,-2,0,2
3,6,3,-5,0,5,-8,1,1,-2,0,2
2,6,4,-4,-1,5,-8,1,1,-2,0,2
2,6,5,-3,-1,5,-8,1,1,-1,0,3
2,6,5,-3,-1,5,-8,0,1,-1,0,3
1,5,4,-3,-1,5,-8,0,1,-1,0,3
1,4,3,-2,-1,3,-8,0,1,-1,0,2
1,3,1,-2,0,2,-9,-1,1,-2,0,2
2,2,0,-2,1,0,-9,-1,1,-2,0,2
2,1,-1,-1,1,0,-9,-1,2,-1,0,2
3,1,-1,-2,2,0,-9,-1,2,-1,0,2
4,3,-1,-3,3,0,-9,-1,3,0,1,2
6,4,-2,-4,4,0,-8,0,4,1,2,2
6,3,-2,-4,4,0,-7,0,5,2,3,3
5,2,-2,-3,4,0,-7,0,6,2,3,3
5,2,-3,-4,4,-1,-7,0,6,2,3,3
7,4,-3,-6,5,0,-7,0,7,3,3,3
9,6,-3,-7,5,1,-6,1,8,4,4,3
9,6,-2,-7,5,1,-6,2,8,5,4,4
7,4,-2,-5,4,1,-7,2,8,5,4,4
5,3,-2,-3,3,0,-7,2,9,5,5,4
5,1,-5,-2,5,-2,-8,2,10,6,6,5
8,-1,-9,-3,9,-5,-9,1,10,7,7,6
11,-1,-12,-4,11,-7,-10,0,11,8,8,7
13,0,-13,-6,13,-7,-12,0,11,9,10,8
15,0,-14,-7,15,-8,-14,-1,11,10,11,9
17,-1,-18,-7,17,-10,-16,-2,11,10,12,11
18,-3,-21,-7,20,-13,-18,-3,11,11,13,12
19,-3,-23,-7,21,-14,-19,-3,12,13,16,14
22,-1,-23,-10,22,-12,-19,-2,14,17,20,18
25,2,-23,-13,23,-10,-20,-1,17,21,24,22
28,5,-23,-16,25,-9,-21,0,20,25,28,26
33,10,-24,-21,28,-7,-21,3,25,29,33,31
41,15,-26,-28,34,-6,-21,6,30,35,39,36
47,16,-30,-32,38,-7,-23,9,36,41,44,41
50,16,-33,-33,42,-9,-26,12,41,46,49,46
55,18,-36,-36,45,-10,-28,15,46,52,54,51
60,22,-38,-41,48,-8,-29,18,53,59,61,57
63,26,-38,-44,50,-6,-31,22,61,68,70,65
67,27,-40,-46,53,-6,-33,26,70,77,79,73
73,28,-45,-50,59,-8,-35,31,79,86,88,81
82,31,-50,-56,66,-9,-36,37,90,97,98,89
91,34,-56,-62,74,-11,-37,45,102,107,108,98
99,35,-63,-67,82,-14,-36,53,114,117,117,106
107,36,-70,-71,89,-17,-34,61,124,126,126,113
114,36,-77,-75,96,-21,-32,67,132,134,133,119
120,34,-86,-77,103,-26,-30,72,137,139,138,123
124,31,-92,-77,108,-31,-28,75,142,143,142,126
126,29,-97,-77,111,-34,-26,78,145,147,146,129
130,26,-103,-77,116,-39,-24,78,147,150,150,131
134,22,-111,-77,123,-45,-23,78,149,152,154,135
136,17,-118,-76,128,-51,-23,77,151,156,159,139
138,13,-125,-75,132,-56,-26,73,153,161,166,144
143,10,-133,-77,139,-61,-28,68,153,164,172,149
150,9,-141,-79,146,-66,-30,63,155,168,178,153
152,6,-147,-79,149,-70,-31,60,157,171,182,156
149,4,-146,-76,147,-71,-30,59,159,173,184,158
142,3,-140,-72,141,-68,-29,59,160,173,184,158
137,4,-132,-70,134,-64,-28,58,159,172,183,156
130,7,-121,-68,126,-57,-27,56,154,167,178,152
117,9,-107,-63,112,-49,-24,52,144,154,165,140
98,9,-88,-54,94,-40,-20,45,124,131,142,120
76,7,-69,-42,73,-31,-15,35,97,98,109,92
56,6,-51,-30,53,-23,-10,24,67,64,74,62
40,5,-36,-21,37,-16,-7,14,42,36,45,37
28,5,-23,-15,25,-10,-5,6,24,17,25,20
21,6,-15,-12,18,-5,-4,0,11,5,12,9
15,7,-8,-11,12,-1,-4,-3,2,-2,3,2
10,7,-1,-9,6,2,-3,-5,-3,-7,-2,-3
5,8,3,-7,1,5,-1,-6,-7,-10,-6,-6
0,7,7,-3,-4,7,0,-7,-11,-12,-9,-9
-4,6,10,-1,-8,8,1,-8,-14,-15,-13,-12
-4,8,11,-1,-9,9,1,-9,-17,-17,-15,-15
-3,8,10,-1,-8,8,1,-11,-19,-19,-18,-17
-4,3,7,1,-6,4,0,-12,-21,-22,-20,-20
-6,-1,6,5,-6,1,-1,-14,-23,-24,-23,-22
-8,-3,7,6,-7,1,-2,-14,-24,-25,-24,-23
-8,-2,6,5,-7,1,-2,-15,-25,-25,-24,-23
-7,-3,3,5,-5,0,-2,-16,-26,-25,-24,-23
-6,-6,0,6,-3,-3,-3,-18,-27,-26,-25,-24
-7,-9,-4,8,-1,-7,-5,-20,-29,-27,-26,-26
-6,-12,-7,9,0,-10,-7,-22,-29,-27,-27,-26
-3,-13,-9,9,2,-12,-9,-23,-30,-28,-27,-27
-3,-15,-11,10,3,-14,-10,-24,-31,-29,-28,-28
-5,-19,-12,13,3,-17,-12,-26,-32,-30,-30,-29
-7,-21,-13,14,3,-18,-12,-27,-33,-31,-31,-30
-7,-20,-12,14,3,-17,-11,-27,-34,-32,-31,-30
-7,-19,-11,13,2,-16,-10,-27,-34,-32,-32,-30
-9,-19,-10,14,0,-15,-9,-28,-35,-33,-32,-31
-8,-15,-8,12,-1,-12,-8,-28,-35,-33,-32,-31
-4,-8,-4,6,0,-6,-5,-26,-33,-30,-30,-29
0,-2,-1,1,0,-2,-3,-24,-31,-29,-28,-27
-1,0,1,1,-1,0,-3,-24,-31,-29,-28,-27
-5,-2,3,4,-4,0,-3,-24,-32,-30,-29,-27
-11,-5,7,8,-9,1,-3,-26,-34,-31,-31,-28
-17,-8,9,13,-13,0,-3,-27,-36,-33,-33,-30
-21,-11,9,16,-15,0,-3,-28,-38,-34,-34,-32
-24,-12,11,18,-18,0,-2,-29,-38,-35,-35,-32
-26,-12,13,19,-20,0,-1,-29,-39,-35,-35,-32
-25,-11,14,18,-20,1,-1,-29,-39,-35,-36,-33
-22,-8,14,16,-19,2,-1,-28,-40,-35,-36,-33
-21,-8,14,15,-18,2,0,-28,-40,-36,-36,-33
-22,-10,13,16,-18,1,0,-28,-41,-36,-36,-33
-22,-10,13,16,-17,1,0,-28,-41,-37,-37,-33
-22,-8,13,15,-17,2,0,-28,-41,-37,-37,-33
-21,-7,13,14,-17,3,0,-28,-41,-37,-37,-34
-21,-6,13,14,-17,3,0,-29,-42,-37,-37,-34
-22,-7,14,15,-19,3,0,-29,-42,-37,-37,-34
-25,-9,16,17,-21,2,0,-30,-43,-38,-38,-35
-27,-10,17,19,-22,2,0,-31,-44,-39,-40,-36
-29,-11,18,20,-24,3,0,-31,-45,-40,-41,-36
-32,-12,20,22,-26,3,0,-32,-46,-40,-41,-37
-35,-14,21,24,-27,3,0,-32,-46,-41,-42,-37
-35,-14,21,24,-27,2,0,-33,-47,-42,-43,-38
-32,-11,20,22,-26,3,0,-34,-48,-43,-43,-39
-29,-8,21,19,-25,5,1,-33,-48,-43,-44,-39
-27,-5,22,17,-25,7,1,-33,-47,-42,-43,-38
-26,-4,22,16,-24,8,2,-33,-47,-42,-43,-38
-26,-5,21,16,-24,7,2,-33,-48,-43,-43,-38
-26,-6,20,16,-23,7,2,-33,-49,-44,-44,-39
-26,-5,21,16,-23,8,2,-34,-49,-44,-45,-40
-27,-5,22,17,-24,8,3,-34,-50,-45,-45,-40
-28,-5,22,18,-25,8,3,-35,-50,-45,-45,-40
-29,-5,23,18,-26,8,2,-36,-51,-45,-45,-40
-31,-5,26,19,-28,9,3,-35,-50,-45,-45,-40
-33,-5,28,19,-31,11,3,-35,-50,-45,-45,-40
-33,-5,29,19,-32,12,3,-35,-51,-45,-45,-40
-33,-3,30,18,-32,13,4,-35,-51,-45,-45,-40
-32,-2,30,17,-31,14,5,-34,-50,-45,-44,-39
-30,-1,29,16,-29,13,6,-34,-50,-44,-43,-38
-29,-2,27,16,-28,12,6,-35,-50,-45,-44,-39
-30,-3,26,18,-28,11,5,-36,-51,-46,-45,-40
-31,-4,27,18,-29,11,4,-36,-52,-46,-45,-40
-31,-3,28,17,-29,11,4,-35,-51,-46,-45,-40
-30,-2,28,16,-29,12,5,-35,-51,-45,-44,-39
-29,-2,28,15,-29,12,5,-35,-51,-45,-44,-39
-29,-1,28,14,-28,12,5,-36,-51,-46,-45,-40
-28,0,28,14,-28,13,5,-36,-52,-47,-45,-40
-27,2,28,12,-27,14,6,-36,-52,-46,-45,-40
-24,3,27,10,-25,14,7,-36,-51,-45,-45,-40
-24,3,26,11,-25,14,7,-36,-51,-45,-44,-39
-25,3,28,12,-27,15,7,-36,-51,-44,-44,-39
-26,3,29,12,-27,15,7,-35,-50,-44,-43,-38
-26,2,28,12,-27,14,7,-36,-51,-44,-44,-38
-27,0,27,13,-27,12,6,-36,-51,-45,-44,-39
-27,0,26,13,-26,12,6,-36,-51,-45,-44,-38
-25,1,26,12,-26,12,7,-36,-50,-44,-43,-38
-25,1,26,12,-26,13,6,-36,-50,-44,-43,-37
-25,1,26,12,-26,13,6,-36,-49,-43,-42,-37
-23,3,26,10,-24,14,6,-35,-48,-42,-41,-36
-22,3,26,9,-24,15,7,-34,-47,-41,-40,-35
-24,1,26,11,-25,13,7,-34,-46,-41,-39,-34
-24,0,25,12,-24,12,6,-34,-47,-41,-40,-34
-23,1,25,11,-24,12,5,-34,-46,-41,-39,-34
-23,2,25,10,-24,13,6,-33,-45,-39,-38,-33
-22,1,23,11,-23,11,7,-32,-44,-38,-37,-32
-23,0,22,12,-23,10,6,-32,-43,-38,-36,-32
-23,0,23,12,-23,11,6,-32,-42,-37,-36,-31
-21,2,23,10,-22,12,6,-31,-41,-36,-35,-30
-20,3,23,9,-22,13,6,-30,-40,-35,-34,-29
-21,1,22,9,-21,11,5,-30,-39,-35,-34,-29
-21,-1,20,11,-21,9,5,-29,-38,-35,-33,-29
-22,-3,19,12,-21,7,5,-28,-37,-33,-32,-28
-20,-3,17,12,-19,6,6,-26,-35,-31,-30,-27
-16,-2,15,9,-16,6,6,-25,-33,-30,-29,-26
-12,0,13,6,-12,6,6,-24,-31,-28,-27,-24
-9,3,12,3,-10,7,7,-22,-29,-26,-26,-23
-9,4,13,2,-10,8,7,-21,-27,-24,-24,-21
-10,4,14,3,-11,8,7,-20,-26,-23,-23,-20
-9,4,13,2,-11,8,7,-19,-24,-22,-22,-19
-6,6,12,0,-10,9,8,-17,-22,-20,-20,-18
-4,6,10,-1,-8,8,8,-15,-19,-18,-18,-16
-4,3,8,1,-8,5,8,-14,-18,-17,-17,-15
-8,-1,7,5,-9,2,7,-14,-18,-16,-17,-16
-10,-3,7,7,-9,1,6,-14,-17,-15,-16,-15
-10,-4,6,8,-8,0,6,-13,-15,-14,-15,-14
-10,-5,5,8,-7,-1,6,-13,-14,-13,-14,-14
-8,-4,4,7,-6,-1,5,-12,-13,-12,-13,-13
-2,0,2,1,-3,0,6,-11,-11,-11,-11,-11
1,3,3,-2,-2,2,7,-9,-9,-9,-9,-9
-1,2,4,0,-3,3,7,-9,-7,-7,-8,-8
-3,0,5,1,-4,2,6,-9,-6,-7,-7,-8
-4,0,4,3,-4,2,5,-9,-6,-6,-7,-7
-4,-1,3,3,-3,1,5,-9,-5,-6,-6,-6
-1,0,0,1,0,0,5,-8,-3,-5,-5,-5
2,0,-2,-1,2,-1,5,-8,-2,-4,-4,-5
3,0,-3,-2,3,-1,5,-8,-1,-3,-3,-4
5,1,-3,-3,4,-1,5,-8,-1,-2,-2,-3
4,-1,-5,-2,4,-3,4,-8,-1,-2,-2,-4
2,-4,-5,1,3,-5,4,-9,-1,-2,-2,-4
2,-4,-6,1,4,-5,4,-8,0,-1,-2,-3
3,-3,-7,0,5,-5,4,-8,0,0,-1,-2
3,-4,-7,1,5,-6,3,-9,0,0,-1,-2
1,-5,-7,2,4,-6,2,-9,0,0,-1,-2
0,-6,-7,3,3,-7,1,-9,0,-1,-1,-2
2,-4,-7,1,4,-6,1,-9,0,0,-1,-2
4,-1,-5,-1,4,-4,3,-8,2,1,0,0
5,0,-4,-2,4,-3,4,-7,3,2,2,1
6,1,-5,-3,5,-3,4,-7,3,2,2,1
7,2,-5,-4,6,-2,5,-6,4,3,3,2
7,2,-5,-4,6,-2,5,-6,4,3,3,2
6,2,-5,-4,6,-2,5,-5,4,3,4,2
7,3,-5,-5,6,-1,5,-4,5,4,4,3
8,4,-4,-5,6,0,6,-4,5,4,5,3
7,3,-4,-4,5,0,5,-5,5,4,4,3
7,3,-4,-4,5,-1,5,-5,4,4,4,2
8,3,-4,-4,6,-1,4,-6,4,4,4,2
6,1,-5,-2,5,-2,3,-6,4,3,3,1
4,-1,-6,0,5,-4,2,-7,3,2,2,0
4,-2,-7,0,6,-5,2,-8,3,1,2,0
6,-2,-9,-1,8,-6,2,-8,3,1,2,0
8,-1,-10,-3,9,-6,3,-7,4,2,3,1
9,-1,-10,-4,9,-5,3,-6,5,3,4,2
8,0,-8,-4,7,-4,3,-6,5,3,4,2
7,1,-6,-4,6,-2,4,-6,5,3,4,2
6,0,-6,-3,6,-2,4,-5,5,3,5,3
6,-1,-7,-2,6,-4,4,-6,5,3,4,2
7,0,-6,-2,7,-3,4,-6,5,3,4,2
6,2,-4,-3,6,-1,4,-7,4,3,4,2
6,2,-3,-4,5,0,3,-7,4,2,3,2
7,2,-5,-5,6,-1,3,-7,3,2,3,1
7,0,-7,-3,6,-4,3,-7,3,2,3,1
7,-2,-9,-2,7,-6,3,-8,3,2,3,1
9,-1,-10,-4,9,-6,3,-8,3,2,4,1
11,-1,-11,-5,11,-7,4,-8,4,3,4,2
9,-3,-11,-3,10,-8,3,-8,3,2,4,1
5,-6,-11,0,8,-9,2,-9,2,1,3,1
3,-8,-11,2,7,-9,2,-10,2,1,2,0
4,-8,-12,2,7,-9,2,-10,2,0,2,0
4,-8,-12,2,7,-9,2,-10,2,0,1,0
2,-8,-10,3,5,-9,2,-10,2,0,1,-1
1,-7,-9,3,4,-8,2,-10,2,0,2,-1
2,-6,-8,2,5,-8,2,-10,2,0,2,0
1,-7,-9,3,5,-9,2,-10,2,0,2,-1
0,-9,-9,5,5,-9,1,-11,1,0,1,-2
-1,-8,-7,5,3,-8,0,-12,0,-1,0,-2
-2,-8,-6,5,2,-6,0,-12,0,-1,0,-2
-3,-9,-6,6,1,-7,0,-13,0,-1,0,-2
-4,-12,-8,8,1,-10,0,-13,0,-2,0,-3
-4,-13,-8,9,1,-11,0,-13,0,-2,0,-3
-5,-13,-8,9,1,-11,0,-13,0,-1,0,-2
-5,-12,-7,9,1,-10,1,-13,1,-1,0,-2
-4,-11,-8,8,2,-10,1,-13,1,-1,0,-2
-2,-10,-9,7,3,-9,1,-13,1,-1,0,-2
-1,-10,-9,6,4,-9,1,-12,1,-1,1,-1
0,-9,-10,4,5,-9,2,-12,2,0,1,-1
1,-9,-11,4,6,-10,2,-12,1,0,1,-1
1,-9,-10,3,5,-9,2,-12,1,0,1,0
3,-6,-9,1,5,-8,3,-11,2,0,2,0
5,-3,-8,-2,6,-6,4,-11,2,0,3,0
5,-2,-8,-2,6,-5,4,-11,2,0,3,0
2,-4,-7,1,5,-6,3,-12,1,0,2,-1
0,-8,-8,3,4,-8,1,-13,1,-1,1,-2
0,-9,-10,4,5,-10,0,-14,0,-2,0,-2
2,-9,-11,3,6,-10,0,-15,0,-2,0,-3
2,-9,-11,3,6,-10,0,-15,0,-3,-1,-3
2,-9,-11,3,6,-10,0,-14,0,-3,-1,-3
1,-10,-11,4,5,-10,0,-12,0,-2,0,-3
1,-10,-11,4,6,-10,0,-10,0,-2,0,-2
1,-9,-11,4,6,-10,1,-8,0,-1,0,-2
1,-7,-9,3,5,-8,2,-5,0,0,1,-1
2,-5,-8,2,5,-6,3,-3,1,0,2,0
1,-5,-7,2,5,-5,3,-1,2,0,2,0
1,-5,-7,2,4,-6,3,0,1,0,2,0
3,-4,-8,0,5,-6,3,0,1,0,2,0
6,-2,-8,-2,7,-5,4,0,1,0,2,0
8,-1,-9,-3,8,-5,3,0,1,0,2,0
9,-1,-10,-4,9,-6,2,0,1,0,2,-1
8,-2,-10,-3,9,-6,2,0,1,0,2,-1
5,-4,-10,0,7,-7,2,0,1,0,2,-1
3,-7,-10,2,6,-9,2,0,1,0,2,-1
3,-8,-11,3,7,-10,2,0,1,0,2,-1
3,-9,-12,2,7,-10,2,0,1,0,2,-1
3,-9,-11,3,6,-10,2,0,1,0,2,0
2,-8,-9,3,5,-9,2,1,2,0,2,0
1,-7,-8,3,4,-8,2,1,1,0,2,0
0,-8,-8,4,4,-9,1,1,0,-1,1,-1
-2,-10,-7,6,3,-9,1,0,0,-2,0,-2
-3,-10,-6,7,1,-8,1,1,0,-1,0,-2
-5,-10,-4,8,0,-7,2,1,1,-1,1,-1
-6,-11,-5,9,0,-8,2,1,1,-1,1,-1
-4,-11,-6,7,1,-9,2,1,1,-1,1,-1
-2,-8,-6,5,2,-8,2,2,1,0,2,0
-2,-8,-6,4,1,-8,2,2,1,-1,1,-1
-2,-7,-6,4,1,-7,1,2,0,-1,1,-1
0,-6,-6,3,2,-6,1,2,0,-1,1,-1
0,-6,-7,3,4,-7,1,2,0,-1,1,-1
1,-6,-8,3,5,-7,2,2,1,0,1,-1
2,-5,-8,2,5,-6,3,3,2,0,2,0
2,-5,-8,1,5,-6,3,3,2,0,3,0
2,-6,-8,1,5,-7,3,3,2,0,3,0
2,-6,-9,1,5,-8,3,3,2,0,3,0
2,-6,-9,1,5,-8,3,3,2,0,3,0
2,-6,-9,2,6,-8,3,3,2,0,3,0
0,-8,-8,4,4,-8,3,3,2,0,3,0
-1,-9,-8,5,3,-8,3,3,2,0,3,0
0,-7,-8,4,4,-7,4,3,2,0,3,0
2,-5,-8,2,5,-6,4,4,2,1,3,1
1,-7,-8,2,5,-7,3,3,1,0,2,0
0,-7,-8,2,4,-8,2,2,0,-1,1,0
2,-4,-7,0,4,-6,3,3,1,0,2,0
3,-1,-5,-1,4,-4,4,5,2,1,3,1
2,-2,-5,0,4,-4,5,5,3,2,3,1
3,-2,-7,0,5,-5,5,5,3,2,4,1
4,-3,-8,0,6,-5,5,5,3,2,4,1
3,-4,-8,1,5,-6,4,4,3,2,3,0
3,-4,-8,1,5,-6,4,3,3,1,3,0
4,-3,-8,0,6,-6,4,3,3,1,3,1
2,-4,-7,1,5,-6,4,3,3,1,3,1
0,-6,-7,2,4,-7,3,2,2,1,3,0
-1,-8,-8,4,3,-8,3,1,1,0,2,0
-2,-10,-8,6,3,-9,2,1,1,0,2,0
-3,-11,-8,7,2,-9,2,0,1,0,2,-1
-3,-11,-7,7,2,-9,2,0,1,0,2,-1
-3,-10,-7,7,2,-8,2,0,1,0,2,-1
-2,-9,-6,5,2,-8,2,0,1,0,2,0
0,-5,-5,2,3,-6,3,2,3,1,3,1
1,-1,-3,0,3,-3,5,3,4,2,5,2
3,0,-3,-2,3,-1,6,4,5,3,5,2
3,0,-4,-2,4,-1,6,4,5,3,6,2
1,-2,-4,0,3,-2,5,4,5,3,5,2
-1,-5,-5,3,2,-4,4,3,5,2,4,1
-2,-8,-6,5,2,-7,3,2,4,1,3,0
-1,-8,-6,4,3,-7,3,2,3,1,3,0
-1,-5,-5,3,2,-6,4,3,4,2,4,0
-2,-5,-3,3,1,-5,4,3,4,2,4,0
-4,-7,-4,5,0,-6,3,2,3,1,2,0
-4,-9,-5,6,1,-8,2,1,2,0,1,-1
0,-8,-8,4,4,-8,2,1,2,0,2,0
2,-7,-9,2,6,-8,3,2,3,1,3,0
1,-8,-9,3,5,-8,3,2,4,1,3,0
0,-8,-8,3,5,-8,2,2,3,0,2,0
2,-5,-8,0,6,-7,2,1,3,0,2,0
3,-3,-7,-1,6,-6,2,2,3,0,2,0
1,-3,-6,0,4,-5,3,2,3,1,3,1
2,-1,-5,-1,4,-3,4,4,5,2,5,2
6,2,-5,-3,5,-1,6,5,7,4,7,4
7,3,-4,-4,5,0,6,6,8,5,8,5
6,4,-2,-5,4,1,6,7,8,6,9,5
7,6,0,-7,3,3,6,8,9,7,9,6
8,8,0,-8,4,3,6,8,9,7,9,6
8,9,0,-9,4,4,5,8,9,7,10,6
7,10,2,-10,3,5,6,10,10,8,10,7
7,12,4,-10,2,7,7,12,11,9,12,9
10,16,5,-13,2,10,8,14,13,11,14,11
13,19,6,-15,3,12,9,16,15,13,15,12
15,20,6,-17,4,13,10,18,16,14,16,13
16,20,4,-18,6,12,10,19,17,15,16,14
16,18,2,-17,7,10,10,19,18,15,16,14
15,17,1,-16,7,9,10,19,18,15,16,13
13,15,1,-15,6,8,9,19,17,15,16,13
9,14,4,-12,2,9,8,19,16,14,16,12
6,13,5,-10,0,9,7,18,15,13,15,12
6,11,4,-8,1,7,4,16,14,12,14,12
7,8,0,-7,4,4,1,14,12,10,13,11
9,5,-4,-6,6,0,-2,12,11,9,12,10
8,3,-5,-5,7,-1,-3,12,11,9,12,10
9,3,-5,-6,7,-1,-2,13,11,10,13,10
12,6,-6,-10,9,0,-1,13,11,11,13,11
16,9,-7,-13,11,0,0,13,11,11,13,11
16,10,-6,-14,11,2,0,13,10,10,13,11
13,9,-4,-11,9,2,0,12,9,9,13,10
9,5,-3,-7,6,1,0,11,8,8,12,10
7,4,-3,-5,5,0,0,11,7,8,11,9
8,4,-4,-6,6,0,0,11,7,8,11,9
8,3,-5,-6,7,0,0,11,6,7,10,9
4,-1,-5,-2,5,-2,0,10,5,6,8,7
0,-4,-4,1,3,-4,-1,9,4,5,7,6
1,-3,-5,0,3,-4,0,9,4,4,7,5
4,-1,-6,-1,5,-4,0,9,4,4,7,5
4,-1,-6,-1,6,-4,1,9,4,4,7,5
5,-2,-7,-1,6,-5,2,10,5,4,8,6
6,-2,-8,-1,7,-5,4,12,6,5,8,6
7,-3,-10,-2,8,-6,5,12,6,5,8,6
8,-3,-11,-2,9,-7,5,12,5,5,7,5
9,-2,-11,-4,10,-6,5,12,5,5,7,5
9,0,-10,-4,10,-5,5,12,5,5,7,5
8,-1,-9,-3,9,-5,5,12,5,4,7,5
6,-2,-9,-1,8,-6,6,12,5,4,6,5
5,-3,-8,0,7,-6,7,12,5,4,6,5
4,-3,-7,0,5,-5,7,12,4,3,5,4
1,-4,-6,2,3,-5,7,11,3,2,3,2
-2,-6,-5,4,1,-6,7,9,2,0,2,0
-4,-8,-5,5,0,-6,6,8,1,-1,0,-2
-5,-9,-4,6,0,-7,6,8,0,-2,0,-3
-6,-10,-4,7,0,-7,6,8,0,-2,0,-3
-6,-11,-5,8,0,-8,6,8,0,-2,0,-3
-6,-12,-6,9,0,-9,6,8,0,-2,0,-3
-6,-12,-5,9,-1,-9,6,8,0,-2,0,-3
-6,-11,-5,9,-1,-8,6,8,0,-2,0,-3
-5,-9,-4,7,0,-6,6,8,0,-2,0,-3
-5,-9,-4,7,-1,-6,7,8,0,-2,0,-3
-6,-10,-4,8,-1,-7,6,8,0,-2,-1,-4
-5,-10,-5,7,0,-8,7,8,0,-1,-1,-4
-1,-8,-6,4,2,-7,8,9,2,0,0,-2
1,-7,-7,2,4,-7,9,9,2,0,1,-2
1,-7,-7,3,4,-8,8,9,1,0,0,-2
-1,-8,-6,5,2,-8,7,9,1,-1,0,-2
-6,-10,-4,8,-1,-7,8,9,1,0,0,-2
-8,-10,-2,9,-3,-6,8,10,1,0,0,-2
-7,-9,-3,8,-2,-6,9,10,1,0,1,-1
-5,-8,-3,7,-1,-6,9,10,1,1,1,-1
-4,-7,-2,6,-1,-5,9,10,2,1,2,0
-4,-7,-1,5,-1,-5,9,10,2,1,2,0
-4,-7,-2,5,-1,-5,9,10,2,1,2,0
-2,-7,-4,4,1,-6,8,9,2,1,2,0
0,-5,-6,2,2,-5,8,10,3,1,2,0
0,-4,-5,2,2,-4,9,11,3,2,3,0
-1,-5,-5,3,1,-5,9,11,3,2,3,0
-3,-7,-5,5,0,-6,9,11,3,2,2,0
-4,-9,-5,6,0,-7,10,12,3,2,2,-1
-4,-10,-5,6,1,-8,11,13,3,1,1,-2
-4,-10,-5,7,0,-8,11,13,3,0,0,-2
-7,-10,-3,8,-2,-7,11,14,4,1,0,-2
-8,-10,-2,9,-3,-6,10,15,6,3,2,0
-6,-8,-3,7,-2,-6,9,16,9,6,5,2
-3,-7,-6,5,1,-6,9,19,14,11,9,5
2,-6,-10,2,6,-8,9,23,21,18,16,10
12,-4,-16,-4,14,-10,10,31,33,29,26,18
24,0,-24,-12,24,-12,11,40,47,43,39,29
35,2,-32,-19,34,-15,10,48,63,58,53,41
45,4,-40,-24,43,-18,9,57,80,75,68,54
55,7,-47,-31,51,-20,8,65,98,93,86,69
66,12,-53,-39,59,-20,6,70,114,110,103,84
75,18,-58,-47,66,-19,3,73,128,125,119,98
82,26,-57,-54,69,-15,1,73,135,135,130,109
81,33,-48,-58,65,-7,1,68,131,132,130,110
70,36,-33,-53,52,0,3,56,112,113,114,99
51,32,-18,-42,35,6,5,37,81,80,86,76
29,23,-5,-27,17,8,3,12,41,41,51,48
9,13,4,-11,2,8,-1,-14,1,3,18,21
-7,2,9,3,-8,5,-4,-37,-32,-28,-9,-2
-19,-10,8,14,-14,0,-7,-54,-58,-52,-32,-22
-28,-22,6,25,-17,-7,-10,-66,-76,-69,-49,-38
-38,-33,5,35,-21,-14,-12,-72,-85,-79,-59,-48
-44,-42,3,43,-23,-20,-14,-75,-90,-85,-66,-55
-46,-48,-1,47,-22,-25,-16,-76,-92,-87,-69,-58
-45,-50,-4,47,-20,-27,-16,-74,-90,-86,-69,-59
-42,-50,-7,46,-18,-29,-15,-70,-86,-83,-68,-58
-38,-49,-12,44,-13,-31,-13,-64,-79,-78,-65,-57
-33,-48,-16,41,-9,-32,-10,-54,-70,-70,-59,-53
-28,-46,-19,37,-4,-33,-6,-43,-58,-61,-52,-48
-23,-44,-21,33,0,-33,-3,-32,-47,-51,-45,-43
-20,-41,-20,30,1,-31,0,-23,-37,-42,-37,-36
-17,-34,-16,25,1,-26,2,-15,-29,-33,-29,-28
-15,-28,-12,21,0,-21,3,-11,-22,-26,-22,-22
-13,-23,-10,18,-1,-17,4,-8,-18,-21,-17,-17
-11,-18,-8,15,-1,-14,5,-6,-15,-18,-15,-15
-10,-15,-7,13,-1,-11,6,-4,-13,-15,-13,-13
-10,-15,-6,13,-2,-10,7,-3,-11,-14,-12,-13
-12,-16,-4,14,-4,-10,7,-1,-10,-13,-11,-12
-13,-16,-3,14,-5,-9,7,0,-8,-11,-10,-12
-13,-16,-2,14,-5,-9,7,0,-7,-10,-9,-11
-11,-15,-3,13,-3,-10,7,0,-7,-9,-8,-10
-10,-15,-4,13,-3,-10,7,0,-6,-9,-7,-9
-11,-16,-4,14,-4,-10,7,1,-6,-8,-7,-9
-11,-15,-5,13,-3,-10,7,1,-5,-8,-7,-9
-7,-14,-7,11,0,-11,7,1,-5,-8,-7,-9
-6,-14,-8,10,0,-11,7,1,-5,-8,-8,-10
-7,-14,-6,11,-1,-10,8,2,-4,-7,-6,-9
-6,-11,-4,8,-1,-8,9,4,-2,-5,-4,-6
-2,-7,-4,4,1,-6,9,5,-1,-4,-3,-5
0,-6,-5,3,2,-5,9,4,-1,-4,-3,-5
-3,-7,-4,4,0,-5,9,4,-1,-4,-3,-5
-6,-9,-4,8,-1,-7,9,3,-1,-5,-4,-6
-7,-12,-5,10,-1,-8,8,3,-2,-6,-5,-7
-6,-11,-6,9,0,-9,8,3,-2,-6,-5,-7
-3,-9,-6,6,2,-8,9,4,-2,-5,-5,-7
-2,-10,-6,6,2,-8,8,3,-2,-6,-6,-8
-4,-11,-5,7,1,-8,7,3,-3,-6,-6,-8
-7,-12,-4,9,-1,-8,7,2,-3,-6,-6,-8
-7,-11,-4,9,-1,-8,7,2,-2,-5,-5,-7
-5,-10,-5,8,0,-7,8,3,-2,-5,-5,-7
-4,-9,-6,7,1,-8,8,3,-2,-5,-5,-7
-5,-10,-6,8,0,-8,8,3,-2,-5,-5,-8
-6,-11,-5,9,0,-8,9,4,-1,-5,-5,-7
-7,-10,-4,8,-1,-7,10,5,0,-4,-3,-6
-6,-10,-3,8,-1,-7,10,5,0,-3,-3,-5
-6,-9,-3,8,-1,-7,9,5,0,-3,-3,-5
-5,-8,-4,6,0,-6,8,4,0,-3,-3,-5
-4,-6,-4,5,0,-5,8,5,0,-3,-3,-5
-8,-9,-2,9,-3,-5,8,5,0,-4,-4,-6
-14,-13,0,14,-7,-6,7,4,-1,-5,-5,-7
-15,-15,0,15,-7,-7,7,4,-1,-6,-5,-8
-12,-14,-1,13,-5,-7,7,4,-1,-6,-5,-8
-8,-12,-3,10,-3,-7,7,5,-1,-6,-5,-8
-4,-10,-4,7,0,-7,7,5,-1,-5,-4,-7
-4,-10,-5,7,0,-8,7,6,-1,-5,-4,-7
-7,-13,-5,10,-1,-9,6,5,-2,-6,-5,-7
-7,-11,-4,9,-1,-8,6,6,-2,-6,-5,-7
-4,-7,-3,6,0,-5,8,8,-1,-5,-3,-6
-2,-4,-3,4,0,-4,9,9,-1,-4,-3,-5
-1,-3,-3,2,1,-3,8,9,-1,-4,-3,-5
-1,-2,-2,1,1,-3,8,9,-1,-4,-3,-5
-3,-3,-1,2,0,-2,7,8,-1,-5,-4,-5
-5,-3,1,4,-2,-2,7,8,-1,-4,-3,-5
-4,-2,1,3,-2,-1,8,9,0,-2,-1,-3
-3,-3,0,3,-1,-1,9,10,0,-1,-1,-2
-5,-6,0,5,-2,-3,8,10,0,-2,-1,-3
-6,-6,0,7,-3,-3,8,10,0,-2,-1,-3
-5,-3,1,5,-3,-1,8,11,0,-2,-1,-2
-4,-1,3,3,-3,0,8,11,0,-2,0,-2
-4,-1,3,2,-3,1,8,11,0,-2,-1,-2
-4,-1,3,3,-3,0,7,10,0,-3,-1,-3
-6,-3,3,5,-4,0,7,10,0,-3,-1,-3
-7,-4,3,6,-5,0,7,10,0,-2,-1,-2
-7,-4,3,6,-5,0,7,11,0,-2,-1,-2
-8,-5,3,7,-5,0,7,11,0,-2,-1,-2
-8,-5,2,7,-6,-1,6,12,-1,-2,-1,-2
-8,-5,2,7,-5,-1,6,11,-1,-3,-2,-3
-8,-6,1,7,-5,-2,5,11,-1,-4,-3,-3
-8,-5,2,7,-5,-2,5,11,-1,-3,-2,-2
-7,-3,3,5,-5,0,6,12,-1,-3,-2,-2
-5,-1,3,3,-4,0,6,12,-1,-2,-1,-1
-4,0,4,2,-4,1,6,12,-1,-2,-1,-1
-5,-1,4,3,-5,1,6,12,-1,-3,-2,-1
-5,-1,4,3,-5,1,6,12,-2,-4,-2,-2
-4,0,3,2,-3,1,6,11,-3,-4,-3,-2
-1,1,2,0,-1,1,6,11,-3,-4,-3,-2
0,2,3,-1,-1,2,6,12,-2,-3,-2,-1
-3,2,6,0,-5,4,7,12,-2,-2,-1,0
-4,3,8,0,-6,5,7,12,-2,-2,-1,0
-1,5,7,-1,-4,5,7,12,-3,-3,-1,-1
0,5,5,-2,-2,5,7,12,-4,-4,-2,-2
-2,4,5,-1,-3,4,6,11,-5,-5,-3,-3
-4,2,6,1,-5,4,5,10,-6,-6,-4,-3
-5,1,6,2,-6,3,5,9,-6,-6,-4,-3
-4,2,6,1,-5,4,5,9,-6,-6,-3,-3
-3,3,7,0,-5,5,4,9,-7,-6,-3,-3
-3,4,8,0,-5,6,4,9,-7,-6,-3,-3
-1,7,9,-2,-5,8,6,10,-7,-5,-2,-2
-1,8,10,-3,-6,9,7,11,-6,-4,-1,0
-3,7,10,-1,-7,8,8,11,-6,-4,-1,0
-6,5,10,0,-9,8,8,11,-6,-5,-2,-1
-7,6,12,1,-10,9,8,11,-6,-5,-2,-1
-8,6,13,1,-10,10,7,10,-7,-6,-3,-2
-7,5,12,1,-10,9,6,8,-9,-7,-4,-3
-7,5,12,1,-9,9,5,7,-10,-8,-5,-4
-7,5,11,2,-10,8,4,6,-11,-9,-5,-4
-8,4,11,2,-10,7,4,6,-11,-9,-6,-4
-10,2,11,4,-10,6,4,6,-11,-9,-6,-4
-13,-1,11,7,-12,5,4,5,-11,-10,-6,-5
-14,-1,12,7,-13,5,5,5,-11,-10,-6,-5
-12,0,11,6,-11,5,5,6,-11,-9,-6,-4
-8,2,9,3,-9,6,5,6,-11,-9,-5,-4
-4,4,9,0,-7,6,5,6,-11,-9,-5,-3
-4,4,9,0,-7,6,5,6,-11,-9,-5,-3
-7,2,9,2,-9,5,5,5,-11,-9,-5,-3
-6,3,9,1,-8,5,5,6,-11,-8,-5,-3
-3,5,8,-1,-6,6,6,6,-10,-7,-4,-2
-2,6,7,-2,-5,6,6,6,-10,-7,-4,-2
-1,5,7,-2,-4,6,6,6,-10,-7,-4,-2
-1,5,7,-2,-4,6,6,5,-10,-7,-4,-2
-3,4,8,-1,-6,6,6,5,-10,-7,-4,-2
-5,3,8,0,-7,5,6,5,-10,-6,-3,-1
-3,4,7,0,-5,6,6,5,-10,-5,-2,0
-1,6,7,-2,-4,6,7,5,-9,-5,-1,0
-2,5,7,-2,-4,6,6,5,-9,-5,-1,0
-2,4,7,-1,-4,6,5,4,-10,-6,-2,0
-3,3,6,0,-4,5,4,2,-11,-7,-3,-1
-3,1,5,0,-4,4,3,1,-11,-7,-3,-2
-3,1,5,0,-4,3,4,1,-10,-6,-2,-1
-4,0,4,1,-4,2,3,1,-10,-6,-2,-1
-5,-2,2,3,-3,0,2,0,-11,-6,-3,-2
-5,-1,2,3,-3,0,2,0,-11,-6,-3,-2
-3,2,4,1,-3,3,2,0,-9,-5,-2,-1
-1,5,6,-2,-3,6,3,1,-8,-4,0,0
-2,5,7,-2,-4,6,4,2,-7,-3,0,1
-3,3,6,0,-5,5,4,2,-7,-2,1,1
-3,2,5,0,-4,4,4,2,-6,-2,1,2
-1,2,4,0,-3,3,4,2,-6,-2,2,2
-1,2,4,0,-3,3,4,2,-5,-1,2,2
-3,1,5,1,-4,3,4,2,-5,-1,2,2
-4,0,3,2,-4,1,3,1,-5,-1,2,1
-3,-1,2,2,-3,0,2,1,-5,-2,2,1
-4,-1,2,2,-3,1,2,0,-5,-2,2,1
-4,-1,3,2,-3,1,2,0,-4,-2,2,1
-3,-1,2,1,-3,1,2,0,-4,-1,2,1
-4,-2,3,2,-3,1,2,0,-4,-1,1,0
-5,-3,3,3,-4,0,2,0,-3,-1,1,0
-3,-2,1,3,-2,0,2,0,-3,-1,1,0
-2,-2,0,2,-1,-1,2,0,-3,0,1,1
-2,-2,0,2,-1,-1,2,0,-2,0,2,1
-3,-4,0,4,-2,-1,2,0,-2,0,1,1
-4,-4,0,4,-2,-1,1,0,-2,0,1,0
0,0,0,0,-1,0,2,0,-2,0,2,0
2,2,0,-3,0,2,3,1,-1,0,2,1
2,3,0,-3,0,1,4,1,-1,0,2,1
2,3,0,-3,0,1,4,1,0,1,3,2
1,3,1,-2,0,1,5,2,0,1,3,2
0,2,2,-1,-1,1,5,2,0,1,3,2
0,2,1,-1,0,1,4,2,0,0,2,2
0,3,2,-2,0,2,5,2,0,0,3,2
-1,3,4,-1,-2,3,5,2,0,1,3,2
-2,1,4,0,-2,2,5,1,0,1,3,2
-2,0,3,1,-2,1,5,1,0,1,3,1
-1,0,2,1,-2,1,5,1,0,1,3,1
-1,0,1,2,-1,0,5,1,0,1,2,1
-1,-1,1,2,-1,0,5,1,0,1,2,1
0,1,1,0,-1,1,5,1,0,1,3,1
0,2,2,0,-1,2,5,1,1,2,3,2
0,2,2,0,-1,2,5,1,1,2,3,1
0,1,2,0,-1,2,5,1,1,1,3,1
0,1,1,0,0,2,6,1,1,1,3,1
0,2,2,0,-1,2,6,1,1,1,3,1
1,3,2,-2,0,2,6,1,1,1,3,1
3,4,0,-3,1,2,6,1,1,1,3,1
3,3,0,-2,1,1,6,1,1,1,3,1
1,2,1,-1,0,1,6,1,2,2,3,2
0,2,3,0,-1,2,7,2,3,3,4,3
1,3,2,-1,0,2,7,2,3,3,5,3
2,3,0,-2,2,1,7,1,3,3,5,3
3,2,-1,-2,2,0,7,1,3,3,4,3
3,0,-2,-2,3,-1,7,0,3,3,4,2
3,1,-2,-2,3,-1,6,0,3,3,4,2
3,2,-1,-2,2,0,6,0,3,3,4,3
1,1,0,-1,1,0,6,0,4,3,4,3
-1,0,0,0,-1,0,6,0,4,3,4,3
-1,1,1,0,-1,1,6,0,4,3,5,3
1,5,2,-3,0,4,6,0,5,4,6,4
3,7,3,-5,0,5,7,0,7,5,7,5
4,9,4,-6,-1,7,8,2,8,7,8,6
4,10,6,-7,-2,8,9,3,9,8,9,7
4,11,6,-7,-1,8,9,3,10,9,10,8
3,10,7,-7,-1,8,8,2,10,9,10,8
2,9,7,-5,-2,8,7,2,10,9,10,8
2,10,8,-6,-3,9,8,3,11,10,11,9
3,11,8,-7,-2,9,8,4,12,10,11,9
4,12,7,-8,-1,9,8,4,12,10,11,9
6,14,8,-10,-1,10,9,5,13,11,12,10
7,16,9,-11,-1,12,11,6,14,12,13,11
6,15,10,-10,-2,12,11,7,15,13,13,11
6,14,8,-10,-1,10,10,6,15,12,12,11
9,14,6,-11,1,9,9,6,15,12,12,10
11,15,5,-13,3,9,8,5,15,12,12,10
10,15,4,-12,3,9,7,4,15,12,12,10
9,13,4,-11,2,8,5,2,14,11,12,10
8,10,2,-8,2,6,2,0,12,10,11,9
8,9,0,-8,4,4,0,-3,11,10,11,9
11,10,-1,-10,6,4,-1,-3,12,11,13,10
13,10,-2,-11,8,3,-2,-4,12,11,13,11
13,7,-5,-9,9,1,-3,-5,12,10,12,11
11,4,-6,-7,9,-1,-3,-6,11,9,11,10
11,5,-7,-8,9,-1,-3,-6,11,9,11,9
12,6,-6,-9,9,0,-2,-6,10,8,11,9
9,5,-4,-6,7,0,-1,-7,9,7,10,8
8,3,-5,-4,6,-1,-2,-9,7,6,9,7
10,3,-6,-6,8,-1,-1,-9,7,6,8,7
11,4,-6,-7,9,-1,0,-9,7,7,9,7
10,3,-5,-6,7,-1,0,-9,8,8,9,7
9,4,-4,-7,7,0,1,-8,8,8,10,8
10,5,-4,-8,7,0,2,-8,9,8,10,8
10,5,-4,-8,8,0,3,-8,9,7,10,7
8,4,-5,-6,7,0,3,-8,8,6,9,7
7,2,-5,-4,6,-1,4,-8,8,6,8,6
7,1,-6,-4,6,-2,5,-7,9,7,8,6
7,1,-5,-4,6,-2,6,-7,9,7,7,6
7,0,-6,-4,6,-2,6,-7,9,7,7,6
7,-1,-8,-3,7,-5,6,-7,9,7,7,6
6,-3,-10,-1,8,-7,6,-7,9,6,7,6
5,-5,-10,0,7,-8,6,-7,9,6,7,6
1,-6,-7,2,4,-7,8,-6,10,6,8,6
-2,-8,-5,5,1,-7,8,-7,8,5,7,5
-3,-9,-5,7,0,-7,7,-9,6,3,5,3
-3,-9,-4,6,0,-7,8,-9,5,2,4,2
-3,-8,-3,5,0,-5,8,-10,4,1,3,2
-4,-8,-3,6,-1,-5,7,-10,3,0,1,0
-5,-8,-2,6,-1,-5,7,-11,2,-1,0,0
-5,-7,-1,5,-2,-4,8,-10,3,-1,0,-1
-7,-8,0,8,-3,-5,8,-10,3,-1,-1,-2
-9,-11,-1,10,-4,-6,7,-11,2,-2,-1,-3
-8,-12,-3,10,-2,-7,7,-11,2,-2,-2,-3
-8,-12,-3,11,-2,-8,6,-11,2,-2,-2,-4
-9,-12,-2,11,-3,-7,6,-11,2,-2,-2,-3
-9,-11,-1,10,-4,-7,7,-10,3,-2,-2,-3
-10,-12,-1,11,-4,-7,7,-10,3,-2,-1,-2
-10,-13,-2,12,-4,-9,7,-9,3,-1,-1,-2
-8,-14,-6,11,-1,-10,6,-10,3,-2,-2,-2
-5,-13,-8,9,1,-11,6,-10,3,-2,-2,-3
-1,-9,-7,5,3,-8,8,-9,4,-1,-1,-2
2,-4,-6,0,4,-5,10,-8,5,0,0,0
3,-3,-5,0,3,-4,10,-7,5,0,0,0
2,-3,-4,0,2,-4,10,-7,5,0,0,0
1,-3,-4,1,2,-4,10,-6,6,0,1,0
-1,-5,-5,3,1,-6,10,-7,5,-1,0,0
-4,-9,-6,6,1,-8,9,-7,5,-2,-1,-1
-5,-11,-6,8,0,-9,9,-8,4,-2,-1,-2
-6,-12,-6,9,0,-9,8,-8,4,-3,-1,-2
-6,-13,-7,10,0,-10,8,-8,4,-3,-2,-2
-6,-13,-7,10,0,-10,8,-9,4,-3,-2,-2
-6,-13,-7,10,0,-10,8,-9,4,-3,-2,-2
-5,-11,-6,9,0,-9,8,-9,4,-3,-2,-2
-5,-11,-6,8,0,-8,8,-9,4,-4,-2,-2
-4,-10,-6,7,0,-8,8,-8,5,-4,-2,-2
-3,-8,-5,5,1,-6,9,-7,6,-2,-1,-1
-2,-5,-4,3,1,-5,10,-6,8,-1,0,0
-3,-6,-2,4,0,-4,10,-5,8,0,0,0
-6,-8,-2,7,-2,-5,9,-6,6,-2,-1,-1
-7,-10,-3,8,-2,-7,8,-7,5,-4,-3,-3
-6,-11,-4,8,-1,-8,8,-7,4,-5,-5,-5
-8,-11,-2,9,-3,-7,8,-7,3,-6,-6,-6
-10,-10,0,10,-4,-6,9,-5,4,-5,-5,-5
-10,-9,1,9,-5,-4,10,-3,7,-2,-3,-3
-10,-8,2,9,-5,-4,10,-2,10,1,0,0
-7,-8,0,8,-3,-4,10,0,14,5,4,3
-3,-8,-4,6,1,-6,10,3,19,10,9,7
4,-8,-11,2,7,-9,10,8,27,17,15,13
14,-6,-20,-4,17,-13,10,15,39,28,25,20
26,-4,-30,-11,28,-17,10,23,54,41,38,30
34,-4,-38,-15,36,-21,9,32,70,57,52,42
42,-4,-46,-19,44,-25,7,40,87,73,67,55
53,0,-53,-27,53,-26,5,48,104,89,83,68
66,7,-58,-37,62,-25,3,53,119,104,98,82
76,14,-61,-45,69,-23,1,55,129,115,111,94
80,22,-58,-51,69,-18,0,53,132,119,117,101
76,30,-45,-52,60,-7,2,47,122,110,111,97
62,34,-27,-48,44,3,7,36,99,86,89,79
40,31,-8,-36,24,11,10,17,65,52,56,52
16,24,8,-21,3,16,9,-6,26,15,23,24
-3,17,20,-7,-12,18,6,-31,-10,-16,-5,1
-16,10,26,3,-21,18,3,-51,-38,-40,-27,-18
-26,1,28,12,-27,15,0,-66,-59,-58,-44,-32
-33,-7,26,21,-30,9,-2,-75,-72,-70,-55,-43
-39,-17,23,29,-31,3,-5,-81,-80,-78,-63,-50
-44,-27,18,35,-31,-4,-8,-85,-84,-83,-69,-55
-46,-35,11,40,-29,-12,-11,-87,-86,-86,-71,-59
-46,-41,5,43,-26,-18,-13,-87,-84,-86,-72,-60
-43,-43,0,43,-21,-22,-13,-84,-80,-83,-71,-60
-39,-43,-4,41,-17,-24,-10,-76,-71,-77,-66,-57
-34,-43,-8,39,-12,-26,-7,-65,-60,-68,-59,-52
-29,-43,-13,36,-7,-28,-3,-54,-49,-58,-52,-46
-22,-40,-17,32,-2,-29,0,-43,-38,-48,-44,-39
-17,-36,-18,27,0,-27,1,-34,-28,-38,-35,-31
-13,-31,-17,22,1,-24,2,-28,-20,-30,-28,-25
-12,-27,-14,20,1,-21,2,-24,-14,-24,-22,-20
-12,-24,-12,17,0,-18,2,-22,-10,-20,-18,-16
-10,-19,-9,14,0,-14,3,-20,-7,-16,-15,-13
-9,-15,-6,12,-1,-11,5,-18,-5,-13,-12,-11
-8,-14,-5,11,-1,-9,5,-17,-3,-11,-11,-10
-8,-13,-4,11,-2,-8,5,-16,-1,-10,-10,-9
-8,-12,-3,10,-2,-7,5,-15,0,-9,-9,-8
-8,-12,-3,11,-3,-7,5,-14,1,-8,-8,-7
-8,-14,-4,11,-2,-9,5,-14,1,-7,-7,-6
-6,-13,-7,9,0,-10,5,-13,3,-6,-6,-5
-3,-12,-9,7,3,-10,6,-12,4,-4,-4,-4
-2,-12,-9,6,4,-10,7,-11,5,-3,-4,-3
-3,-12,-9,7,3,-10,7,-11,6,-3,-4,-3
-3,-11,-7,7,2,-9,8,-10,6,-2,-3,-2
-5,-11,-6,8,0,-8,8,-10,6,-2,-3,-2
-8,-13,-5,11,-1,-9,7,-10,6,-1,-3,-2
-8,-14,-5,12,-1,-10,6,-10,6,-1,-3,-2
-6,-13,-7,10,0,-10,6,-10,6,-1,-3,-1
-5,-11,-6,8,1,-9,6,-10,7,-1,-3,-1
-6,-10,-4,8,0,-8,6,-10,6,-1,-3,-1
-6,-10,-4,8,0,-7,5,-11,6,-2,-4,-2
-6,-10,-3,8,-1,-7,5,-11,5,-2,-4,-2
-5,-9,-3,8,-1,-7,5,-10,5,-2,-4,-2
-3,-8,-3,6,0,-6,5,-9,6,-1,-3,-1
-2,-6,-3,5,0,-5,6,-9,6,0,-2,0
-3,-6,-3,5,0,-5,6,-9,6,-1,-1,0
-5,-7,-2,5,0,-5,5,-10,6,-1,-1,0
-6,-8,-2,7,-1,-5,5,-10,6,-1,-2,0
-7,-9,-2,7,-1,-5,5,-10,6,-1,-2,0
-5,-8,-3,6,0,-5,5,-10,6,-1,-2,0
-4,-9,-4,6,0,-6,5,-9,7,-1,-2,-1
-4,-11,-6,7,0,-8,3,-10,6,-1,-3,-2
-5,-12,-6,8,0,-9,2,-11,6,-2,-3,-2
-6,-13,-6,9,0,-10,2,-12,6,-2,-3,-2
-7,-13,-6,10,0,-10,2,-12,6,-2,-2,-1
-6,-12,-6,9,0,-8,2,-12,6,-1,-2,-1
-3,-8,-5,6,1,-7,3,-11,7,-1,-1,0
-1,-7,-5,4,2,-6,4,-11,7,-1,-1,0
-3,-7,-4,6,0,-6,4,-10,7,0,-1,0
-5,-7,-2,7,-1,-5,4,-10,8,0,-1,0
-4,-6,-2,5,-1,-4,4,-9,8,0,0,0
-2,-5,-4,4,1,-5,4,-8,8,0,0,0
-2,-7,-5,4,2,-6,3,-8,8,0,-1,0
-4,-9,-4,6,1,-7,3,-8,9,0,0,0
-5,-10,-4,8,0,-7,2,-9,9,0,0,0
-5,-11,-5,7,0,-8,1,-10,8,0,-1,0
-2,-8,-6,5,1,-7,0,-10,9,0,0,0
1,-5,-5,2,2,-5,1,-9,10,1,0,2
2,-3,-4,0,2,-4,1,-8,11,2,1,3
2,-3,-4,0,2,-3,2,-7,11,2,1,3
3,-2,-5,-1,4,-3,2,-6,12,3,2,4
5,-1,-6,-2,5,-4,2,-6,12,3,2,4
4,-1,-6,-1,5,-4,2,-6,11,2,1,3
2,-2,-4,0,3,-3,2,-6,11,2,1,3
-1,-3,-2,2,0,-2,2,-6,11,2,1,3
-3,-5,-2,4,-1,-3,1,-6,11,2,1,3
-3,-6,-3,4,-1,-4,0,-5,11,2,1,3
-1,-5,-3,3,0,-3,0,-5,11,3,1,4
0,-4,-4,1,1,-3,0,-4,11,3,2,4
0,-4,-4,1,2,-4,0,-5,11,3,2,4
0,-4,-5,1,3,-5,-1,-5,11,3,2,4
1,-3,-4,0,3,-4,-1,-5,11,4,2,5
1,-2,-4,0,3,-3,-1,-5,11,3,2,5
-1,-4,-3,2,1,-4,-1,-5,10,2,2,4
-2,-5,-3,4,0,-4,-2,-6,8,1,1,4
0,-4,-4,2,1,-4,-3,-7,7,0,0,3
4,-1,-5,-1,4,-3,-4,-8,6,0,0,3
5,2,-3,-3,4,0,-4,-8,6,0,0,4
4,3,0,-3,2,1,-3,-7,7,1,0,5
2,3,1,-2,1,2,-2,-6,7,1,0,5
1,4,3,-2,0,3,-3,-6,6,1,0,5
2,5,3,-3,0,4,-3,-6,6,1,0,6
3,6,3,-4,0,5,-2,-5,7,1,1,6
4,7,3,-5,0,5,-2,-4,7,2,1,7
6,8,2,-6,1,5,-2,-3,7,2,1,7
6,7,2,-6,2,5,-3,-4,7,1,1,6
4,5,1,-5,2,3,-3,-5,6,1,0,5
3,3,0,-3,2,1,-4,-5,5,0,0,5
2,2,0,-2,2,0,-4,-6,4,0,0,5
1,1,0,-1,1,0,-5,-6,3,-1,0,5
-1,0,1,0,-1,0,-6,-7,2,-1,0,5
-1,1,2,0,-2,1,-6,-7,2,-1,0,5
-1,3,3,-1,-3,3,-5,-6,2,-1,0,6
-2,2,4,0,-3,4,-6,-7,1,-2,0,6
-3,0,3,1,-3,3,-8,-8,-1,-4,-1,4
-2,1,3,0,-2,3,-8,-9,-2,-5,-2,3
0,3,3,-1,-1,3,-8,-8,-2,-5,-3,3
0,3,3,-1,-1,3,-8,-7,-2,-4,-2,4
-1,3,4,0,-2,3,-7,-6,-1,-4,-2,4
-2,3,4,0,-3,4,-8,-7,-2,-4,-2,4
1,7,5,-4,-2,6,-8,-7,-3,-5,-2,4
2,10,7,-5,-3,9,-7,-6,-3,-5,-2,5
0,8,8,-3,-5,9,-8,-6,-4,-6,-2,4
-2,6,9,-1,-6,8,-8,-6,-4,-7,-3,4
-3,6,10,-1,-6,8,-8,-5,-4,-7,-3,4
-3,6,10,-1,-6,8,-9,-5,-4,-7,-4,3
-1,8,10,-3,-5,8,-10,-5,-4,-7,-4,3
0,9,9,-4,-4,8,-10,-5,-4,-6,-4,3
-1,7,8,-3,-5,7,-10,-5,-4,-7,-4,2
-3,5,8,-1,-6,6,-10,-5,-4,-7,-4,2
-4,4,8,0,-6,6,-9,-4,-4,-6,-4,3
-4,2,7,0,-5,5,-9,-3,-3,-5,-3,4
-5,0,5,2,-5,3,-9,-4,-3,-6,-4,4
-7,-2,5,4,-5,1,-10,-4,-4,-6,-4,3
-8,-4,4,6,-6,0,-10,-3,-4,-6,-5,3
-8,-4,3,6,-6,-1,-10,-2,-3,-5,-5,2
-5,-3,1,4,-4,-1,-9,-1,-2,-5,-4,3
-1,-1,0,2,-1,0,-9,-1,-2,-4,-4,3
0,0,0,0,0,1,-10,0,-1,-4,-3,4
0,2,2,-1,-1,2,-11,0,0,-2,-2,5
0,2,3,0,-2,3,-12,1,1,-2,-1,5
-2,1,4,1,-3,3,-13,1,1,-2,-1,5
-2,0,3,1,-2,2,-14,1,1,-2,-1,5
-2,0,2,1,-1,1,-15,1,1,-2,-1,4
-3,0,2,2,-2,1,-15,2,2,-1,-1,4
-3,1,3,1,-3,2,-13,4,4,0,0,5
-2,3,4,0,-4,4,-12,5,5,1,1,6
-2,2,4,0,-3,3,-13,5,5,1,1,6
-2,0,2,1,-1,1,-13,5,5,0,0,5
-2,-2,0,1,0,-1,-13,6,5,1,0,5
0,-1,-2,0,1,-1,-11,8,7,2,2,7
2,0,-2,-2,2,-1,-11,9,8,3,3,8
4,2,-3,-3,3,0,-12,9,8,3,3,7
5,3,-4,-4,4,0,-12,10,8,3,3,7
4,3,-3,-3,3,0,-11,11,9,4,3,7
1,0,-2,0,2,0,-11,11,9,3,2,6
-1,-3,-2,2,1,-2,-11,11,9,2,1,5
-3,-5,-1,4,0,-3,-11,11,8,2,1,5
-5,-6,0,5,-1,-3,-11,11,9,2,1,5
-4,-4,0,4,-1,-2,-10,12,9,3,2,6
-5,-4,0,4,-2,-2,-10,12,9,2,1,5
-6,-5,1,6,-4,-2,-10,12,8,1,0,4
-6,-5,0,6,-4,-2,-10,12,7,0,0,3
-5,-3,1,5,-3,-1,-10,12,8,1,0,3
-5,-2,3,4,-4,0,-9,13,9,1,0,4
-6,-3,4,5,-5,0,-9,14,9,1,0,3
-8,-5,3,6,-5,-1,-9,13,8,1,-1,2
-6,-5,1,5,-4,-2,-9,14,9,2,0,3
-2,-3,0,2,-2,-2,-8,15,11,3,1,4
0,-1,-2,0,0,-1,-7,16,12,4,1,5
3,1,-2,-2,2,0,-6,17,12,4,2,5
5,3,-2,-4,3,0,-5,17,13,4,2,5
2,1,-1,-2,2,0,-6,16,12,4,2,5
-1,0,0,0,0,0,-7,15,12,3,1,4
-2,0,2,1,-1,1,-6,16,12,4,2,5
-3,0,3,1,-2,1,-6,17,13,5,3,6
-4,0,2,2,-3,0,-6,17,14,5,3,6
-5,-1,2,3,-4,0,-7,17,14,4,2,5
-7,-2,3,5,-5,0,-7,16,13,4,1,4
-8,-4,3,6,-6,-1,-8,16,13,3,0,4
-7,-6,1,7,-4,-3,-8,15,13,3,0,3
-5,-7,-1,6,-2,-4,-8,15,13,4,0,4
-3,-5,-2,4,0,-4,-7,16,14,5,1,5
-2,-4,-1,3,0,-3,-6,17,16,7,3,6
-4,-5,0,4,-1,-2,-5,18,16,7,3,7
-5,-6,-1,5,-2,-3,-6,18,16,6,3,6
-4,-7,-3,6,-1,-5,-6,18,16,6,2,5
-2,-5,-3,4,0,-4,-5,18,16,6,3,5
-1,-2,-2,2,0,-1,-4,19,17,7,4,6
0,-1,0,1,0,0,-3,19,18,8,4,7
0,-2,-1,1,0,-1,-2,19,18,8,4,7
0,-2,-2,1,1,-2,-2,19,19,8,5,7
-1,-3,-2,2,1,-2,-1,20,19,9,5,7
-2,-4,-2,3,0,-3,-1,20,19,9,5,7
-3,-4,-2,4,-1,-3,-1,20,19,9,5,8
-3,-3,-1,4,-2,-2,0,20,20,9,6,8
-3,-2,1,3,-3,0,0,20,20,10,6,9
-1,0,2,1,-2,1,0,20,20,10,6,9
2,3,2,-2,0,2,-1,20,20,10,6,9
4,5,2,-4,1,3,0,20,21,11,7,10
4,5,2,-5,1,3,0,22,22,13,8,12
3,6,4,-4,0,4,-1,23,23,14,10,13
0,6,6,-3,-3,5,-2,24,24,15,11,14
0,7,7,-3,-4,6,-2,26,25,16,12,15
1,10,9,-5,-4,8,-1,27,27,18,13,16
2,12,10,-7,-4,11,0,29,28,19,14,17
2,13,11,-8,-4,12,0,30,28,20,15,17
3,14,11,-9,-4,13,0,32,29,21,15,18
5,15,10,-10,-2,13,1,33,30,21,16,18
7,16,9,-12,-1,13,1,33,31,21,16,19
5,16,9,-11,-2,13,0,33,31,21,16,19
4,14,9,-9,-3,12,0,33,30,21,16,19
5,14,7,-9,-2,11,0,32,30,21,16,19
8,14,5,-10,1,9,0,32,31,22,17,19
9,12,3,-10,3,8,0,31,31,22,17,20
8,10,2,-9,3,6,-2,30,30,22,17,20
5,7,1,-6,2,4,-5,28,29,21,17,20
6,7,0,-6,3,3,-7,27,28,21,17,19
10,9,-1,-10,6,3,-7,26,28,20,17,19
15,12,-3,-13,9,3,-7,26,27,20,17,19
17,12,-5,-14,10,3,-7,26,27,19,16,18
15,10,-5,-12,8,2,-7,25,25,18,14,17
10,8,-3,-9,6,2,-7,24,24,17,14,16
8,7,-1,-7,4,2,-7,24,24,16,14,16
8,7,0,-7,4,3,-6,24,24,16,14,16
8,8,0,-8,5,4,-5,25,24,16,15,16
8,8,0,-8,5,3,-5,25,24,16,14,16
7,6,-2,-7,5,1,-4,25,23,15,13,15
7,4,-3,-5,5,0,-4,25,23,15,12,15
5,3,-3,-4,3,-1,-3,25,23,15,12,14
3,1,-2,-1,2,-1,-2,25,23,15,12,14
2,0,-2,-1,2,-1,-2,25,23,14,12,14
5,2,-3,-3,4,0,-1,26,23,14,12,14
8,4,-3,-6,6,0,0,27,23,15,12,14
8,5,-2,-6,5,1,0,27,23,15,12,14
7,4,-2,-6,4,0,0,27,23,15,12,14
6,3,-2,-4,4,0,0,27,23,14,11,13
3,1,-2,-2,2,0,-1,26,22,13,10,12
1,0,-1,0,1,-1,-1,25,21,12,9,11
0,-2,-2,1,1,-2,-1,25,20,11,8,9
-2,-5,-2,3,0,-3,-1,24,19,10,7,8
-5,-6,0,6,-3,-3,0,24,18,9,6,7
-6,-6,0,6,-4,-3,0,24,18,9,5,7
-4,-4,0,4,-2,-3,1,25,18,9,5,7
-1,-1,0,2,-1,-2,2,25,18,9,6,7
0,-2,-1,1,0,-3,2,25,18,9,5,6
-1,-4,-3,3,1,-5,1,25,17,8,4,5
0,-6,-4,4,2,-6,0,24,17,7,3,4
0,-5,-5,3,3,-6,0,25,17,7,3,4
0,-5,-4,2,3,-5,0,25,16,7,3,4
0,-4,-3,2,2,-4,0,25,16,6,3,4
0,-3,-3,2,1,-3,0,25,16,6,3,4
-1,-3,-2,2,0,-3,0,25,16,6,3,4
-1,-4,-2,3,0,-3,0,25,16,6,3,4
-1,-4,-1,3,0,-3,0,25,16,7,3,4
-2,-5,-1,4,0,-3,0,25,16,7,3,4
-5,-8,-2,7,-1,-5,-1,24,16,6,3,4
-9,-12,-2,10,-2,-7,-1,24,15,6,2,3
-10,-13,-2,11,-3,-7,-1,24,15,6,2,3
-9,-11,-1,10,-3,-6,0,25,16,7,3,4
-8,-8,0,8,-4,-4,0,25,16,7,3,4
-9,-8,1,9,-5,-3,0,25,15,6,3,3
-11,-8,2,10,-7,-3,0,24,15,6,3,3
-10,-7,2,9,-6,-2,0,24,15,6,3,3
-6,-5,1,6,-4,-2,0,24,16,7,4,4
-3,-3,0,3,-1,-1,0,25,16,8,5,4
-1,-1,0,1,0,0,0,25,16,8,5,4
-3,-2,1,3,-2,-1,0,24,16,7,4,4
-6,-5,1,6,-4,-2,0,23,15,6,3,3
-7,-5,1,6,-4,-2,0,23,15,6,3,2
-4,-4,-1,5,-2,-3,0,23,15,6,3,2
-1,-5,-4,4,1,-5,0,23,15,6,2,2
-2,-8,-5,6,1,-6,-1,22,15,6,3,2
-5,-9,-3,8,-1,-6,0,23,15,7,4,3
-6,-8,-2,7,-2,-6,0,24,16,8,5,4
-3,-6,-3,5,0,-5,1,24,17,8,5,4
-4,-8,-3,6,-1,-6,1,23,16,7,3,3
-10,-11,-1,11,-5,-7,0,23,15,5,1,1
-10,-11,-1,11,-5,-6,1,24,15,5,1,0
-6,-8,-1,7,-3,-5,2,26,17,7,3,2
-2,-5,-2,3,0,-4,2,28,20,11,6,4
3,-2,-5,0,4,-4,2,29,23,15,10,8
7,-2,-8,-2,7,-6,1,31,28,20,15,12
9,-3,-12,-3,11,-8,1,35,36,28,22,18
14,-3,-17,-5,15,-10,0,41,47,38,31,25
19,-4,-24,-7,21,-15,-1,48,60,50,42,34
27,-5,-33,-10,30,-19,-3,55,75,65,56,45
38,-2,-41,-17,39,-21,-3,65,93,83,73,60
50,3,-47,-25,48,-22,-4,74,111,102,91,75
60,7,-52,-33,56,-22,-6,80,127,119,108,90
68,13,-54,-40,61,-21,-9,82,138,133,122,103
72,20,-51,-46,62,-16,-10,81,142,139,130,112
68,27,-40,-48,54,-7,-9,75,134,131,126,110
53,30,-23,-41,37,3,-5,64,112,107,104,93
31,28,-3,-29,16,13,0,48,79,72,71,65
8,24,15,-16,-4,21,2,27,40,33,36,37
-11,18,29,-3,-20,24,0,4,2,-1,5,11
-25,9,35,8,-30,23,-3,-16,-28,-29,-20,-10
-34,1,36,16,-35,19,-7,-33,-50,-49,-39,-27
-39,-6,33,22,-36,13,-10,-44,-65,-62,-51,-38
-43,-17,27,29,-35,5,-13,-52,-74,-72,-60,-47
-46,-27,20,36,-34,-3,-16,-57,-80,-78,-66,-54
-47,-34,12,40,-31,-10,-19,-60,-82,-82,-70,-58
-46,-39,6,42,-27,-16,-21,-59,-81,-81,-70,-59
-45,-44,0,44,-23,-21,-21,-57,-78,-79,-69,-58
-41,-46,-5,43,-18,-26,-21,-52,-72,-74,-65,-56
-32,-43,-10,38,-11,-27,-19,-45,-64,-67,-59,-51
-24,-38,-13,31,-5,-26,-15,-34,-52,-56,-50,-44
-20,-35,-13,28,-3,-25,-11,-22,-39,-44,-41,-36
-16,-31,-14,24,-2,-23,-7,-11,-28,-34,-32,-29
-12,-26,-14,19,0,-21,-5,-2,-19,-25,-24,-22
-10,-22,-13,16,0,-18,-4,2,-13,-18,-19,-17
-10,-19,-10,15,0,-15,-4,5,-9,-14,-15,-13
-10,-16,-8,13,-1,-12,-4,6,-6,-10,-12,-11
-10,-15,-5,13,-2,-10,-4,7,-5,-8,-11,-9
-11,-14,-3,13,-4,-9,-4,7,-4,-7,-9,-9
-10,-12,-2,11,-4,-7,-4,7,-3,-5,-8,-8
-7,-9,-1,8,-3,-5,-3,8,-1,-4,-6,-6
-8,-8,0,8,-4,-4,-4,9,0,-2,-5,-5
-9,-9,0,9,-5,-4,-4,9,0,-2,-5,-5
-9,-9,0,9,-5,-4,-4,9,0,-1,-4,-4
-7,-7,0,7,-3,-3,-4,10,1,0,-4,-4
-7,-7,0,7,-2,-4,-3,10,2,0,-3,-4
-8,-9,0,8,-3,-5,-3,9,2,-1,-4,-4
-9,-10,0,9,-4,-5,-4,8,1,-1,-4,-5
-10,-11,0,11,-5,-6,-5,8,1,-2,-5,-6
-10,-11,-1,11,-5,-6,-5,9,2,-1,-4,-5
-8,-10,-2,9,-4,-5,-4,10,4,1,-2,-3
-6,-8,-1,7,-3,-4,-3,11,6,2,-1,-1
-4,-5,-1,5,-1,-3,-3,12,6,2,-1,-1
-2,-4,-1,3,0,-2,-3,12,6,2,-1,-2
-3,-6,-1,4,0,-4,-4,12,6,1,-2,-3
-5,-8,-2,7,-1,-6,-4,11,5,1,-2,-3
-4,-8,-3,6,0,-6,-4,11,5,1,-2,-3
-3,-9,-4,6,0,-7,-4,11,5,1,-2,-3
-4,-11,-6,8,0,-8,-5,10,5,1,-2,-3
-3,-10,-6,7,1,-8,-5,10,4,1,-2,-3
-3,-8,-5,6,1,-6,-5,10,4,1,-2,-3
-5,-8,-3,7,-1,-5,-5,10,5,1,-2,-3
-6,-8,-2,7,-1,-5,-5,10,5,1,-2,-3
-5,-8,-2,6,-1,-5,-4,10,5,1,-2,-3
-6,-9,-2,7,-1,-6,-4,10,5,1,-2,-3
-7,-10,-2,8,-2,-6,-5,9,5,1,-2,-3
-4,-8,-3,5,0,-6,-5,9,5,1,-1,-3
-1,-6,-4,3,1,-5,-5,9,5,1,-1,-3
-2,-6,-4,4,0,-5,-5,9,5,1,-1,-3
-4,-7,-3,5,0,-5,-5,8,5,1,-1,-4
-7,-8,-2,7,-2,-5,-5,8,5,1,-1,-4
-9,-10,-1,9,-3,-6,-5,8,5,0,-2,-4
-8,-9,0,8,-3,-5,-6,7,5,0,-2,-5
-9,-9,0,9,-4,-5,-6,8,5,0,-1,-5
-10,-10,1,10,-5,-5,-6,8,5,0,-1,-5
-7,-8,0,8,-3,-4,-5,8,5,1,-1,-4
-1,-3,-2,2,1,-3,-4,10,7,2,0,-2
2,-1,-4,0,3,-2,-3,10,7,3,1,-1
1,-2,-5,0,3,-3,-4,10,7,2,0,-2
1,-3,-5,1,4,-4,-3,10,8,2,1,-2
0,-4,-4,2,3,-4,-3,10,8,2,1,-2
-2,-6,-3,4,0,-4,-3,10,8,2,0,-2
-3,-6,-2,4,0,-3,-4,9,8,2,0,-2
-2,-4,-2,3,0,-3,-4,9,8,2,0,-2
-2,-4,-2,3,0,-3,-5,8,8,2,0,-2
-2,-4,-1,3,0,-2,-4,9,8,2,1,-1
-2,-2,0,2,-1,-1,-3,9,10,3,2,0
-2,-1,0,2,-1,0,-3,10,11,4,2,0
-1,0,0,0,0,0,-3,9,11,3,2,0
1,0,0,0,1,0,-4,9,10,3,2,0
2,1,0,-1,1,1,-4,9,10,3,2,0
1,1,1,-1,0,1,-3,9,11,3,3,0
0,1,2,0,-1,1,-3,10,11,4,3,1
0,0,1,0,0,0,-3,10,11,4,3,1
0,0,1,0,0,0,-3,10,11,4,3,1
-1,1,2,0,-1,2,-3,10,11,4,3,1
-1,1,2,0,-1,2,-3,9,11,4,3,1
0,1,1,0,-1,2,-3,9,11,4,3,1
0,2,1,-1,-1,3,-3,9,12,4,4,1
2,3,2,-2,-1,3,-3,9,12,5,4,2
2,4,1,-3,0,3,-4,9,12,4,4,2
1,2,1,-2,0,1,-6,7,10,3,2,0
0,1,1,-1,-1,1,-7,6,9,2,1,0
1,3,1,-2,0,2,-6,6,9,2,1,0
2,4,2,-3,0,3,-6,6,9,2,2,0
0,4,4,-1,-2,4,-5,6,9,3,3,0
-1,4,5,-1,-3,4,-5,6,9,3,3,1
1,5,5,-3,-2,5,-4,7,10,3,3,2
3,7,4,-5,-1,5,-4,8,10,3,3,2
4,9,4,-6,0,6,-3,8,10,3,3,3
5,10,4,-8,0,6,-4,7,9,2,3,2
5,10,4,-7,0,6,-5,6,8,0,2,1
1,8,6,-4,-2,7,-6,5,6,0,1,0
-2,6,7,-2,-5,7,-7,4,5,-2,0,0
-4,5,8,0,-6,7,-8,2,3,-3,-1,-2
-5,3,8,1,-7,6,-8,1,2,-3,-2,-2
-4,3,7,0,-6,5,-8,1,2,-3,-2,-2
0,7,7,-3,-5,7,-8,1,3,-3,-2,-2
0,8,7,-4,-4,7,-7,1,3,-3,-2,-1
-1,5,7,-2,-5,6,-7,0,2,-4,-2,-2
-2,3,5,0,-4,4,-7,0,2,-4,-2,-2
-3,1,5,1,-4,3,-7,0,1,-4,-2,-2
-4,1,5,2,-5,3,-7,0,1,-5,-2,-2
-3,2,6,0,-5,5,-7,0,0,-5,-2,-2
-1,5,7,-2,-5,6,-6,0,-3,-5,-2,-2
1,8,7,-4,-4,8,-6,0,-7,-5,-2,-1
1,10,9,-5,-5,9,-6,0,-10,-5,-2,-1
0,11,10,-5,-5,10,-6,0,-12,-5,-2,-1
0,10,11,-5,-5,10,-6,0,-14,-5,-2,-1
-1,9,9,-4,-5,9,-6,0,-15,-5,-2,-2
0,8,8,-3,-4,8,-6,-1,-16,-5,-2,-2
0,7,7,-3,-4,8,-6,0,-17,-5,-2,-1
-2,5,7,-1,-5,7,-6,-1,-18,-6,-2,-1
-3,2,6,0,-5,5,-7,-2,-20,-7,-4,-3
-4,1,6,2,-6,4,-8,-3,-21,-9,-5,-4
-5,1,6,2,-6,4,-9,-4,-22,-9,-5,-4
-4,3,6,1,-5,5,-8,-3,-22,-8,-4,-3
0,6,6,-3,-3,6,-7,-2,-21,-7,-3,-2
2,8,5,-5,-1,6,-6,-2,-21,-6,-2,-1
3,7,3,-5,0,6,-7,-3,-22,-6,-3,-2
3,7,3,-6,0,6,-7,-3,-22,-6,-2,-2
1,7,5,-5,-3,7,-7,-2,-21,-5,-2,-1
0,7,7,-4,-4,7,-7,-1,-21,-5,-1,-1
1,7,6,-5,-3,6,-7,-1,-21,-4,-1,-1
2,6,4,-4,-1,5,-7,-1,-21,-4,-1,-1
0,3,2,-2,-1,3,-7,-1,-21,-4,-1,-1
0,2,2,-1,0,2,-7,0,-21,-4,-1,0
2,5,2,-3,0,3,-6,0,-20,-3,0,0
4,7,2,-5,1,4,-6,0,-19,-3,0,0
3,5,1,-4,0,3,-7,-1,-20,-4,-1,-1
0,1,1,-1,-1,1,-8,-2,-21,-5,-2,-2
-3,-2,0,2,-2,-1,-9,-2,-21,-5,-3,-3
-4,-3,0,4,-2,-2,-9,-2,-21,-5,-3,-4
-3,-2,1,3,-2,-1,-8,-1,-20,-5,-2,-3
-1,0,1,1,-1,0,-6,0,-19,-4,-1,-2
0,0,0,0,0,0,-5,0,-19,-3,0,-1
0,0,0,0,-1,0,-4,1,-18,-2,0,-1
-1,0,1,1,-1,0,-4,1,-18,-2,0,-1
0,1,0,-1,0,0,-3,2,-17,-2,0,-1
4,3,0,-3,2,1,-2,3,-16,-1,1,-1
4,4,0,-4,2,2,-2,3,-16,0,1,0
3,2,0,-2,1,1,-2,3,-16,-1,1,-1
1,0,0,0,0,0,-2,2,-17,-1,0,-2
0,1,1,0,0,1,-2,2,-17,-1,0,-2
0,2,2,0,-1,2,-1,3,-16,-1,1,-2
-2,1,2,0,-2,2,-1,3,-16,-1,1,-2
-2,1,3,0,-3,1,-2,3,-16,-1,0,-2
-2,0,2,1,-2,0,-2,3,-17,-2,0,-2
-1,-2,0,1,0,-1,-2,2,-18,-2,-1,-3
1,-1,-2,0,2,-2,-2,2,-18,-2,-1,-3
3,0,-2,-1,3,-1,-1,3,-17,-2,0,-3
3,1,-2,-1,3,-1,-1,4,-16,-1,0,-2
1,0,-2,0,2,-1,-1,4,-16,-1,0,-2
0,-2,-2,2,0,-1,-1,4,-17,-2,0,-2
-1,-1,-1,1,0,-1,-1,4,-17,-2,0,-2
1,1,0,-1,1,0,0,5,-16,-1,0,-2
3,2,0,-2,2,1,0,6,-16,-1,1,-1
1,1,1,-1,0,0,0,6,-16,-1,1,0
-1,0,1,1,-1,0,0,6,-16,-1,1,0
-1,-1,0,2,0,-1,0,6,-16,-1,1,-1
0,-2,-2,1,1,-3,-1,6,-16,-1,0,-2
0,-3,-4,1,2,-3,-1,6,-16,-1,0,-2
2,-1,-4,0,3,-2,0,7,-15,-1,1,-1
4,1,-4,-2,4,-1,0,8,-15,-1,1,-1
5,1,-4,-3,4,-2,-1,7,-15,-1,0,-1
4,0,-5,-2,4,-3,-1,7,-15,-1,0,-1
3,-1,-5,0,4,-4,-1,7,-15,-1,0,-1
1,-3,-4,1,2,-4,-1,7,-15,-1,0,-1
0,-4,-3,2,1,-4,-1,7,-15,-1,1,-1
1,-2,-4,1,2,-3,-1,8,-14,0,1,-1
3,0,-4,-1,3,-2,0,8,-13,1,2,0
4,0,-4,-2,3,-2,-1,8,-13,1,2,0
2,-1,-3,-1,2,-2,-1,8,-12,1,2,0
1,0,-1,-1,1,-1,0,9,-11,2,3,1
1,2,1,-1,0,0,0,10,-10,3,5,2
0,3,2,-1,-1,2,0,11,-9,4,6,3
0,5,3,-2,-1,3,0,12,-8,6,7,4
2,7,3,-4,0,5,0,13,-6,7,8,6
3,8,3,-5,0,6,0,14,-6,8,9,7
3,8,4,-5,0,6,0,14,-5,9,10,8
4,9,4,-6,0,7,0,15,-5,9,10,8
6,11,5,-9,0,8,2,16,-3,11,11,9
8,14,6,-11,0,10,3,18,-1,12,13,11
9,16,7,-12,0,11,4,20,0,14,15,12
9,16,7,-12,0,12,4,21,1,15,16,13
8,15,6,-11,1,11,4,21,1,15,15,13
9,13,3,-11,3,9,3,21,0,14,15,12
11,15,3,-13,4,10,3,21,1,15,15,13
11,16,5,-14,3,11,3,22,2,15,16,13
10,15,6,-13,2,11,2,21,2,14,15,13
9,14,6,-12,2,10,0,19,0,13,14,12
11,14,3,-13,4,9,-1,17,0,13,14,12
17,16,0,-17,9,8,-2,16,0,14,15,13
20,17,-4,-19,12,7,-4,15,0,14,16,13
20,15,-5,-18,12,6,-6,14,0,14,16,13
19,14,-5,-16,12,5,-6,13,0,14,16,13
18,12,-6,-15,12,3,-7,12,-1,13,15,13
17,11,-6,-14,11,3,-7,11,-3,11,14,12
12,9,-4,-11,8,2,-8,9,-5,10,13,10
9,6,-3,-8,6,1,-8,7,-7,8,11,9
9,7,-2,-8,6,2,-7,7,-7,8,11,9
9,9,0,-9,5,5,-5,9,-5,10,13,10
6,8,2,-7,2,6,-3,10,-4,11,14,11
6,6,0,-6,2,4,-3,10,-4,10,13,10
7,4,-3,-6,5,2,-4,9,-5,9,11,9
6,2,-5,-4,5,0,-4,8,-6,8,10,8
5,0,-5,-3,5,-2,-3,7,-7,7,10,7
5,1,-5,-4,5,-2,-3,7,-7,7,10,7
8,3,-5,-6,6,0,-2,8,-6,7,10,7
11,6,-5,-9,8,1,-1,8,-6,7,10,7
13,8,-5,-10,9,2,0,9,-6,7,10,7
13,8,-5,-10,9,2,0,9,-5,7,10,7
11,6,-4,-8,8,2,0,9,-5,7,9,7
7,2,-5,-5,6,0,0,8,-7,5,8,6
3,-2,-6,0,5,-3,-1,6,-8,4,6,4
0,-4,-5,1,3,-4,0,6,-8,3,5,4
0,-3,-3,2,1,-4,0,6,-9,3,4,3
-2,-5,-2,4,0,-4,0,5,-11,1,2,1
-5,-8,-2,7,-1,-6,-1,3,-13,-1,0,-1
-7,-9,-2,8,-2,-6,-1,3,-14,-2,-1,-3
-8,-10,-2,9,-3,-5,0,2,-14,-3,-2,-3
-9,-10,-1,9,-3,-5,0,3,-14,-3,-2,-3
-8,-10,-1,9,-3,-5,2,4,-13,-3,-1,-3
-6,-8,-2,7,-2,-5,3,5,-12,-2,-1,-2
-6,-8,-2,6,-1,-5,3,5,-12,-2,-1,-3
-6,-9,-3,7,-1,-6,2,4,-13,-3,-2,-4
-4,-8,-4,6,1,-6,1,3,-14,-4,-3,-5
0,-4,-4,2,3,-5,1,3,-14,-3,-3,-5
1,-2,-4,0,3,-3,2,4,-14,-2,-2,-5
0,-2,-3,1,2,-2,3,5,-13,-2,-1,-4
-3,-4,-2,3,0,-2,3,6,-13,-1,-1,-3
-5,-5,-1,5,-2,-2,4,6,-12,-1,0,-3
-3,-3,-1,3,-1,-2,4,7,-12,0,0,-2
-2,-3,-1,2,0,-2,4,7,-12,0,0,-2
-4,-5,-1,5,-1,-3,3,6,-14,-1,-1,-3
-7,-9,-1,8,-3,-5,2,4,-15,-2,-2,-4
-7,-10,-2,9,-2,-5,1,4,-15,-3,-2,-5
-6,-9,-3,8,-1,-6,1,4,-15,-3,-2,-5
-7,-9,-3,8,-2,-5,2,4,-15,-3,-2,-4
-8,-10,-3,8,-2,-5,2,4,-14,-3,-2,-4
-6,-9,-4,7,-1,-6,2,4,-14,-3,-2,-5
-2,-7,-5,4,1,-6,3,4,-14,-2,-2,-4
0,-6,-6,3,2,-6,3,4,-13,-2,-1,-4
-3,-9,-5,6,0,-7,3,4,-14,-2,-1,-4
-9,-11,-3,10,-3,-7,2,3,-14,-2,-2,-4
-10,-11,-1,11,-5,-6,2,3,-14,-2,-2,-5
-7,-7,-1,7,-3,-4,3,4,-14,-2,-1,-4
-3,-3,-1,2,-1,-2,4,5,-13,-1,-1,-4
-1,-2,-1,1,0,-2,4,5,-12,-1,-1,-4
-2,-3,-1,3,-1,-2,3,4,-13,-2,-1,-4
-3,-5,-1,4,-1,-3,3,4,-13,-2,-2,-4
-3,-7,-3,5,0,-4,3,4,-13,-2,-2,-4
-2,-8,-5,5,1,-6,3,4,-13,-1,-1,-4
-1,-8,-6,4,2,-6,4,5,-12,0,-1,-4
-2,-8,-6,5,1,-6,5,6,-12,0,-1,-5
-5,-9,-4,7,-1,-6,6,7,-12,-2,-3,-6
-7,-9,-3,8,-2,-6,5,7,-13,-3,-4,-8
-6,-8,-2,7,-2,-5,5,8,-11,-2,-3,-7
-5,-6,0,6,-2,-3,6,10,-8,2,0,-4
-4,-4,1,4,-2,-1,7,13,-3,7,5,0
-2,-3,-1,3,0,-1,7,17,2,13,10,4
3,-3,-6,0,4,-4,6,21,10,20,16,9
11,0,-12,-5,11,-5,7,29,22,31,26,17
22,3,-20,-12,20,-7,7,38,37,45,39,28
32,4,-29,-18,30,-12,6,46,53,61,53,40
41,4,-38,-22,39,-17,4,54,70,77,68,53
52,6,-46,-29,48,-20,1,61,88,95,86,68
63,13,-50,-37,56,-18,-1,66,104,113,104,84
70,20,-50,-44,59,-14,-4,68,116,127,119,98
71,26,-44,-48,57,-8,-5,65,120,133,127,106
65,32,-32,-49,48,1,-4,57,110,125,123,104
53,35,-19,-44,36,8,-3,43,86,100,102,88
38,31,-8,-34,23,11,-4,21,51,62,69,61
21,23,1,-22,9,12,-7,-5,9,22,33,32
4,15,9,-9,-3,12,-11,-30,-30,-14,2,6
-12,3,15,5,-13,9,-14,-51,-62,-44,-24,-15
-25,-9,15,18,-20,3,-16,-67,-86,-66,-45,-33
-31,-18,12,25,-21,-3,-17,-76,-100,-79,-58,-46
-30,-22,7,26,-19,-7,-17,-79,-106,-86,-66,-53
-30,-27,3,28,-17,-12,-18,-79,-109,-90,-70,-58
-32,-33,0,33,-17,-17,-19,-78,-109,-92,-73,-62
-36,-39,-3,38,-17,-21,-20,-75,-106,-91,-74,-63
-37,-43,-5,40,-17,-24,-19,-70,-101,-87,-72,-63
-34,-43,-9,39,-13,-26,-16,-61,-92,-80,-67,-60
-29,-44,-14,37,-8,-28,-12,-49,-80,-70,-60,-54
-25,-43,-17,34,-4,-29,-8,-37,-68,-60,-51,-48
-22,-41,-18,31,-2,-29,-5,-27,-57,-50,-43,-42
-18,-35,-17,27,-1,-26,-3,-19,-47,-41,-35,-35
-15,-28,-13,21,-1,-21,-2,-13,-40,-33,-28,-29
-13,-21,-8,17,-2,-15,-2,-10,-34,-27,-23,-24
-12,-16,-5,14,-3,-11,-2,-8,-31,-23,-20,-21
-10,-13,-3,12,-3,-8,-1,-6,-28,-20,-17,-18
-10,-12,-1,11,-4,-6,0,-3,-25,-16,-14,-15
-12,-11,1,12,-7,-4,2,0,-22,-13,-11,-12
-12,-8,3,10,-8,-2,3,2,-19,-10,-8,-10
-10,-7,3,9,-7,-1,4,4,-18,-8,-7,-9
-10,-7,2,9,-7,-2,3,4,-17,-8,-6,-9
-11,-9,1,10,-6,-4,2,4,-18,-8,-7,-9
-10,-10,0,10,-6,-5,2,4,-18,-8,-7,-10
-8,-8,0,8,-4,-5,2,4,-17,-8,-7,-9
-3,-4,0,4,-2,-2,3,5,-16,-7,-6,-8
-2,-2,1,2,-2,0,4,6,-15,-6,-6,-8
-4,-2,2,3,-3,0,4,7,-14,-5,-5,-7
-6,-4,2,4,-4,0,3,7,-14,-5,-5,-7
-7,-6,1,5,-4,-1,2,7,-14,-5,-5,-7
-7,-7,0,6,-4,-2,2,8,-14,-5,-5,-7
-5,-6,0,5,-3,-2,2,9,-13,-4,-4,-6
-4,-4,0,4,-2,-1,3,9,-13,-3,-4,-5
-4,-4,0,4,-2,-1,2,9,-13,-4,-4,-5
-5,-4,1,5,-3,-1,2,9,-13,-4,-4,-6
-6,-5,1,6,-3,-1,1,8,-13,-4,-5,-7
-6,-5,0,6,-3,-2,1,8,-14,-5,-5,-8
-6,-5,0,6,-3,-2,1,9,-14,-5,-5,-8
-6,-4,0,5,-3,-2,1,10,-13,-4,-4,-7
-5,-4,1,5,-3,-1,2,11,-12,-3,-4,-6
-6,-4,2,5,-4,-1,1,11,-13,-4,-4,-6
-9,-6,2,8,-6,-2,1,10,-13,-5,-5,-7
-10,-9,1,10,-6,-3,0,10,-14,-5,-5,-7
-8,-8,0,8,-5,-3,0,9,-14,-5,-6,-7
-4,-5,0,5,-3,-2,0,9,-14,-5,-6,-7
-3,-3,0,3,-2,-2,0,10,-14,-4,-5,-7
-6,-4,1,5,-4,-2,1,10,-13,-3,-5,-6
-8,-6,1,7,-5,-2,0,10,-13,-3,-5,-6
-8,-7,1,8,-5,-3,0,10,-13,-3,-5,-7
-6,-4,1,6,-4,-1,0,11,-12,-3,-4,-6
-4,-1,2,3,-3,0,1,12,-11,-2,-3,-6
-4,-2,1,3,-3,0,2,12,-11,-2,-3,-6
-5,-3,1,4,-3,-1,2,12,-11,-2,-3,-6
-5,-3,2,4,-3,0,2,12,-11,-1,-3,-5
-5,-2,2,3,-3,0,2,12,-11,-1,-3,-5
-4,-2,1,2,-2,0,2,12,-11,-1,-3,-5
-3,-2,1,2,-2,0,2,12,-10,-1,-3,-5
-2,-1,1,1,-1,0,2,13,-10,-1,-2,-5
1,2,1,-1,0,1,2,13,-10,0,-2,-4
1,3,1,-2,0,2,2,13,-10,0,-1,-4
-2,1,2,1,-3,1,2,13,-11,0,-2,-4
-6,-2,3,4,-5,0,1,11,-12,-1,-3,-5
-11,-6,3,8,-8,0,0,10,-12,-2,-4,-6
-13,-8,3,10,-9,-1,0,10,-12,-2,-4,-6
-10,-6,3,8,-7,0,0,11,-12,-1,-3,-5
-6,-3,3,5,-5,1,0,11,-11,-1,-3,-5
-7,-3,4,5,-6,1,0,11,-12,-1,-3,-5
-8,-4,4,7,-7,0,0,10,-12,-2,-4,-6
-8,-3,5,6,-7,0,0,11,-12,-1,-3,-5
-7,-1,5,4,-7,2,0,12,-11,0,-2,-4
-5,0,5,3,-6,2,1,12,-10,0,-2,-3
-3,1,3,1,-4,2,1,12,-10,0,-1,-3
-2,1,3,0,-3,3,1,12,-9,1,-1,-2
-1,2,4,0,-3,3,1,12,-9,1,-1,-2
-1,3,5,0,-3,4,0,11,-10,0,-1,-2
-1,4,6,-1,-3,4,0,11,-10,0,-1,-2
1,5,5,-2,-2,5,0,11,-9,0,0,-1
2,6,5,-3,-2,5,1,11,-8,1,0,0
0,6,6,-2,-4,6,2,12,-7,2,1,0
-3,6,9,-1,-6,7,2,12,-7,3,2,1
-4,7,10,-1,-7,8,2,12,-7,3,2,1
-2,8,10,-2,-6,8,2,12,-7,3,2,1
-1,9,10,-3,-5,8,2,12,-7,3,2,2
-2,8,10,-2,-6,8,2,11,-7,3,2,2
-4,7,11,-1,-7,8,2,10,-7,2,2,2
-3,7,10,-1,-6,8,1,10,-8,2,2,2
-2,7,9,-2,-5,8,1,10,-8,2,2,2
-3,7,9,-2,-5,8,1,11,-8,2,2,2
-4,6,9,-1,-6,8,0,11,-9,1,1,1
-3,6,9,-1,-6,8,0,11,-10,0,0,0
-3,7,10,-2,-6,8,0,11,-10,0,0,0
-3,7,11,-2,-7,9,-1,10,-10,0,0,0
-3,7,11,-2,-8,9,-1,9,-11,-1,0,0
-3,8,11,-3,-8,9,-2,8,-12,-3,-1,-1
-2,9,12,-4,-8,10,-2,7,-13,-3,-1,-1
-1,12,12,-6,-7,12,-2,7,-13,-3,-1,0
1,13,11,-7,-5,12,-1,7,-12,-2,0,0
2,12,9,-7,-4,11,0,7,-11,-2,0,0
2,10,8,-6,-3,9,0,7,-11,-3,-1,0
1,8,7,-4,-3,7,0,7,-11,-3,-1,0
0,7,8,-3,-5,7,0,7,-11,-3,-1,0
-3,7,10,-2,-7,9,0,7,-10,-3,0,0
-5,7,12,-1,-8,9,0,7,-10,-3,0,0
-6,6,12,0,-9,9,0,5,-11,-4,-1,0
-6,7,13,0,-9,9,0,5,-11,-5,-2,0
-6,8,13,-1,-10,10,0,5,-10,-5,-2,0
-4,10,14,-2,-9,11,0,4,-10,-5,-2,0
-3,11,13,-3,-9,11,0,3,-11,-5,-3,0
-2,11,12,-4,-8,11,-1,2,-11,-6,-3,-1
-2,10,12,-3,-8,10,-1,2,-11,-6,-3,-2
-3,9,12,-2,-8,10,-1,2,-11,-6,-3,-1
-3,9,11,-3,-7,10,0,2,-10,-5,-2,-1
-1,9,11,-4,-6,10,0,2,-10,-5,-2,-1
-2,9,11,-3,-6,10,0,2,-10,-6,-3,-1
-5,7,12,-1,-9,9,0,1,-10,-6,-3,-1
-6,5,12,0,-10,8,-1,1,-10,-6,-4,-2
-6,4,10,1,-9,7,-1,0,-10,-7,-4,-2
-7,2,9,2,-8,6,-2,0,-10,-7,-5,-3
-6,3,9,1,-7,6,-2,0,-9,-7,-4,-3
-1,6,8,-3,-5,7,-2,0,-8,-6,-3,-2
0,7,8,-4,-3,7,-2,0,-8,-6,-3,-2
0,6,7,-3,-3,6,-3,0,-8,-6,-4,-3
1,7,7,-4,-3,6,-2,0,-7,-6,-4,-3
2,9,7,-6,-2,8,-1,2,-4,-4,-2,-1
2,9,7,-5,-3,8,0,4,-3,-3,-1,0
1,9,7,-5,-3,8,0,4,-2,-3,-1,0
2,10,8,-5,-3,9,0,4,-2,-2,0,0
0,8,8,-4,-3,8,0,4,-2,-2,0,-1
-1,7,8,-3,-4,7,0,4,-2,-3,-1,-1
0,8,8,-5,-3,8,0,4,-1,-3,-1,-1
2,10,8,-6,-2,9,0,4,0,-2,-1,-1
1,9,8,-5,-3,8,0,5,0,-2,0,-1
0,7,7,-3,-3,7,1,5,1,-1,0,-1
-1,4,7,-1,-4,5,0,4,1,-2,-1,-1
-3,3,7,0,-5,5,0,4,1,-2,-1,-1
-1,4,6,-1,-4,5,1,5,2,-1,0,-1
2,5,4,-4,-1,5,2,6,2,0,0,0
4,6,3,-5,0,4,2,7,3,0,0,0
5,6,1,-6,2,3,2,7,3,0,0,-1
6,5,0,-6,3,2,2,7,3,0,0,-2
5,2,-2,-3,3,0,1,6,2,-1,-2,-3
2,-1,-3,-1,2,-2,0,6,2,-2,-2,-4
2,-2,-3,0,2,-2,0,6,2,-2,-2,-4
2,-1,-2,0,2,-1,1,6,2,-2,-2,-4
1,0,-1,0,1,0,1,6,1,-2,-2,-4
0,0,0,0,0,0,1,6,1,-3,-3,-5
0,0,0,0,-1,0,1,6,0,-3,-4,-5
1,2,1,-2,-1,1,1,6,1,-3,-4,-5
2,4,1,-3,0,2,2,6,1,-3,-4,-5
1,2,1,-2,-1,2,2,6,1,-3,-4,-5
-3,-1,2,1,-3,1,1,6,1,-4,-4,-5
-5,-2,3,3,-4,0,1,5,1,-4,-5,-6
-4,-1,2,3,-3,0,1,6,1,-4,-4,-5
-2,0,1,1,-1,0,2,6,1,-4,-4,-5
-2,-1,0,2,-1,-1,2,7,1,-4,-4,-6
-3,-4,0,4,-1,-3,2,7,1,-4,-5,-6
-4,-5,0,4,-2,-3,2,7,1,-5,-5,-7
-5,-4,1,5,-3,-1,3,8,2,-4,-5,-6
-7,-4,3,5,-5,0,4,9,2,-3,-4,-5
-6,-3,2,5,-4,0,4,9,3,-3,-3,-5
-2,-1,1,2,-1,0,4,9,3,-2,-3,-4
1,1,0,-1,0,0,4,9,2,-2,-3,-4
1,0,0,0,0,0,4,9,2,-3,-3,-5
-1,-2,0,2,0,-2,4,9,2,-3,-4,-5
-3,-3,0,3,-2,-2,4,8,2,-3,-5,-6
-4,-3,1,4,-3,-1,4,9,2,-3,-4,-5
-4,-2,2,3,-3,0,4,9,2,-3,-4,-5
-4,-2,1,3,-2,0,4,9,1,-4,-5,-6
-3,-3,0,3,-1,-2,3,9,0,-5,-6,-7
-4,-4,0,5,-2,-3,2,8,0,-5,-6,-8
-6,-6,0,6,-3,-3,2,8,0,-6,-7,-8
-7,-5,1,6,-4,-3,3,8,0,-5,-6,-8
-3,-2,1,3,-2,-1,4,10,1,-4,-5,-7
0,1,1,0,-1,1,6,11,2,-2,-3,-5
0,2,2,0,-1,2,6,12,2,-1,-2,-4
1,3,2,-2,-1,3,7,13,3,-1,-1,-3
4,6,2,-4,0,4,7,14,3,0,-1,-3
4,7,3,-5,0,5,6,14,3,0,-1,-3
2,6,4,-4,0,5,6,14,4,0,-1,-3
2,6,4,-4,-1,5,6,14,4,1,0,-2
3,8,5,-5,-1,6,6,15,5,1,0,-2
3,9,5,-6,-1,7,6,16,5,2,0,-1
3,8,6,-5,-2,7,5,16,5,2,1,-1
3,8,6,-5,-2,7,5,16,5,2,1,-1
4,10,7,-7,-2,8,5,17,6,3,2,0
2,12,10,-7,-3,10,7,19,8,5,3,2
1,11,11,-6,-5,10,7,20,9,7,4,3
2,12,10,-7,-4,10,8,21,9,7,5,3
5,15,9,-10,-2,11,8,22,10,8,5,4
6,15,9,-10,-2,12,9,23,11,9,6,4
5,15,9,-10,-2,12,9,24,12,10,7,5
6,15,9,-11,-1,12,9,24,12,10,7,5
9,16,7,-12,0,12,8,24,12,10,7,5
10,16,5,-13,2,11,6,23,11,9,7,5
13,16,4,-15,4,10,5,22,11,9,7,5
15,17,1,-16,7,9,4,21,11,9,8,5
17,16,-1,-16,9,7,2,19,11,9,8,6
17,14,-3,-15,10,5,0,18,10,9,9,6
17,12,-4,-14,10,3,-1,17,10,9,9,7
13,9,-4,-10,8,2,-3,15,9,8,8,6
11,7,-4,-8,7,1,-3,14,8,7,7,5
13,8,-6,-10,10,1,-3,13,7,7,7,5
13,8,-6,-10,10,1,-3,12,6,7,6,5
9,6,-3,-7,7,1,-2,11,5,5,5,4
6,5,-1,-5,3,2,-2,11,5,5,5,4
8,7,-1,-7,4,3,-1,11,5,5,5,4
12,8,-3,-10,7,2,-1,11,4,4,4,4
14,7,-6,-10,9,0,-1,10,3,3,3,2
13,6,-7,-10,9,0,-1,9,3,2,2,1
10,4,-6,-7,8,-1,-1,8,2,2,1,0
7,3,-4,-5,6,-1,0,8,2,2,1,0
7,4,-3,-6,6,0,0,9,2,2,1,0
9,5,-4,-7,6,0,1,10,2,2,1,0
10,4,-5,-7,7,-1,1,9,1,1,0,-1
10,2,-7,-5,8,-3,1,8,0,0,-1,-2
9,0,-8,-4,8,-4,1,8,1,0,-1,-2
7,0,-7,-3,6,-4,3,9,2,0,0,-1
4,-1,-5,-1,4,-3,3,9,2,1,1,-1
2,-1,-5,-1,4,-3,3,9,2,1,1,-1
2,0,-4,-1,4,-2,4,10,2,1,1,-1
1,0,-2,0,2,-2,5,11,2,1,1,-1
0,-1,-1,0,1,-1,5,11,1,0,0,-2
-1,-3,0,2,-1,-1,5,10,0,-2,-2,-4
-4,-4,0,5,-3,-2,5,9,-1,-3,-3,-5
-6,-6,1,7,-4,-2,5,9,-1,-4,-4,-6
-8,-8,0,8,-4,-3,5,8,-2,-5,-5,-7
-8,-9,-1,9,-3,-4,4,7,-3,-6,-6,-8
-8,-9,-1,8,-2,-5,4,7,-4,-7,-7,-9
-6,-8,-2,7,-1,-5,4,7,-5,-7,-8,-9
-4,-6,-1,5,-1,-4,6,8,-4,-6,-7,-8
-4,-5,0,4,-2,-3,7,8,-4,-6,-6,-8
-4,-4,0,4,-2,-3,7,8,-4,-6,-6,-8
-4,-4,0,4,-2,-3,7,8,-4,-5,-6,-8
-4,-4,0,4,-2,-2,7,9,-3,-5,-5,-7
-4,-5,0,5,-2,-3,7,9,-3,-4,-5,-7
-6,-7,0,6,-3,-3,7,9,-3,-4,-6,-7
-6,-7,1,6,-3,-3,8,10,-3,-4,-6,-7
-6,-6,0,6,-3,-3,8,10,-3,-4,-6,-7
-7,-6,0,7,-4,-3,7,9,-3,-5,-6,-8
-6,-5,1,6,-4,-2,7,8,-3,-5,-7,-8
-5,-3,2,5,-4,-1,7,8,-3,-5,-7,-8
-4,-2,2,4,-3,0,7,8,-3,-5,-7,-8
-3,-3,1,4,-2,-1,7,8,-3,-5,-7,-8
-2,-4,0,3,-1,-2,7,8,-3,-5,-7,-8
-2,-4,-1,3,0,-2,7,8,-3,-6,-7,-8
-2,-4,-1,3,0,-2,7,8,-3,-6,-7,-8
-3,-5,0,4,-1,-2,7,8,-3,-6,-7,-8
-5,-5,1,5,-3,-1,7,8,-3,-6,-7,-9
-7,-5,2,6,-5,-1,6,7,-4,-6,-7,-9
-5,-4,1,5,-3,-1,6,6,-5,-7,-8,-10
0,-2,0,1,0,-1,6,6,-5,-7,-9,-10
1,-1,-1,0,1,-1,7,7,-5,-7,-8,-10
-1,-2,0,1,-1,-1,7,7,-4,-6,-8,-9
-3,-2,2,2,-2,0,8,8,-4,-6,-7,-9
-1,0,2,0,-1,1,8,9,-3,-5,-6,-8
-1,1,2,0,-1,2,8,9,-2,-4,-6,-8
-1,1,2,0,-2,1,8,9,-2,-3,-6,-7
0,1,2,0,-1,1,9,10,-2,-3,-6,-7
0,1,2,0,-1,1,10,11,-2,-3,-6,-7
-1,0,2,0,-2,1,11,11,-2,-3,-6,-8
-3,0,4,1,-3,2,11,12,-1,-3,-6,-8
-3,1,4,0,-4,3,12,13,1,-1,-5,-7
-2,2,4,0,-3,3,12,15,4,2,-2,-4
-1,1,2,0,-2,2,12,17,8,5,1,-2
0,0,0,0,0,0,11,20,12,9,4,0
7,1,-5,-4,6,-2,11,25,21,17,11,5
17,4,-12,-10,14,-3,11,34,33,28,21,14
29,7,-20,-18,25,-6,12,43,49,43,35,25
42,9,-30,-25,36,-9,12,52,66,59,50,38
52,11,-40,-32,46,-13,10,60,83,75,66,51
60,13,-46,-37,54,-16,8,66,99,91,82,65
69,18,-50,-44,60,-16,6,69,113,106,97,78
75,24,-51,-49,63,-14,3,70,123,116,109,89
76,30,-46,-52,61,-8,1,65,123,118,114,94
70,36,-34,-53,52,1,2,56,111,108,106,90
58,37,-20,-48,39,8,4,40,85,83,84,72
39,29,-9,-35,24,10,1,15,48,46,51,46
17,18,1,-18,8,10,-3,-12,7,8,17,18
-3,8,11,-3,-6,10,-7,-37,-29,-25,-12,-6
-18,-1,16,9,-17,8,-8,-56,-58,-50,-35,-26
-26,-9,16,17,-21,4,-9,-69,-77,-68,-52,-41
-30,-16,13,23,-21,-2,-10,-76,-89,-79,-63,-51
-32,-23,9,27,-21,-8,-12,-81,-96,-86,-71,-59
-35,-30,6,32,-21,-13,-14,-82,-99,-90,-75,-63
-39,-36,4,37,-22,-16,-14,-80,-98,-90,-76,-65
-39,-40,1,39,-20,-20,-14,-77,-94,-87,-75,-65
-37,-42,-4,39,-16,-23,-12,-70,-88,-82,-72,-63
-34,-42,-8,38,-12,-25,-8,-60,-78,-75,-66,-60
-30,-40,-11,35,-9,-26,-4,-48,-66,-66,-60,-55
-24,-38,-14,31,-5,-26,-1,-36,-54,-56,-52,-49
-18,-34,-15,26,-2,-25,1,-26,-43,-47,-44,-42
-13,-29,-15,21,0,-23,2,-20,-35,-38,-37,-36
-9,-24,-13,16,2,-19,3,-15,-28,-30,-30,-29
-4,-16,-10,10,2,-13,5,-10,-21,-23,-23,-23
-3,-10,-6,6,1,-7,7,-7,-16,-17,-18,-18
-3,-7,-3,5,0,-4,8,-5,-13,-14,-15,-15
-3,-6,-3,5,0,-4,9,-3,-11,-12,-14,-14
-3,-5,-2,4,0,-3,9,-2,-10,-10,-13,-13
-1,-3,-1,2,0,-2,10,0,-8,-9,-11,-12
2,0,-1,-1,1,-1,10,0,-7,-7,-10,-10
4,3,0,-4,2,0,11,1,-5,-5,-8,-9
5,4,0,-5,2,2,12,2,-3,-3,-6,-7
4,4,0,-4,2,2,12,2,-3,-2,-6,-7
1,1,0,-1,1,1,11,1,-4,-3,-7,-9
-3,-2,1,3,-1,0,9,0,-5,-5,-9,-10
-7,-5,1,6,-3,-1,9,0,-5,-5,-9,-11
-6,-6,0,6,-3,-3,9,0,-5,-5,-9,-11
-3,-6,-1,4,-1,-4,9,0,-5,-5,-8,-10
-1,-6,-2,3,0,-4,8,0,-5,-5,-8,-10
-1,-6,-3,2,0,-4,8,1,-5,-4,-8,-9
-2,-6,-2,3,0,-4,8,1,-4,-3,-7,-8
-5,-7,-1,6,-1,-4,8,0,-4,-4,-8,-9
-7,-8,-2,8,-2,-5,7,0,-5,-5,-8,-9
-5,-7,-2,6,-1,-4,7,0,-5,-5,-8,-10
-4,-5,-2,5,0,-4,7,0,-5,-5,-8,-10
-6,-7,0,6,-2,-4,6,1,-5,-5,-8,-10
-7,-7,1,7,-4,-3,6,1,-5,-5,-8,-10
-6,-6,2,6,-4,-2,6,1,-4,-4,-8,-9
-6,-5,2,5,-4,-1,6,2,-4,-3,-7,-8
-6,-4,2,5,-4,-1,7,2,-4,-3,-7,-8
-5,-4,1,5,-2,-1,7,1,-4,-4,-7,-9
-4,-4,0,4,-1,-2,6,0,-5,-5,-8,-9
-4,-3,0,3,-1,-1,6,1,-5,-5,-8,-9
-3,-2,0,2,-1,-1,6,2,-5,-5,-7,-9
-3,-3,1,2,-1,-1,6,2,-5,-5,-8,-9
-4,-4,1,4,-2,-2,6,1,-6,-5,-8,-9
-4,-5,0,4,-2,-2,6,1,-5,-4,-7,-8
-3,-4,0,3,-1,-2,6,2,-4,-4,-6,-8
-2,-3,0,3,0,-2,6,2,-4,-3,-6,-7
-1,-2,0,2,0,-1,7,3,-3,-3,-5,-7
-2,-2,0,2,0,-1,7,3,-3,-3,-5,-7
-6,-4,0,5,-2,-2,7,3,-3,-3,-5,-7
-7,-6,0,6,-3,-3,7,3,-3,-3,-5,-7
-3,-4,0,3,-1,-2,7,4,-3,-2,-4,-6
0,-2,0,0,0,-1,8,4,-3,-2,-4,-6
0,-1,0,1,0,0,8,4,-3,-2,-4,-6
0,0,1,0,0,0,8,4,-2,-2,-4,-5
1,2,1,-1,0,2,8,5,-2,-1,-3,-5
1,3,2,-1,0,2,8,4,-1,-1,-3,-5
-2,0,3,1,-2,1,8,4,-1,-1,-3,-5
-5,-2,2,3,-3,0,8,4,-1,-1,-3,-4
-4,-3,2,3,-3,0,9,5,-1,0,-2,-3
-4,-3,2,3,-3,0,8,5,-1,0,-2,-3
-6,-5,2,5,-4,-1,7,3,-2,-2,-3,-4
-5,-6,1,5,-3,-2,5,2,-3,-3,-4,-5
-3,-3,0,3,-1,-1,5,3,-3,-2,-4,-4
0,0,0,0,0,0,6,3,-1,-1,-3,-3
0,2,0,-1,0,1,6,4,-1,-1,-2,-3
3,6,1,-4,1,3,7,4,0,0,-2,-2
6,9,1,-7,2,5,7,5,0,0,-1,-2
5,7,2,-6,1,4,7,4,0,0,-1,-2
1,5,4,-3,-2,4,6,3,0,0,-2,-2
-1,4,6,-1,-3,5,6,3,-1,0,-2,-2
0,4,5,-2,-2,5,5,3,-1,0,-1,-2
1,5,4,-3,0,5,5,3,0,0,-1,-1
2,5,2,-3,0,4,5,3,0,0,0,0
0,4,2,-2,0,3,5,3,0,1,0,0
-1,3,3,-1,-2,3,5,3,0,1,0,0
0,4,4,-3,-2,4,5,3,0,1,0,1
3,6,3,-5,0,4,5,2,0,0,0,0
3,5,3,-5,0,4,4,1,0,0,0,0
1,5,4,-3,-1,4,5,1,0,1,0,0
2,6,4,-4,-1,5,5,1,0,1,0,1
3,7,4,-5,-1,6,5,1,0,1,1,2
1,7,5,-4,-2,7,5,1,0,1,0,1
-1,6,6,-3,-4,7,4,1,-1,0,0,1
0,7,7,-3,-4,7,4,0,-1,0,0,1
1,9,7,-5,-3,8,4,0,-1,0,0,1
5,12,7,-8,-1,10,4,0,-1,1,1,2
7,14,7,-10,0,11,4,1,0,2,1,3
5,12,8,-8,-2,11,4,0,0,2,1,3
1,10,10,-5,-4,10,4,0,0,2,1,3
0,11,9,-5,-4,10,5,0,0,2,2,3
2,11,8,-7,-3,10,5,0,0,2,2,4
1,10,8,-6,-4,10,4,0,-1,1,1,3
-1,8,9,-4,-6,9,3,-1,-2,0,0,2
-1,8,10,-4,-6,10,2,-3,-4,-1,0,2
0,11,11,-6,-6,12,2,-3,-4,-1,0,2
3,15,11,-9,-4,13,3,-2,-3,0,1,4
4,15,11,-10,-3,13,3,-2,-2,0,2,4
3,14,9,-9,-3,12,2,-2,-3,0,1,4
3,13,8,-8,-2,11,2,-3,-3,0,1,3
2,12,9,-7,-4,11,2,-3,-3,0,1,3
1,13,11,-7,-5,12,2,-3,-3,0,1,3
1,13,12,-8,-5,13,2,-3,-4,0,1,3
3,13,11,-8,-4,12,2,-3,-4,0,0,2
3,12,10,-7,-3,11,1,-4,-5,-1,0,2
0,9,9,-4,-4,10,1,-5,-5,-1,-1,1
-2,7,9,-2,-5,9,0,-5,-6,-1,-1,1
-3,7,10,-2,-6,9,1,-5,-5,-1,0,1
-2,9,10,-3,-6,10,1,-5,-5,-1,0,2
-1,9,9,-4,-5,10,1,-5,-5,-1,0,2
1,9,7,-5,-3,9,0,-6,-5,-1,0,2
2,8,6,-5,-2,8,0,-6,-5,-1,0,2
1,7,6,-4,-2,7,0,-6,-5,-1,0,2
-1,4,6,-1,-4,6,0,-7,-6,-2,0,1
-3,4,7,0,-5,7,0,-8,-6,-2,-1,1
-2,6,8,-2,-4,8,0,-7,-6,-1,0,2
1,10,8,-6,-3,9,1,-5,-4,0,1,4
5,14,8,-10,-1,11,1,-4,-3,1,1,4
6,13,7,-10,-1,10,1,-4,-3,0,0,4
3,9,6,-6,-2,7,0,-5,-4,0,0,2
3,7,5,-5,-2,6,0,-5,-3,0,0,2
4,8,5,-5,-1,7,1,-4,-1,1,1,3
3,8,5,-5,-1,7,1,-4,-1,1,1,2
2,8,5,-4,-2,7,1,-4,-2,1,0,2
2,9,5,-5,-2,8,1,-3,-1,1,0,2
2,9,5,-6,-1,7,1,-3,-1,1,0,2
4,9,4,-6,0,6,1,-3,-1,1,0,2
4,7,3,-6,0,5,0,-4,-1,1,0,2
3,5,2,-4,0,3,0,-4,-1,1,0,2
2,4,3,-3,0,4,0,-4,-1,1,0,2
1,5,4,-3,-1,5,0,-3,0,1,0,2
0,3,3,-1,-1,4,0,-3,0,0,0,1
0,0,0,0,0,1,0,-4,-1,0,-1,0
1,0,-2,0,1,-1,-1,-4,-1,-1,-2,-1
2,0,-2,-1,2,-1,-1,-4,0,-1,-2,-1
3,1,-2,-2,2,-1,0,-3,0,0,-1,-1
3,2,-1,-2,2,0,0,-2,1,0,-1,0
2,1,0,-1,1,0,0,-2,1,0,-1,0
1,0,0,0,1,0,1,-3,1,0,-1,0
1,0,-1,0,2,0,1,-3,1,0,-1,0
0,-1,-2,0,2,-1,0,-4,0,0,-2,0
0,-1,-2,0,1,-1,-1,-5,-1,-1,-3,-1
1,1,0,-1,0,0,-1,-5,-1,-1,-3,-1
1,3,1,-2,-1,2,0,-4,0,0,-2,-1
0,2,2,-1,-2,2,0,-4,0,0,-2,-1
0,1,3,0,-2,2,0,-4,0,-1,-3,-2
-1,1,2,1,-2,2,0,-4,0,-1,-3,-2
0,1,1,0,-1,1,0,-4,0,-1,-3,-2
1,2,0,0,0,1,0,-4,0,-1,-3,-2
0,1,0,0,0,1,0,-4,0,0,-2,-1
-2,-1,0,1,-2,0,0,-3,1,0,-2,-1
-4,-4,0,4,-3,-1,0,-4,0,0,-2,-1
-4,-5,-1,4,-1,-3,0,-4,0,-1,-3,-2
-2,-5,-2,4,0,-3,0,-4,0,-1,-4,-3
-1,-5,-2,3,1,-3,0,-4,0,-1,-4,-3
-1,-5,-2,3,1,-3,-1,-4,0,-1,-4,-3
-2,-4,-2,3,0,-3,-1,-4,0,-1,-4,-3
-3,-3,0,3,-1,-2,-1,-4,-1,-1,-4,-3
-4,-3,0,3,-2,-1,-1,-4,-1,-2,-5,-4
-4,-2,1,3,-2,-1,-1,-4,-1,-2,-5,-4
-2,0,1,1,-1,0,0,-2,0,-1,-5,-3
0,3,2,-1,0,2,1,-1,0,-1,-4,-3
1,3,2,-1,0,3,1,-1,0,-1,-4,-3
-1,0,1,1,-1,1,0,-1,0,0,-4,-3
-2,-1,1,2,-2,1,0,-1,1,0,-4,-2
-3,-1,1,2,-2,0,0,0,2,0,-3,-1
-3,-1,1,2,-2,0,0,0,2,0,-3,-1
-3,-1,1,2,-2,0,0,-1,2,0,-3,-1
-4,-2,2,2,-3,0,-1,-2,1,-1,-3,-2
-5,-2,2,3,-4,0,-2,-3,0,-2,-4,-3
-6,-2,3,4,-5,0,-2,-3,0,-2,-4,-3
-6,-2,4,4,-5,0,-2,-2,1,-1,-4,-2
-4,0,3,3,-4,1,-1,0,2,0,-3,-1
-1,2,3,0,-2,2,-1,0,3,1,-2,0
0,4,3,-1,-1,2,0,1,4,2,-2,0
0,4,4,-1,-2,3,0,2,5,3,-1,0
-1,5,6,-1,-3,5,0,3,6,3,-1,1
0,6,6,-2,-3,6,0,4,7,5,0,2
1,7,6,-3,-2,6,0,5,9,6,1,3
3,7,5,-4,-1,6,0,6,10,7,3,4
5,9,4,-6,0,7,0,7,11,8,4,5
6,11,5,-8,0,8,0,8,12,9,5,6
6,13,6,-9,0,10,1,9,13,10,6,7
5,14,7,-10,0,11,1,10,13,11,6,8
6,14,6,-11,0,11,1,10,14,11,7,8
7,16,7,-12,0,12,2,11,15,12,8,9
7,18,10,-12,-1,14,3,13,16,14,9,10
7,18,12,-12,-2,16,3,14,16,14,9,11
7,18,11,-12,-1,15,3,14,17,15,9,11
9,18,9,-13,0,14,2,15,17,15,9,11
12,19,7,-15,2,13,2,15,17,15,9,11
14,21,6,-17,4,13,1,15,17,15,9,12
15,23,7,-19,4,14,1,15,17,16,10,13
14,23,8,-18,2,15,1,14,17,16,11,13
13,21,8,-17,2,14,-1,13,17,16,11,13
15,19,5,-16,5,12,-4,12,17,16,12,13
16,17,1,-16,7,9,-7,11,17,16,12,14
14,14,0,-14,7,7,-10,10,16,16,12,14
12,10,-1,-11,6,5,-13,9,15,15,11,13
10,8,-2,-9,6,3,-15,7,14,14,10,11
10,7,-3,-9,6,1,-16,6,13,13,9,10
10,8,-2,-10,6,2,-17,5,12,12,8,10
11,11,0,-11,6,4,-16,5,12,12,8,10
10,10,0,-10,6,4,-14,5,12,12,8,10
11,8,-3,-9,7,2,-13,6,11,11,8,10
10,6,-5,-8,8,0,-13,6,11,11,8,10
8,4,-4,-6,7,0,-12,6,11,11,8,10
8,4,-5,-6,7,0,-12,6,10,10,7,9
8,3,-6,-6,7,-1,-12,6,10,9,7,8
6,1,-6,-4,6,-3,-12,5,9,8,6,7
4,-1,-6,-1,5,-4,-12,5,9,7,4,6
4,-3,-7,0,5,-5,-13,4,8,6,3,5
5,-3,-8,0,6,-5,-13,4,7,5,3,4
5,-3,-7,0,6,-5,-12,5,7,5,2,3
6,-1,-6,-2,6,-3,-11,5,7,5,2,3
6,0,-5,-3,5,-2,-11,5,7,5,2,2
5,0,-5,-2,5,-2,-10,5,7,5,2,2
3,-2,-6,0,4,-4,-10,5,7,5,1,2
2,-4,-7,1,5,-6,-10,5,7,4,0,1
3,-4,-7,0,6,-5,-9,6,8,5,1,1
5,-3,-7,-1,6,-5,-8,7,8,5,1,2
2,-5,-7,2,5,-6,-8,7,7,4,0,1
-1,-7,-6,4,2,-7,-7,6,6,3,0,0
-1,-5,-5,3,1,-5,-6,7,6,4,0,1
-1,-4,-4,2,2,-4,-5,7,6,3,0,0
0,-4,-6,2,3,-5,-5,7,6,2,-2,-1
1,-4,-6,1,4,-5,-5,6,6,2,-3,-2
1,-4,-5,2,4,-5,-5,7,6,2,-3,-2
0,-5,-5,3,3,-5,-5,7,6,2,-3,-2
0,-6,-6,4,3,-6,-6,6,5,1,-3,-2
0,-5,-6,3,4,-6,-6,6,5,1,-3,-2
2,-4,-6,1,4,-5,-6,6,5,1,-3,-2
1,-4,-6,1,4,-5,-5,7,5,2,-3,-1
-1,-4,-4,2,2,-4,-4,8,6,3,-2,0
-2,-5,-4,3,1,-5,-4,8,7,3,-2,0
-2,-6,-5,4,1,-5,-4,8,7,3,-3,-1
-1,-6,-5,4,2,-5,-4,8,7,3,-3,-1
-2,-6,-4,4,1,-4,-4,8,7,3,-2,-1
-2,-5,-3,4,1,-4,-4,8,6,2,-3,-1
-2,-5,-4,4,1,-4,-5,7,5,1,-4,-2
-2,-6,-4,4,1,-5,-5,6,5,0,-4,-3
-2,-5,-4,3,1,-5,-4,6,5,1,-4,-2
-2,-5,-4,3,1,-5,-3,7,5,1,-3,-2
-2,-6,-5,3,2,-6,-3,7,6,1,-3,-2
-2,-6,-6,3,2,-6,-2,8,6,2,-3,-2
-3,-7,-5,5,1,-6,-1,8,6,2,-3,-2
-3,-8,-5,6,1,-6,0,8,6,2,-3,-1
-3,-7,-4,5,1,-6,0,8,6,2,-3,-1
-3,-7,-4,5,0,-5,0,7,6,2,-3,-1
-5,-8,-3,7,-1,-6,0,6,6,2,-4,-2
-7,-9,-2,8,-2,-6,0,6,7,2,-4,-2
-7,-7,-1,7,-2,-5,1,7,8,3,-3,-1
-6,-8,-3,7,-1,-6,2,7,9,4,-2,0
-4,-9,-5,7,1,-8,2,7,9,4,-2,0
-2,-10,-7,6,3,-9,2,7,9,4,-2,0
0,-9,-8,5,4,-9,3,7,9,4,-2,0
1,-8,-9,3,5,-8,3,8,9,4,-2,0
3,-5,-8,1,5,-6,4,8,9,4,-3,0
3,-3,-6,0,5,-4,5,9,10,3,-3,-1
3,-2,-5,-1,4,-3,6,10,10,3,-3,-1
2,-2,-5,0,3,-3,6,11,11,4,-2,0
0,-4,-4,2,2,-4,6,12,13,6,0,1
0,-5,-4,3,2,-4,6,14,17,10,3,4
2,-5,-6,1,4,-5,6,17,22,16,8,8
8,-3,-11,-2,10,-7,6,22,31,24,15,14
17,-2,-19,-7,18,-10,6,29,44,36,26,23
29,0,-29,-14,29,-15,7,38,59,50,40,34
40,1,-38,-20,39,-19,6,47,76,67,55,47
49,3,-45,-26,47,-21,6,57,94,86,73,62
58,7,-50,-32,54,-21,5,65,112,104,90,76
67,12,-54,-39,61,-21,3,71,127,120,106,91
76,19,-56,-47,66,-19,0,73,138,132,119,103
79,26,-52,-52,66,-13,-1,71,141,136,126,110
72,32,-39,-52,55,-3,-1,64,130,126,118,106
55,34,-21,-45,38,6,2,53,106,100,94,87
35,33,-2,-34,19,15,6,36,72,64,60,58
16,31,14,-24,1,22,8,14,32,26,25,28
-1,26,26,-13,-14,26,6,-8,-4,-7,-5,2
-17,18,34,0,-26,26,4,-27,-33,-34,-29,-19
-30,8,37,11,-34,23,1,-42,-54,-52,-47,-34
-39,-3,35,21,-37,16,-1,-52,-67,-64,-58,-44
-42,-13,28,28,-35,7,-4,-59,-75,-72,-65,-51
-42,-23,19,32,-30,-1,-8,-64,-80,-78,-71,-57
-43,-32,10,37,-26,-11,-12,-67,-82,-81,-74,-60
-45,-42,3,43,-24,-20,-15,-68,-81,-81,-75,-62
-46,-48,-3,47,-22,-26,-16,-66,-78,-79,-73,-62
-38,-46,-8,42,-15,-27,-14,-60,-70,-72,-68,-58
-27,-40,-13,34,-7,-27,-10,-50,-59,-63,-60,-51
-18,-36,-17,28,0,-27,-6,-38,-46,-51,-51,-43
-10,-31,-21,21,5,-27,-2,-25,-33,-40,-41,-35
-4,-28,-23,16,9,-26,0,-15,-22,-30,-33,-28
-3,-27,-24,14,10,-25,0,-8,-14,-22,-26,-22
-4,-24,-21,13,8,-23,1,-4,-8,-16,-21,-17
-4,-20,-17,12,6,-19,1,-2,-4,-11,-17,-13
-4,-17,-14,10,5,-15,2,-1,-2,-8,-14,-11
-4,-14,-11,9,4,-13,2,0,-1,-6,-13,-10
-4,-12,-8,9,3,-11,3,1,0,-5,-12,-8
-5,-12,-7,9,2,-10,3,2,2,-3,-10,-7
-5,-11,-5,8,1,-9,4,3,3,-1,-9,-5
-5,-10,-4,8,0,-7,4,5,5,0,-7,-4
-8,-11,-2,9,-3,-6,4,5,6,1,-6,-3
-9,-12,-2,10,-4,-7,4,5,6,2,-6,-3
-9,-12,-4,10,-2,-8,4,6,6,2,-6,-3
-9,-13,-6,11,-2,-10,4,6,6,2,-6,-4
-11,-14,-5,13,-3,-10,4,6,6,2,-6,-4
-11,-14,-4,13,-3,-9,4,7,7,2,-6,-3
-9,-13,-4,12,-2,-9,3,7,8,3,-6,-3
-8,-13,-5,11,-1,-10,3,7,8,3,-5,-3
-6,-13,-7,9,0,-10,2,7,9,3,-5,-2
-4,-12,-8,7,1,-10,1,7,9,3,-5,-2
-1,-9,-8,4,3,-8,1,7,9,4,-4,-2
1,-5,-8,1,5,-7,2,8,10,4,-3,-1
-1,-6,-7,3,3,-7,1,7,10,3,-4,-1
-5,-10,-6,8,0,-8,0,5,8,1,-6,-3
-6,-11,-6,8,0,-9,-1,5,7,1,-7,-4
-4,-11,-6,7,1,-9,-1,6,8,2,-6,-3
-3,-11,-6,6,1,-8,0,7,9,4,-4,-1
-2,-9,-6,4,2,-7,1,9,11,6,-2,0
-1,-8,-7,4,2,-7,2,9,11,7,-1,0
-1,-8,-7,4,3,-7,2,10,11,7,0,1
0,-6,-7,3,3,-7,2,10,11,7,0,1
0,-7,-7,4,3,-7,1,10,10,6,-1,0
-2,-9,-7,6,2,-7,1,9,10,5,-2,0
-2,-9,-6,6,2,-7,1,10,11,6,-1,0
0,-6,-6,3,3,-6,2,11,13,8,0,1
0,-5,-5,2,3,-5,2,11,13,8,0,1
0,-5,-5,2,2,-5,1,10,12,7,0,1
-1,-5,-5,3,2,-5,0,10,11,6,-1,0
-1,-5,-5,3,1,-5,0,9,11,6,-1,0
-2,-5,-3,4,0,-5,0,9,12,6,0,1
-1,-5,-3,4,1,-4,0,10,12,6,0,1
1,-4,-4,2,3,-4,0,10,13,6,0,1
4,-4,-6,0,5,-5,0,9,12,6,0,1
3,-6,-7,1,5,-6,-1,8,11,6,0,0
0,-8,-8,4,4,-7,-1,8,11,5,-1,0
0,-7,-8,4,3,-7,-1,8,11,6,0,0
0,-5,-7,2,3,-5,0,9,12,7,1,2
3,-2,-6,0,4,-4,0,10,13,8,2,3
6,0,-7,-2,6,-4,0,10,13,8,2,3
6,0,-6,-3,7,-3,0,10,13,8,2,3
5,-1,-4,-2,5,-3,0,10,14,8,2,3
2,-3,-4,0,3,-3,0,10,13,7,2,3
0,-4,-2,1,1,-2,0,10,13,7,2,3
-2,-4,-1,2,0,-2,0,9,13,8,2,3
-1,-3,-2,2,0,-2,0,9,13,8,3,4
0,-1,-1,1,0,-1,0,9,14,8,3,4
0,0,0,0,0,0,0,9,14,8,4,5
2,1,0,-1,1,0,0,9,14,8,3,5
4,1,-1,-2,3,0,0,8,14,8,3,5
4,2,-1,-3,3,0,0,9,14,8,4,5
5,4,0,-4,3,2,0,9,14,9,4,6
5,5,0,-5,3,3,0,9,14,9,4,6
5,5,0,-5,2,3,-1,8,13,8,4,6
4,3,0,-4,2,1,-1,8,13,8,4,6
2,1,0,-2,2,0,-2,7,12,7,4,6
1,0,0,0,1,0,-2,7,12,7,4,6
1,0,0,0,1,0,-2,7,12,8,4,6
3,3,0,-3,1,1,-1,8,12,9,5,7
5,7,2,-7,2,5,-1,9,13,9,7,8
6,9,2,-8,2,5,-1,8,12,9,7,8
5,6,0,-6,3,3,-2,7,10,7,6,7
3,4,0,-4,2,1,-3,5,9,6,5,7
1,3,1,-2,0,1,-3,5,9,6,5,7
0,2,3,-1,-1,2,-3,5,8,6,5,7
-1,2,3,-1,-2,3,-3,4,7,5,5,7
0,3,4,-2,-1,4,-3,3,7,5,4,6
3,6,3,-4,0,5,-3,3,6,5,4,6
4,7,3,-6,0,5,-4,3,6,4,4,6
3,8,5,-6,-1,6,-4,2,5,4,4,6
4,11,6,-8,-1,8,-4,2,4,4,4,7
8,13,5,-11,1,9,-4,2,4,3,4,7
9,13,3,-11,2,8,-4,1,3,2,3,6
8,10,3,-9,2,7,-5,0,2,1,2,6
6,9,4,-7,1,7,-5,0,1,1,2,5
4,8,5,-6,0,7,-5,-1,0,1,2,5
2,7,5,-4,-2,7,-6,-2,0,0,1,4
0,6,5,-3,-2,6,-6,-3,-1,-1,1,3
-1,6,6,-2,-4,6,-6,-4,-2,-1,1,3
-3,6,8,-1,-6,6,-6,-4,-2,-2,1,3
-3,6,9,-1,-6,7,-6,-5,-3,-2,0,3
-3,5,9,-1,-6,7,-7,-6,-4,-3,0,2
-3,5,9,-1,-5,7,-7,-6,-5,-3,0,2
-1,6,8,-2,-4,7,-6,-6,-5,-3,0,2
0,7,7,-3,-3,8,-6,-7,-5,-3,-1,2
-1,6,7,-2,-4,7,-7,-8,-7,-5,-3,0
-1,5,7,-1,-4,6,-8,-10,-8,-6,-4,0
0,8,7,-4,-3,8,-8,-10,-8,-6,-4,0
1,10,9,-5,-3,10,-7,-11,-9,-6,-4,0
0,9,9,-4,-4,9,-7,-11,-9,-6,-4,0
-1,6,9,-2,-5,8,-7,-11,-9,-6,-4,0
-1,4,7,-1,-4,6,-8,-12,-10,-7,-4,0
0,4,6,-2,-3,5,-8,-12,-10,-7,-4,0
0,3,4,-1,-2,4,-9,-13,-10,-7,-4,-1
0,4,4,-2,-2,4,-9,-13,-10,-7,-4,-1
2,6,3,-4,-1,5,-8,-12,-10,-6,-3,0
1,6,4,-4,-2,5,-7,-11,-9,-5,-2,1
0,6,6,-3,-4,6,-7,-11,-9,-4,-2,1
-1,6,7,-2,-4,6,-7,-11,-9,-5,-2,1
0,6,7,-2,-5,6,-8,-12,-10,-5,-2,0
0,6,8,-2,-5,7,-8,-12,-10,-5,-2,0
0,7,7,-3,-4,7,-8,-12,-10,-5,-2,0
2,6,5,-4,-2,5,-8,-12,-10,-5,-2,0
2,5,3,-4,-1,4,-7,-11,-9,-4,-2,0
1,5,3,-3,-1,4,-7,-11,-8,-3,-1,0
1,3,1,-2,0,2,-8,-11,-9,-4,-2,0
2,2,0,-2,1,1,-8,-12,-9,-4,-2,0
4,3,0,-4,1,1,-7,-11,-8,-3,-1,0
5,4,0,-5,2,2,-7,-10,-6,-1,0,1
6,5,0,-6,3,2,-6,-9,-5,-1,0,1
8,7,-1,-7,4,3,-5,-8,-4,0,0,2
7,7,0,-7,4,4,-5,-8,-4,0,1,2
5,6,0,-5,2,4,-5,-8,-4,0,1,2
3,5,0,-4,1,3,-5,-8,-5,0,0,1
3,4,0,-4,2,2,-6,-9,-5,-1,-1,0
2,2,0,-2,1,1,-6,-9,-6,-1,-1,0
0,0,1,0,0,0,-6,-9,-6,-1,-1,-1
-1,-2,0,2,0,0,-6,-9,-6,-1,-2,-1
0,-2,-1,1,1,-1,-6,-9,-6,-1,-2,-1
1,-2,-2,1,1,-1,-6,-9,-6,-1,-2,-2
1,-2,-4,1,2,-3,-6,-9,-7,-2,-3,-2
0,-4,-5,2,2,-4,-6,-10,-8,-3,-4,-3
-2,-5,-4,3,1,-4,-7,-11,-9,-4,-5,-5
-2,-5,-3,3,0,-4,-8,-11,-10,-5,-6,-6
-1,-5,-3,3,1,-4,-7,-11,-10,-5,-6,-6
-1,-5,-3,3,1,-4,-6,-11,-9,-5,-6,-5
-2,-5,-3,4,0,-3,-5,-10,-8,-4,-5,-4
-3,-6,-4,5,0,-4,-5,-10,-9,-4,-5,-5
-2,-7,-5,5,1,-6,-5,-10,-9,-4,-6,-5
0,-5,-6,3,3,-6,-5,-10,-9,-4,-5,-4
3,-3,-7,0,5,-5,-4,-9,-8,-3,-4,-4
4,-2,-7,-1,6,-5,-3,-8,-8,-3,-4,-4
3,-4,-7,0,5,-6,-3,-9,-8,-3,-4,-4
1,-5,-7,1,5,-6,-3,-9,-8,-3,-4,-4
2,-4,-6,0,5,-4,-3,-9,-7,-3,-4,-4
3,-2,-5,-1,5,-3,-3,-8,-7,-2,-3,-3
3,-2,-5,0,4,-3,-3,-8,-7,-2,-3,-3
3,-2,-6,0,5,-3,-3,-8,-7,-2,-3,-3
3,-2,-6,0,5,-4,-2,-7,-7,-2,-2,-3
2,-3,-5,0,4,-4,-2,-7,-6,-2,-2,-3
0,-5,-5,2,3,-5,-2,-7,-6,-2,-2,-3
-1,-7,-5,3,2,-5,-2,-7,-6,-2,-2,-3
-1,-7,-5,4,2,-5,-2,-7,-6,-1,-2,-3
0,-6,-5,3,2,-5,-2,-7,-6,-1,-2,-2
0,-5,-6,2,3,-5,-2,-6,-5,0,-1,-2
1,-3,-6,1,3,-4,-2,-6,-5,0,0,-2
2,-2,-6,0,4,-4,-1,-5,-4,0,0,-1
3,-2,-6,0,4,-5,-1,-5,-4,0,0,-1
4,-2,-7,-1,5,-5,-1,-5,-4,0,0,-1
5,-3,-8,-1,6,-5,-2,-6,-4,0,0,-1
5,-3,-8,-2,6,-5,-2,-6,-4,1,0,-1
5,-1,-7,-2,6,-4,-1,-5,-3,1,1,-1
6,0,-6,-3,6,-3,0,-5,-2,2,2,0
6,1,-5,-3,6,-2,0,-4,-1,3,3,1
6,2,-4,-4,5,-1,0,-4,-1,3,3,1
7,4,-3,-5,5,0,0,-3,0,4,4,2
8,5,-3,-6,6,0,0,-2,0,5,5,2
9,6,-3,-7,6,1,0,-2,0,5,5,3
12,8,-3,-10,7,3,0,-1,1,6,6,4
12,10,-1,-11,7,4,0,0,2,7,7,5
8,8,0,-8,4,4,0,0,2,8,7,5
6,7,1,-6,3,4,0,-1,2,8,7,5
8,9,1,-8,4,5,0,0,3,8,8,5
10,13,2,-11,4,7,1,1,4,10,9,7
10,16,5,-13,3,11,3,3,6,12,11,9
9,17,8,-13,1,13,4,5,7,13,13,10
9,16,7,-13,1,12,5,6,8,14,13,10
10,14,4,-13,3,10,4,7,8,13,13,10
11,15,3,-13,4,10,4,7,9,13,12,10
12,16,3,-13,4,10,4,7,9,14,13,10
13,17,2,-14,5,10,4,7,10,14,13,11
13,16,2,-14,5,9,3,7,10,14,13,11
12,15,2,-13,5,9,3,7,9,14,13,10
12,14,1,-13,5,8,1,5,8,13,12,10
12,13,0,-13,6,7,-1,4,7,12,12,9
14,12,-1,-13,8,5,-3,2,7,12,12,9
15,11,-3,-13,9,3,-5,1,6,12,12,9
15,9,-6,-12,11,1,-6,0,6,12,12,9
15,8,-8,-11,11,0,-6,-1,5,11,11,9
15,8,-8,-11,11,0,-7,-2,4,10,11,8
16,9,-7,-12,11,0,-7,-3,3,9,10,8
16,10,-6,-13,11,1,-6,-4,2,9,10,8
16,10,-6,-13,11,2,-5,-4,2,9,10,7
15,9,-6,-12,11,1,-5,-4,2,8,10,7
14,7,-7,-11,11,0,-5,-5,2,8,9,6
12,5,-7,-9,10,-1,-4,-5,1,7,9,6
10,2,-8,-6,8,-2,-4,-6,1,7,8,6
9,1,-8,-5,8,-3,-4,-6,0,6,8,5
10,2,-8,-6,9,-3,-4,-6,0,5,7,5
10,3,-7,-7,9,-2,-4,-6,0,5,7,4
10,3,-6,-7,8,-1,-4,-6,0,4,6,4
11,4,-7,-7,9,-1,-4,-6,-1,4,6,3
11,3,-7,-7,9,-2,-3,-5,-1,4,6,3
11,2,-8,-6,9,-3,-2,-4,0,4,7,3
11,2,-9,-6,10,-3,-1,-4,0,4,7,3
12,2,-10,-7,11,-3,-1,-4,0,4,6,3
14,3,-11,-9,13,-3,0,-4,0,4,6,3
16,4,-12,-11,14,-3,1,-3,0,5,7,4
14,3,-10,-9,12,-3,1,-3,0,4,6,3
8,1,-7,-4,7,-3,2,-4,-1,3,5,2
3,-1,-5,-1,4,-3,2,-5,-2,2,4,0
0,-2,-4,1,1,-3,3,-5,-3,1,3,0
-4,-5,-3,5,-2,-4,3,-5,-4,0,1,-1
-7,-8,-2,8,-3,-5,2,-6,-5,-1,0,-3
-5,-9,-4,7,-1,-6,2,-6,-6,-2,-1,-4
-2,-8,-6,6,1,-6,1,-7,-6,-3,-2,-5
-2,-8,-5,6,1,-6,1,-6,-6,-3,-3,-5
-4,-9,-4,7,0,-6,2,-6,-6,-3,-3,-5
-5,-9,-4,7,-1,-6,2,-6,-6,-3,-3,-5
-3,-8,-4,6,0,-6,2,-5,-6,-3,-2,-5
-1,-6,-5,3,1,-5,3,-5,-6,-3,-2,-5
0,-5,-5,2,2,-5,3,-5,-6,-3,-3,-5
0,-6,-6,3,2,-6,2,-6,-7,-5,-4,-7
-1,-7,-5,4,2,-6,2,-5,-7,-4,-3,-6
-3,-8,-4,6,0,-6,4,-3,-5,-2,-1,-4
-5,-10,-4,8,-1,-7,5,-3,-4,-1,-1,-4
-4,-9,-4,7,0,-7,5,-3,-4,-1,-1,-4
-3,-8,-5,5,1,-6,5,-2,-4,-2,-1,-4
-3,-8,-5,6,1,-7,4,-3,-5,-3,-1,-5
-5,-9,-5,7,0,-7,3,-3,-6,-3,-2,-5
-5,-10,-4,8,0,-7,3,-3,-6,-3,-2,-5
-6,-10,-4,8,-1,-7,3,-2,-6,-3,-2,-5
-7,-11,-4,9,-1,-7,3,-2,-6,-4,-2,-6
-6,-11,-4,8,-1,-7,3,-2,-6,-4,-2,-6
-6,-10,-3,8,-1,-6,3,-2,-6,-3,-2,-5
-5,-9,-4,7,-1,-6,3,-2,-6,-3,-2,-5
-4,-8,-4,6,0,-6,3,-2,-6,-3,-2,-5
-3,-6,-4,5,0,-5,4,-2,-6,-2,-2,-5
-4,-7,-3,5,-1,-5,4,-2,-5,-2,-2,-5
-5,-8,-3,7,-1,-6,5,-2,-5,-2,-2,-5
-5,-9,-4,7,-1,-6,5,-1,-4,-1,-1,-5
-4,-9,-4,6,0,-6,6,-1,-4,-1,-1,-4
-5,-9,-3,7,-1,-6,6,-1,-4,0,0,-4
-6,-9,-3,8,-1,-6,6,-1,-4,0,0,-4
-6,-9,-3,8,-2,-6,6,0,-4,0,0,-4
-8,-9,-2,8,-3,-6,7,0,-3,0,0,-4
-9,-10,-1,10,-4,-6,7,0,-4,-1,-1,-5
-9,-10,-2,10,-4,-6,6,0,-5,-2,-3,-6
-6,-8,-2,7,-3,-4,7,1,-4,-2,-3,-6
-4,-5,-1,5,-2,-2,7,3,-2,0,-1,-5
-4,-4,0,4,-2,-1,7,4,0,2,1,-2
-4,-4,0,4,-2,-1,6,6,3,6,4,0
-3,-5,-2,4,-1,-3,6,8,8,12,8,4
2,-5,-8,1,4,-6,6,14,17,20,16,9
12,-3,-16,-4,13,-9,7,22,30,32,26,18
22,0,-23,-11,22,-12,8,31,45,46,40,29
31,1,-30,-16,30,-14,7,41,62,63,55,41
41,3,-37,-22,39,-16,6,50,80,81,71,56
54,8,-45,-31,49,-17,4,57,97,99,89,71
66,15,-50,-40,58,-17,2,63,114,117,107,86
73,22,-51,-48,62,-14,0,65,126,132,122,101
74,30,-44,-52,59,-7,-1,62,129,137,130,109
66,36,-31,-51,48,2,-1,53,118,127,123,105
50,35,-15,-42,32,10,0,37,92,100,100,87
30,28,-2,-28,16,13,-1,15,55,61,66,59
11,18,6,-14,2,13,-5,-11,13,20,30,30
-3,9,12,-2,-8,12,-8,-36,-26,-16,-1,4
-14,1,15,7,-15,10,-11,-57,-57,-45,-27,-18
-23,-6,17,15,-20,6,-12,-71,-79,-66,-46,-35
-32,-16,15,24,-23,0,-14,-80,-93,-79,-60,-48
-38,-26,11,32,-24,-8,-16,-86,-101,-88,-69,-57
-38,-32,6,35,-22,-13,-18,-87,-104,-92,-74,-62
-38,-37,0,38,-19,-18,-18,-85,-103,-93,-75,-64
-37,-43,-6,40,-16,-24,-18,-82,-100,-91,-75,-65
-35,-46,-11,40,-12,-27,-16,-75,-93,-85,-72,-63
-33,-46,-14,39,-10,-29,-13,-66,-84,-77,-66,-59
-29,-45,-16,37,-7,-30,-9,-54,-72,-67,-58,-53
-25,-43,-18,34,-4,-30,-5,-42,-59,-57,-51,-47
-22,-40,-18,31,-2,-29,-2,-32,-48,-47,-42,-40
-20,-35,-16,27,-2,-26,0,-24,-39,-37,-34,-33
-18,-31,-13,24,-3,-22,0,-18,-31,-29,-27,-26
-17,-26,-10,22,-4,-18,1,-15,-26,-23,-22,-22
-15,-22,-7,18,-4,-13,2,-12,-22,-18,-18,-18
-13,-18,-5,15,-4,-10,3,-9,-19,-15,-15,-15
-10,-14,-4,12,-3,-8,4,-8,-16,-12,-13,-13
-9,-11,-3,9,-3,-7,4,-7,-15,-11,-11,-12
-10,-11,-1,10,-4,-7,4,-6,-14,-10,-10,-11
-12,-13,-1,12,-5,-8,3,-6,-14,-9,-10,-11
-13,-15,-1,14,-5,-8,3,-5,-13,-8,-9,-10
-14,-15,-1,14,-6,-8,2,-5,-12,-7,-8,-10
-12,-13,-1,13,-5,-7,2,-4,-11,-6,-8,-9
-9,-11,-2,10,-3,-7,3,-3,-11,-6,-7,-9
-5,-10,-5,8,0,-7,3,-3,-10,-5,-7,-9
-2,-7,-5,5,1,-6,4,-2,-9,-4,-6,-8
-1,-5,-4,3,1,-5,5,-1,-8,-3,-5,-6
-3,-4,-1,4,-1,-3,6,0,-6,-2,-3,-5
-6,-5,0,6,-3,-3,5,0,-6,-2,-3,-4
-6,-7,-1,7,-2,-4,4,0,-6,-2,-4,-5
-7,-8,-2,8,-2,-5,3,-1,-7,-3,-5,-6
-9,-10,-1,9,-4,-6,2,-1,-7,-4,-6,-6
-8,-10,-2,9,-3,-6,3,0,-6,-3,-5,-5
-7,-9,-2,8,-2,-6,3,0,-6,-3,-5,-5
-6,-9,-3,7,-2,-6,3,0,-6,-3,-4,-5
-3,-6,-2,5,-1,-4,4,0,-5,-2,-3,-4
-2,-3,0,2,0,-2,5,2,-4,0,-2,-3
-2,-2,0,2,-1,-1,5,3,-3,0,-1,-3
-2,-2,0,2,0,-1,5,3,-3,0,0,-2
-2,-3,-1,3,0,-2,5,3,-3,0,0,-2
-4,-5,-1,5,-1,-2,5,3,-3,0,-1,-3
-6,-6,-1,7,-3,-3,4,3,-4,0,-2,-4
-7,-7,0,8,-4,-3,4,2,-4,-1,-2,-4
-6,-6,0,7,-3,-3,4,2,-4,0,-2,-4
-5,-6,0,6,-3,-3,4,3,-4,0,-2,-4
-7,-7,0,7,-4,-4,3,3,-4,0,-2,-4
-8,-8,0,8,-4,-4,3,3,-4,-1,-2,-4
-6,-6,0,6,-3,-3,3,3,-4,-1,-2,-4
-4,-4,0,4,-2,-2,3,3,-4,-1,-2,-4
-5,-3,0,4,-3,-1,3,3,-4,-1,-2,-4
-7,-4,2,5,-5,-1,2,3,-4,-1,-3,-4
-8,-5,2,6,-5,-1,2,3,-4,-1,-3,-4
-8,-6,2,7,-5,-2,2,3,-4,0,-2,-4
-7,-6,1,7,-4,-2,2,4,-3,0,-1,-3
-7,-6,1,7,-3,-2,2,5,-3,0,-1,-3
-7,-6,1,7,-3,-2,2,5,-3,0,-2,-3
-6,-4,1,6,-3,-1,2,5,-3,0,-2,-3
-5,-3,0,4,-3,-1,2,5,-3,0,-2,-2
-4,-4,0,4,-2,-2,2,5,-3,0,-2,-2
-5,-6,-1,5,-2,-3,2,5,-3,0,-2,-2
-4,-4,0,4,-2,-2,2,6,-2,1,-1,-1
-3,-2,0,2,-2,0,3,7,-1,2,0,0
-4,-2,2,3,-3,0,3,7,0,2,0,0
-7,-3,4,5,-5,1,3,8,0,2,1,0
-9,-3,4,6,-6,1,3,8,0,2,1,0
-7,-2,4,5,-5,1,2,8,-1,2,0,0
-5,0,4,3,-5,2,2,7,-1,2,0,0
-4,1,5,1,-5,3,2,7,-1,2,0,0
-3,1,5,1,-4,3,2,8,-1,2,0,0
-4,-1,3,2,-4,2,1,7,-2,1,0,0
-5,-4,1,4,-3,-1,0,6,-3,0,-1,-1
-4,-5,0,5,-2,-2,-1,6,-4,0,-2,-2
-4,-3,1,4,-2,-1,-1,7,-3,1,-1,-1
-4,-1,3,2,-3,1,0,8,-1,3,0,1
-4,1,4,1,-4,3,0,8,0,3,1,1
-3,4,7,0,-5,5,0,8,-1,3,1,1
-3,6,9,-1,-5,7,0,8,-1,3,1,1
-1,5,7,-2,-4,6,0,8,0,4,1,2
1,5,5,-3,-2,5,0,8,0,4,2,3
0,5,6,-2,-3,5,0,8,0,5,3,3
-2,5,7,-1,-5,6,0,8,0,5,3,4
-1,6,8,-2,-4,6,0,9,0,5,4,4
0,7,8,-3,-4,7,0,9,0,5,4,4
0,8,7,-4,-3,7,0,8,0,4,3,4
1,8,7,-5,-2,7,0,8,-1,4,3,4
2,9,7,-5,-2,7,0,9,-1,4,3,4
0,8,7,-4,-3,7,0,9,-1,4,3,5
1,9,8,-4,-3,8,0,9,-1,4,4,5
4,11,6,-7,-1,8,0,9,0,4,4,5
4,11,5,-7,0,8,0,8,-1,4,4,5
1,8,6,-5,-2,7,-1,8,-2,3,3,4
0,8,7,-4,-3,7,-2,7,-2,3,3,4
1,9,8,-5,-3,9,-2,7,-2,3,3,4
2,10,7,-6,-3,9,-2,6,-3,2,3,4
2,10,7,-6,-2,9,-3,6,-4,1,2,3
2,10,7,-6,-3,9,-3,5,-4,0,2,3
3,11,7,-7,-2,9,-3,6,-4,0,2,3
4,11,7,-8,-2,9,-3,6,-4,0,2,3
1,9,8,-6,-3,9,-3,6,-5,0,1,3
-1,7,9,-3,-5,8,-3,6,-5,0,1,2
-2,8,10,-3,-6,9,-3,8,-5,0,2,3
-3,8,11,-2,-7,10,-2,9,-4,0,2,4
-3,9,12,-3,-8,11,-2,9,-5,0,2,4
0,11,12,-5,-7,12,-3,8,-6,0,2,4
0,12,11,-6,-6,12,-3,8,-7,-1,1,3
0,11,11,-5,-6,11,-3,7,-7,-1,1,3
1,12,11,-6,-5,11,-3,8,-7,-1,1,3
1,12,11,-7,-5,11,-2,8,-6,0,2,4
0,11,11,-6,-5,11,-3,8,-6,0,1,3
-2,10,12,-4,-7,11,-3,8,-7,-1,1,3
-5,9,13,-2,-9,11,-4,7,-7,-1,1,3
-5,9,13,-2,-9,11,-4,7,-8,-1,0,3
-3,9,12,-3,-8,10,-4,6,-8,-1,0,2
-3,9,12,-3,-8,10,-4,5,-8,-2,0,2
-3,8,11,-2,-7,10,-5,4,-9,-3,-1,1
-1,8,9,-3,-5,9,-6,4,-9,-3,-1,0
1,9,8,-5,-3,9,-6,4,-9,-3,-1,0
1,10,8,-5,-3,9,-6,4,-8,-3,0,1
0,9,8,-4,-5,9,-5,5,-8,-2,0,1
-2,7,8,-2,-5,8,-5,4,-8,-2,0,1
-2,6,8,-2,-5,7,-5,4,-8,-2,0,1
0,8,8,-4,-4,8,-5,5,-7,-1,0,1
0,9,8,-4,-4,8,-5,5,-7,-1,0,1
0,7,7,-3,-4,7,-6,4,-7,-1,0,1
-1,5,6,-2,-4,6,-6,4,-7,-2,0,0
0,4,5,-2,-3,5,-6,4,-6,-2,-1,0
0,4,4,-2,-2,4,-6,4,-6,-2,-1,0
0,3,2,-2,-1,2,-6,4,-5,-2,-1,0
2,4,1,-3,0,2,-5,5,-4,-1,0,1
5,7,1,-6,1,4,-3,7,-3,0,1,2
6,9,2,-7,2,5,-2,8,-2,1,2,2
7,9,1,-8,3,5,-2,8,-1,2,2,3
6,6,0,-7,3,3,-2,8,-1,2,2,2
2,2,1,-3,1,1,-2,8,-1,2,2,2
0,1,2,0,-1,2,-2,9,0,2,2,3
-1,2,3,0,-1,2,-2,9,0,2,2,2
-1,1,2,0,-1,1,-2,8,0,1,1,1
-2,0,1,1,-1,0,-3,7,-1,0,0,0
0,0,0,0,0,-1,-3,7,-1,0,0,0
0,0,-1,0,1,-2,-3,7,-2,0,0,0
0,-1,-2,0,0,-2,-4,6,-2,0,-1,-1
-1,-1,-1,0,0,-1,-3,7,-1,0,0,-1
-1,-1,0,0,0,-1,-3,7,-1,0,0,0
-1,0,0,0,0,0,-2,7,-1,0,0,0
0,1,0,-1,0,0,-2,7,-1,0,0,0
2,2,0,-2,1,0,-2,7,-1,0,0,0
3,3,0,-3,2,1,-2,7,-1,0,0,0
4,4,0,-4,2,2,-1,8,-1,0,0,0
3,4,1,-4,1,2,0,8,0,1,0,0
3,3,0,-3,1,1,0,8,0,0,0,0
3,2,-2,-3,3,0,-1,7,-1,0,-1,-1
4,2,-2,-3,3,0,-1,7,-1,-1,-2,-2
3,2,-1,-3,2,0,-1,7,-1,-1,-2,-2
1,1,0,0,1,0,-1,6,-2,-1,-2,-3
-2,-2,0,2,0,-2,-2,6,-3,-2,-3,-4
-4,-5,0,4,-1,-3,-3,6,-3,-3,-4,-4
-3,-5,0,4,-1,-3,-3,6,-3,-3,-4,-4
0,-3,-2,1,1,-2,-2,6,-3,-2,-4,-4
2,-1,-3,-1,3,-2,-2,6,-3,-2,-4,-4
1,-2,-3,0,2,-2,-2,6,-3,-2,-4,-4
1,-2,-3,0,2,-2,-2,6,-3,-2,-3,-4
0,-2,-3,1,1,-2,-1,7,-2,-1,-3,-3
-1,-2,-2,2,0,-2,-1,7,-2,-1,-3,-3
0,-2,-2,1,1,-2,-1,7,-2,-1,-2,-3
0,-2,-2,1,1,-2,-1,8,-2,0,-2,-3
-2,-3,-1,2,0,-2,-1,8,-2,-1,-2,-3
-3,-4,-1,2,0,-3,-1,7,-2,-1,-3,-4
-1,-2,-1,1,0,-2,-1,7,-2,-2,-3,-4
0,0,-1,0,0,-1,-1,8,-2,-2,-3,-4
-2,-1,0,1,0,-1,0,8,-2,-1,-3,-4
-5,-3,1,4,-3,-1,0,9,-2,-1,-2,-3
-7,-4,3,5,-5,0,0,9,-2,0,-2,-3
-5,-3,2,4,-3,0,0,9,-2,0,-2,-3
-2,-1,1,1,-1,0,0,9,-1,0,-2,-2
-2,0,3,0,-2,2,0,10,0,1,0,-1
-1,4,6,-1,-3,4,1,12,1,2,1,0
0,8,7,-4,-3,6,2,13,2,3,2,2
2,10,7,-7,-2,8,2,14,3,4,3,3
3,12,8,-8,-2,10,2,14,4,5,4,3
2,12,8,-7,-3,10,1,14,5,6,5,4
2,12,9,-7,-3,11,1,15,5,7,5,4
3,14,10,-8,-3,12,2,16,6,7,6,4
4,15,11,-10,-3,13,2,17,7,8,7,5
4,16,12,-11,-3,14,3,18,8,9,8,6
5,18,13,-12,-4,16,3,20,9,10,9,7
7,20,13,-14,-3,17,4,21,11,11,10,8
9,21,11,-15,-1,15,4,22,12,12,11,9
9,18,8,-13,0,12,4,23,12,13,11,9
7,13,6,-10,0,9,4,23,12,13,11,9
4,10,6,-7,-1,8,3,22,12,13,10,9
2,10,7,-6,-2,9,2,22,12,13,10,9
5,11,7,-8,-1,9,1,21,12,13,11,10
11,14,3,-12,3,9,0,20,12,13,11,10
15,15,0,-15,7,7,-3,18,11,12,11,10
16,14,-2,-15,9,6,-5,16,10,12,11,10
16,13,-3,-14,9,5,-7,15,10,12,11,10
16,12,-4,-14,10,4,-7,14,10,12,12,10
17,12,-5,-14,11,4,-7,14,10,11,11,10
12,8,-4,-10,8,2,-7,12,8,10,10,9
7,4,-3,-6,5,1,-8,9,6,8,8,7
6,3,-3,-5,5,0,-9,8,5,6,6,6
5,4,-1,-5,3,1,-8,8,4,6,6,6
3,5,1,-4,1,3,-7,8,4,6,6,6
2,4,1,-3,0,2,-7,9,5,7,7,7
3,1,-2,-2,3,0,-7,8,4,6,6,6
7,1,-6,-4,7,-2,-6,8,4,6,5,5
11,4,-7,-8,9,-1,-5,9,5,7,6,6
13,6,-7,-10,10,0,-3,10,6,7,7,7
13,5,-7,-9,10,-1,-3,10,6,7,7,7
11,3,-7,-8,9,-2,-2,10,6,6,7,6
9,3,-6,-6,7,-1,-2,10,6,5,6,6
7,2,-4,-5,6,-1,-1,10,6,5,6,5
6,0,-5,-3,5,-2,-1,10,5,4,5,4
6,-1,-7,-2,6,-4,-1,9,4,4,4,3
6,-1,-8,-3,7,-4,-1,9,4,4,4,3
7,-1,-8,-3,7,-4,-1,9,4,4,4,3
6,-2,-7,-2,6,-4,-1,8,4,3,3,2
4,-3,-7,0,5,-5,-1,8,3,3,2,2
3,-5,-7,1,5,-6,0,8,2,2,1,1
1,-6,-6,2,3,-6,0,8,1,1,0,0
-2,-6,-3,4,0,-4,0,8,1,0,-1,-1
-3,-6,-2,5,-1,-4,0,7,0,0,-1,-2
-3,-7,-3,5,0,-5,1,7,0,-1,-2,-3
-3,-7,-4,5,0,-5,1,7,0,-1,-2,-3
-3,-8,-4,6,0,-6,2,7,0,-2,-2,-3
-3,-8,-4,6,0,-6,2,7,0,-2,-3,-4
-3,-9,-5,6,0,-7,2,7,-1,-3,-3,-4
-4,-9,-5,7,0,-7,2,6,-1,-3,-4,-5
-4,-9,-5,7,0,-7,2,6,-1,-3,-4,-5
-3,-8,-5,6,0,-7,2,6,-1,-2,-4,-5
-3,-8,-5,6,0,-6,2,6,-1,-2,-4,-5
-4,-8,-4,6,0,-6,2,6,-1,-2,-4,-5
-4,-8,-3,6,-1,-5,3,7,-1,-2,-3,-4
-4,-7,-2,5,-1,-4,4,8,-1,-1,-3,-4
-4,-6,-1,5,-1,-4,5,9,0,0,-2,-3
-5,-6,-1,6,-2,-4,5,9,0,0,-2,-3
-7,-8,-1,8,-2,-5,4,8,-1,-1,-2,-4
-7,-8,-1,8,-2,-5,4,8,-1,-1,-3,-4
-6,-7,0,7,-3,-3,4,8,-1,-1,-2,-3
-7,-7,0,7,-4,-3,4,8,-1,-1,-2,-4
-8,-9,-1,8,-4,-5,4,7,-1,-1,-3,-4
-8,-10,-3,9,-3,-6,4,6,-2,-1,-3,-4
-8,-10,-2,9,-3,-6,4,7,-2,-1,-3,-4
-8,-9,-2,9,-3,-6,5,7,-2,-1,-2,-4
-7,-8,-2,8,-2,-5,5,7,-2,-1,-2,-4
-7,-9,-2,8,-2,-5,4,7,-2,-2,-3,-5
-7,-10,-2,8,-2,-6,4,6,-3,-3,-4,-5
-6,-8,-2,7,-2,-5,4,6,-3,-2,-3,-5
-5,-6,-2,5,-1,-4,5,8,-2,-1,-2,-4
-4,-6,-3,4,0,-4,6,8,-2,-1,-2,-4
-4,-6,-3,4,0,-5,5,8,-3,-1,-3,-4
-5,-8,-3,5,0,-5,4,7,-4,-2,-3,-5
-5,-8,-3,6,0,-5,4,7,-4,-1,-3,-4
-4,-7,-4,5,0,-5,5,8,-3,-1,-2,-3
-3,-7,-4,4,1,-5,5,8,-3,-1,-2,-3
-4,-7,-3,5,0,-5,6,8,-3,-1,-3,-4
-7,-8,-2,7,-2,-5,6,8,-3,-2,-4,-5
-10,-10,-1,10,-4,-6,6,8,-4,-3,-5,-6
-10,-11,-1,10,-4,-6,6,8,-4,-3,-6,-7
-8,-10,-2,8,-3,-5,7,10,-2,0,-3,-5
-4,-7,-2,5,-1,-4,8,13,2,4,1,-1
0,-5,-4,2,2,-4,8,16,7,9,6,2
6,-4,-9,-1,7,-6,8,21,14,16,12,7
16,-2,-17,-7,16,-9,9,29,26,27,22,15
27,3,-24,-15,25,-10,11,39,42,42,35,27
38,7,-30,-22,34,-11,12,50,60,59,50,40
46,8,-38,-27,42,-14,11,58,76,75,65,52
55,9,-46,-32,50,-18,9,64,92,90,80,65
63,13,-50,-38,57,-18,6,69,106,105,96,78
71,19,-52,-45,61,-16,3,71,118,118,110,91
74,26,-48,-49,60,-10,1,69,123,125,118,99
68,31,-37,-49,52,-3,1,62,116,120,116,99
55,31,-24,-42,39,3,2,48,94,99,98,85
36,24,-12,-30,24,6,0,26,60,64,67,60
16,15,-2,-16,9,7,-3,0,20,25,32,31
0,8,7,-4,-3,8,-5,-24,-19,-9,1,5
-14,0,13,7,-14,7,-7,-46,-52,-38,-24,-16
-26,-10,15,18,-21,2,-9,-62,-76,-61,-45,-34
-34,-21,13,28,-24,-4,-12,-73,-92,-76,-59,-47
-38,-29,10,34,-24,-9,-13,-78,-100,-84,-68,-55
-42,-34,8,39,-25,-13,-14,-78,-103,-88,-72,-60
-44,-38,7,41,-26,-15,-14,-76,-101,-88,-73,-61
-43,-40,3,41,-23,-18,-13,-72,-98,-86,-72,-61
-39,-40,-1,40,-18,-20,-11,-67,-92,-82,-70,-60
-34,-40,-6,37,-13,-22,-8,-58,-84,-75,-65,-57
-29,-39,-10,34,-9,-24,-5,-47,-73,-66,-58,-52
-22,-37,-14,30,-3,-25,-1,-36,-61,-56,-51,-46
-16,-34,-17,25,0,-25,2,-25,-50,-46,-42,-39
-15,-31,-15,23,0,-23,3,-17,-40,-37,-34,-32
-16,-28,-11,22,-3,-20,4,-12,-33,-29,-28,-26
-15,-24,-9,19,-3,-17,5,-8,-27,-22,-21,-20
-12,-20,-7,16,-3,-14,6,-5,-22,-17,-16,-16
-12,-17,-5,14,-3,-11,7,-3,-19,-14,-14,-13
-13,-16,-3,15,-5,-9,7,-2,-18,-12,-12,-12
-15,-16,-1,16,-7,-8,7,-1,-17,-11,-11,-11
-14,-14,0,14,-7,-6,8,0,-15,-9,-10,-10
-11,-11,0,11,-5,-5,8,1,-14,-7,-8,-8
-8,-9,0,9,-3,-5,8,2,-13,-6,-8,-8
-8,-10,-1,9,-3,-6,7,2,-12,-6,-8,-8
-8,-10,-1,9,-3,-6,8,3,-11,-5,-7,-7
-7,-8,-1,8,-2,-5,9,4,-10,-4,-6,-7
-6,-7,-1,7,-2,-4,10,4,-9,-3,-5,-7
-7,-7,-1,7,-3,-4,10,4,-9,-4,-6,-7
-8,-8,0,8,-4,-3,10,4,-9,-4,-6,-7
-8,-8,0,8,-4,-4,9,4,-8,-4,-6,-7
-8,-10,-1,9,-4,-6,8,3,-9,-5,-7,-8
-9,-12,-2,10,-4,-7,7,2,-9,-5,-7,-8
-10,-11,-1,10,-4,-6,8,3,-8,-4,-6,-7
-8,-9,-1,8,-3,-5,9,4,-7,-3,-5,-6
-6,-7,-1,7,-3,-4,9,4,-6,-2,-4,-5
-8,-9,-1,9,-4,-4,10,4,-6,-2,-4,-5
-11,-11,0,11,-6,-5,9,4,-6,-3,-5,-6
-10,-11,0,11,-5,-5,9,5,-6,-2,-5,-5
-8,-9,0,9,-4,-4,9,5,-6,-2,-4,-4
-6,-7,0,6,-3,-3,10,5,-5,-1,-3,-3
-6,-5,1,5,-3,-2,10,6,-4,0,-2,-3
-6,-6,0,6,-3,-3,9,4,-5,-1,-3,-4
-6,-7,-1,7,-2,-4,8,3,-6,-2,-4,-5
-8,-8,-1,8,-3,-5,8,2,-6,-3,-4,-6
-9,-10,-1,10,-4,-5,8,2,-7,-3,-5,-6
-9,-11,-1,10,-4,-6,7,2,-7,-3,-5,-7
-8,-10,-1,9,-3,-5,8,3,-6,-3,-5,-6
-5,-8,-2,7,-2,-5,9,4,-5,-2,-4,-5
-4,-7,-2,5,-1,-4,9,5,-5,-1,-3,-5
-4,-6,-2,5,-1,-4,10,5,-5,0,-3,-4
-3,-5,-2,4,0,-4,10,5,-5,0,-3,-4
-4,-5,-1,4,-1,-3,10,5,-5,0,-3,-4
-5,-6,-1,5,-2,-3,10,6,-5,0,-3,-4
-4,-6,-1,5,-1,-3,11,7,-4,0,-2,-4
-2,-3,-1,3,0,-2,11,8,-4,0,-1,-3
0,0,0,1,0,0,11,8,-3,1,-1,-2
0,0,1,1,0,0,11,8,-3,1,-1,-2
0,-1,0,1,0,-1,10,8,-3,1,-1,-2
0,-2,-1,1,1,-1,10,8,-3,0,-1,-3
-2,-3,0,3,0,-2,10,8,-3,0,-2,-3
-5,-3,1,4,-2,-1,11,9,-2,1,-1,-2
-5,-3,1,4,-3,-1,11,9,-2,2,0,-2
-6,-4,1,5,-4,-1,11,9,-2,1,-1,-2
-4,-2,2,3,-3,0,11,9,-2,2,0,-2
-1,1,4,0,-2,2,12,10,-1,3,1,0
-2,2,5,0,-3,3,12,10,0,4,1,0
-3,1,5,1,-3,3,12,10,0,4,1,0
-3,2,4,0,-3,3,12,10,0,4,1,0
-1,3,3,0,-2,3,12,11,0,5,2,0
0,3,3,-1,-1,3,12,11,0,5,2,1
-1,3,3,0,-2,2,12,11,0,5,2,0
-2,1,4,1,-3,2,11,10,0,4,2,0
-3,1,5,1,-4,3,11,10,0,4,2,0
-2,2,5,0,-4,3,10,10,0,4,2,0
-2,3,5,0,-3,4,10,10,-1,4,1,0
-3,2,5,1,-4,4,9,10,-1,3,1,0
-4,2,6,1,-5,4,9,10,-1,3,1,0
-4,3,7,0,-5,5,9,10,-1,3,1,0
-1,4,6,-1,-4,5,10,10,-1,4,1,1
0,4,5,-1,-3,4,10,10,-1,4,2,1
-2,2,5,1,-4,3,9,10,-2,3,1,1
-4,0,5,3,-5,2,8,9,-3,3,1,0
-4,0,5,2,-4,2,8,9,-4,3,1,1
-3,2,5,1,-4,4,8,9,-3,3,2,1
-4,3,7,0,-6,5,8,9,-3,4,2,2
-4,5,8,0,-6,7,8,9,-3,4,2,2
-3,6,9,-1,-6,7,8,8,-4,3,2,2
-5,5,10,0,-8,8,8,8,-4,3,2,2
-5,6,12,0,-8,9,8,7,-5,3,2,2
-2,8,12,-2,-7,10,8,7,-5,3,2,3
-1,9,11,-3,-6,10,8,7,-5,3,2,3
-1,10,12,-4,-6,11,8,7,-5,3,2,3
0,12,12,-5,-5,12,8,8,-5,3,3,4
4,15,12,-9,-4,13,9,8,-4,4,4,5
5,17,12,-11,-3,14,9,8,-5,4,4,5
4,16,12,-10,-4,13,9,7,-6,3,3,4
1,13,12,-7,-5,12,7,5,-8,1,1,2
-3,8,12,-2,-7,10,6,4,-10,0,0,1
-5,7,12,0,-9,10,5,3,-10,0,-1,0
-4,9,13,-2,-8,11,6,3,-10,0,0,1
-3,10,13,-3,-8,11,6,3,-10,0,0,1
-2,10,13,-3,-8,11,5,2,-11,-1,-1,0
-2,10,13,-4,-8,11,5,1,-12,-2,-1,0
-4,10,14,-3,-9,12,5,1,-12,-2,-1,0
-5,11,16,-3,-10,13,6,1,-12,-2,-1,0
-3,13,16,-4,-10,15,6,1,-12,-2,-1,1
-1,15,16,-7,-8,16,6,1,-13,-2,-1,1
0,15,16,-7,-8,15,6,1,-14,-2,-1,0
-1,14,15,-6,-8,14,5,0,-14,-3,-2,0
0,14,14,-7,-7,14,6,0,-14,-3,-1,0
1,15,14,-8,-6,14,7,1,-13,-2,-1,0
1,16,15,-8,-7,15,7,1,-13,-1,0,1
1,16,15,-8,-7,15,6,0,-13,-2,-1,0
0,15,14,-8,-7,14,5,-1,-14,-3,-2,0
-1,14,15,-7,-8,14,5,-1,-14,-3,-2,0
-3,13,16,-5,-10,14,6,0,-12,-2,-1,0
-4,11,15,-4,-10,13,6,0,-11,-1,-1,0
-4,9,12,-3,-8,11,5,0,-12,-1,-1,0
-4,6,10,-1,-7,8,4,-1,-12,-2,-2,-1
-5,4,10,0,-8,7,3,-3,-13,-3,-3,-2
-7,4,11,1,-9,7,3,-3,-12,-2,-2,-1
-6,5,11,0,-9,8,4,-2,-12,-1,-1,-1
-4,6,10,-1,-7,8,3,-2,-12,-1,-1,-1
-2,7,8,-2,-5,8,3,-2,-12,-1,-1,-1
-1,6,8,-2,-4,7,4,-2,-11,-1,-1,0
-1,7,8,-3,-4,7,5,-1,-10,0,0,0
0,8,8,-4,-4,8,5,-1,-10,0,0,0
0,8,7,-4,-3,7,5,-1,-9,0,0,0
0,7,5,-4,-2,6,6,0,-8,0,0,0
1,6,4,-4,-2,5,6,0,-7,1,0,0
2,6,3,-4,0,4,6,0,-7,2,0,0
4,7,2,-5,1,4,6,0,-6,2,1,0
6,9,2,-7,1,5,7,1,-5,2,1,1
5,9,3,-7,1,6,7,1,-4,2,2,1
4,9,4,-6,1,6,7,1,-4,2,1,1
3,8,4,-6,0,6,7,1,-4,2,1,1
2,7,4,-5,0,5,8,1,-4,3,1,1
1,6,4,-4,0,5,8,0,-3,3,1,1
1,5,3,-4,0,4,8,0,-3,3,1,1
2,5,2,-4,0,4,8,0,-3,3,1,1
3,5,2,-3,0,4,8,0,-3,2,0,0
2,4,1,-2,0,3,7,0,-4,1,0,0
1,3,1,-2,0,2,7,0,-4,1,0,0
2,3,1,-2,1,2,8,0,-3,1,0,0
3,4,1,-4,2,2,9,0,-2,2,0,0
4,5,0,-4,2,2,9,0,-2,2,0,0
3,3,0,-3,1,1,9,0,-2,2,0,0
2,1,-1,-1,1,0,9,0,-3,1,-1,-1
2,0,-2,0,1,0,9,0,-3,1,-1,-1
0,-1,-1,1,0,-1,9,0,-3,0,-1,-2
-2,-1,-1,2,0,-1,9,0,-3,0,-2,-2
-1,0,-1,1,0,0,9,0,-4,0,-2,-2
-1,-1,-1,1,0,-1,8,-1,-4,-1,-2,-2
-4,-5,-2,4,-1,-3,7,-2,-6,-2,-4,-4
-8,-9,-2,8,-3,-5,5,-4,-7,-4,-6,-5
-8,-8,-1,8,-3,-4,6,-4,-7,-4,-6,-5
-5,-4,0,5,-3,-1,8,-2,-6,-2,-4,-3
-4,-1,2,3,-3,1,9,0,-4,0,-2,-2
-5,-1,2,4,-3,1,9,0,-4,0,-2,-2
-6,-4,1,6,-3,-1,8,-1,-4,-1,-3,-3
-6,-5,0,6,-2,-3,7,-2,-5,-2,-4,-4
-5,-6,-1,5,-1,-4,7,-1,-4,-1,-3,-3
-4,-5,-2,4,-1,-4,8,0,-4,0,-3,-2
-3,-4,-1,3,-1,-3,9,0,-3,0,-2,-1
-3,-3,-1,3,-1,-2,10,0,-2,1,-1,-1
-4,-5,-1,5,-1,-3,9,0,-3,0,-2,-2
-6,-6,-2,6,-1,-4,8,-1,-3,-1,-2,-3
-8,-8,0,8,-4,-4,7,-1,-3,-1,-2,-3
-12,-10,1,11,-6,-5,6,-2,-4,-2,-3,-3
-12,-10,0,11,-6,-5,6,-3,-4,-3,-4,-4
-7,-8,-1,7,-3,-5,6,-3,-4,-3,-4,-4
-4,-6,-2,5,-1,-5,6,-3,-4,-3,-5,-4
-5,-5,-1,5,-1,-4,6,-2,-3,-2,-4,-4
-5,-4,0,5,-2,-2,7,-1,-2,-2,-4,-3
-4,-3,1,4,-2,0,7,-1,-2,-1,-3,-3
-3,-1,1,3,-2,0,7,-1,-2,-1,-3,-3
-2,1,3,1,-2,2,7,-1,-1,-1,-3,-3
-1,4,4,-1,-2,4,8,0,-1,0,-3,-3
-2,5,7,-2,-4,5,8,0,0,0,-3,-2
-3,6,9,-2,-5,7,9,0,0,0,-2,-1
-2,8,9,-3,-5,8,10,1,2,2,0,0
0,9,9,-4,-4,8,11,3,4,4,2,2
0,9,9,-4,-4,9,12,5,5,6,4,4
1,9,9,-5,-4,9,11,5,6,7,5,5
1,10,8,-5,-3,9,10,5,7,7,5,5
2,11,8,-7,-3,10,11,6,8,8,6,6
4,13,8,-9,-2,11,12,7,10,10,8,8
5,14,8,-10,-1,11,11,7,10,10,8,8
6,13,7,-10,0,11,10,7,9,10,7,7
8,14,6,-11,0,11,10,7,10,11,8,7
9,16,7,-12,0,12,11,8,11,11,9,8
10,17,8,-13,1,13,11,9,12,12,9,8
10,17,7,-13,1,12,11,10,12,12,9,8
9,16,7,-13,1,11,12,10,13,13,10,9
8,16,8,-13,0,12,12,11,14,14,11,10
6,15,9,-11,-1,12,11,10,13,13,10,10
4,13,9,-9,-2,11,8,7,12,12,9,9
4,11,7,-8,-1,9,5,5,11,11,8,8
6,10,4,-8,1,7,2,4,11,11,8,8
8,9,1,-8,3,5,1,3,11,11,9,9
9,9,0,-8,5,4,0,2,12,12,10,10
10,8,-2,-9,6,3,0,2,11,12,10,10
12,8,-4,-10,8,2,-1,1,10,10,9,9
13,8,-6,-11,9,1,-2,0,9,9,8,8
12,8,-4,-10,8,2,-2,-1,7,8,7,7
9,8,0,-9,4,4,-1,-2,7,7,6,7
6,8,3,-7,1,5,0,-2,7,7,6,7
5,8,3,-7,1,6,0,-1,7,8,6,7
6,8,2,-7,2,5,1,-1,7,8,6,7
7,7,0,-7,4,3,2,-1,7,8,6,7
7,4,-2,-5,4,1,2,-2,6,7,5,6
6,2,-3,-4,5,-1,1,-2,5,6,4,5
5,0,-4,-3,5,-2,1,-3,4,5,4,4
4,0,-4,-2,4,-2,0,-3,4,4,3,3
2,0,-3,-1,2,-2,0,-2,4,4,3,3
2,0,-2,-1,2,-1,1,-2,5,4,3,3
2,1,-2,-1,3,0,2,-2,5,4,3,3
2,0,-2,0,2,-1,3,-1,5,4,3,3
1,-1,-2,0,2,-1,4,-1,5,4,3,3
2,0,-3,-1,3,-2,5,0,6,5,3,4
4,0,-4,-2,4,-2,6,0,6,5,3,3
4,0,-5,-2,4,-2,6,0,5,4,2,2
4,0,-5,-2,4,-3,6,0,5,4,1,1
3,-1,-5,-1,3,-3,6,0,5,3,0,0
-1,-4,-3,2,1,-3,6,0,4,2,0,0
-3,-5,-2,4,0,-3,6,0,3,1,-1,-1
-3,-4,-1,3,0,-2,7,0,3,1,-1,-1
-1,0,0,0,0,1,8,0,3,1,0,0
-1,1,1,0,-1,2,9,0,3,1,-1,0
-3,-1,1,2,-2,0,8,0,3,1,-1,-1
-6,-5,0,5,-3,-2,8,0,2,0,-2,-1
-6,-7,-1,6,-2,-4,7,0,2,0,-2,-2
-6,-8,-2,7,-2,-5,6,0,1,-1,-3,-3
-8,-10,-2,9,-3,-5,5,-1,0,-2,-5,-4
-10,-11,-1,11,-4,-6,4,-1,0,-3,-5,-5
-11,-12,-1,12,-5,-6,4,-2,-1,-3,-6,-5
-11,-12,-1,12,-5,-6,3,-2,-1,-3,-6,-6
-9,-10,-1,10,-3,-6,3,-2,-1,-3,-6,-6
-6,-8,-1,7,-2,-5,4,0,0,-2,-5,-5
-4,-6,-1,5,-1,-4,5,1,1,-1,-4,-4
-3,-5,-1,4,-1,-3,5,2,1,0,-3,-3
-3,-4,-1,4,0,-3,6,3,1,0,-3,-3
-2,-3,-1,3,0,-2,7,3,2,0,-3,-3
-4,-4,-1,4,-2,-2,7,4,3,0,-2,-2
-7,-5,0,6,-3,-2,7,4,2,0,-2,-2
-8,-7,-1,8,-4,-4,5,2,1,-1,-4,-4
-9,-11,-2,10,-4,-6,3,1,0,-2,-5,-5
-10,-12,-2,11,-4,-7,2,0,-1,-3,-6,-6
-8,-10,-2,9,-3,-7,3,1,-1,-2,-5,-5
-3,-7,-3,5,0,-6,4,2,0,-1,-3,-3
-1,-6,-5,4,2,-6,4,1,0,-1,-4,-3
-3,-8,-5,6,1,-7,3,0,-1,-2,-5,-4
-7,-11,-5,9,-1,-7,3,0,-1,-3,-6,-5
-9,-12,-4,11,-2,-8,4,0,-1,-2,-6,-5
-8,-12,-4,10,-2,-8,5,1,0,-1,-5,-4
-8,-11,-4,9,-2,-7,5,2,0,-1,-4,-3
-8,-11,-3,10,-3,-7,4,2,1,-1,-4,-3
-9,-11,-2,10,-4,-7,4,2,1,-1,-4,-3
-10,-12,-1,11,-4,-7,4,2,1,-1,-4,-4
-11,-12,-1,11,-5,-7,4,2,1,-2,-5,-4
-11,-12,-1,11,-5,-6,5,2,1,-1,-5,-4
-8,-9,-1,9,-4,-5,7,4,2,0,-4,-4
-5,-5,-1,5,-2,-3,9,6,4,1,-2,-3
-5,-4,0,4,-2,-2,9,7,5,2,-2,-2
-5,-5,0,5,-2,-3,7,7,6,4,-1,-1
-4,-6,-1,5,-1,-4,6,9,9,7,2,1
0,-4,-3,2,1,-4,6,13,16,14,8,6
6,-1,-7,-2,6,-4,8,19,25,23,17,14
15,0,-13,-8,14,-7,7,26,36,33,26,21
23,0,-22,-12,22,-11,6,32,49,44,36,29
31,0,-32,-15,31,-16,4,40,63,57,49,39
40,0,-42,-20,41,-21,2,48,80,73,64,52
50,2,-49,-26,49,-23,1,57,97,90,80,66
61,7,-54,-34,58,-23,-1,62,111,105,95,80
71,13,-58,-42,65,-22,-5,63,121,116,108,91
77,21,-55,-48,66,-17,-7,60,123,119,114,98
73,28,-44,-50,59,-8,-5,54,114,110,107,94
58,31,-27,-44,43,2,-1,43,91,86,85,76
35,29,-6,-31,21,11,3,25,57,52,52,49
10,23,12,-16,0,18,3,3,18,16,19,21
-9,16,24,-3,-16,20,1,-20,-17,-15,-9,-3
-23,8,30,7,-26,19,-2,-39,-45,-39,-31,-21
-34,-2,32,18,-33,15,-6,-54,-65,-57,-48,-36
-44,-14,30,29,-37,8,-9,-64,-78,-69,-59,-46
-49,-25,25,37,-37,0,-13,-71,-87,-77,-67,-54
-51,-32,19,41,-35,-6,-15,-76,-92,-83,-72,-59
-51,-38,13,45,-32,-12,-17,-78,-93,-85,-75,-62
-51,-44,6,47,-29,-19,-18,-78,-92,-85,-75,-63
-48,-47,-1,47,-24,-24,-18,-74,-88,-82,-73,-62
-40,-45,-6,42,-17,-25,-16,-66,-79,-75,-68,-58
-32,-41,-9,36,-11,-25,-13,-56,-68,-66,-60,-52
-25,-38,-11,31,-7,-24,-10,-44,-56,-56,-52,-46
-19,-34,-13,27,-3,-24,-7,-33,-44,-46,-44,-39
-14,-30,-14,22,-1,-22,-4,-24,-34,-37,-36,-32
-12,-27,-14,19,0,-21,-3,-18,-27,-29,-30,-27
-11,-23,-13,17,0,-18,-3,-14,-21,-23,-24,-22
-10,-18,-10,14,0,-14,-2,-11,-17,-18,-20,-17
-8,-14,-7,11,0,-10,-1,-8,-14,-14,-17,-14
-8,-12,-5,10,-1,-8,-1,-7,-12,-12,-15,-13
-9,-11,-3,10,-2,-7,-1,-6,-10,-10,-13,-11
-9,-11,-1,11,-3,-6,-1,-4,-8,-8,-11,-9
-8,-12,-2,10,-3,-7,-1,-3,-6,-6,-9,-8
-6,-11,-4,9,-1,-8,-1,-3,-5,-5,-8,-7
-4,-10,-5,7,0,-7,-1,-2,-4,-4,-7,-6
-4,-8,-4,6,0,-6,0,-1,-3,-3,-6,-5
-5,-7,-4,6,0,-5,0,0,-2,-2,-5,-4
-5,-7,-4,6,0,-5,0,0,-2,-2,-5,-4
-4,-9,-4,6,0,-6,0,-1,-2,-2,-5,-4
-4,-9,-4,6,0,-7,-1,-1,-2,-1,-5,-4
-3,-8,-3,5,0,-6,0,0,-1,0,-4,-3
-3,-7,-3,5,0,-5,0,1,0,0,-3,-2
-4,-7,-2,6,-1,-5,0,0,0,0,-3,-2
-6,-8,-2,7,-2,-5,-1,-1,-1,-2,-5,-4
-6,-8,-3,7,-1,-5,-2,-1,-2,-2,-7,-5
-4,-7,-3,6,0,-5,-1,-1,-2,-2,-7,-5
-6,-8,-2,7,-2,-5,-1,-1,-2,-2,-6,-5
-8,-11,-2,9,-3,-6,-2,-1,-2,-2,-6,-5
-8,-11,-2,9,-3,-7,-2,0,-1,-1,-6,-4
-6,-10,-3,8,-2,-6,-2,0,-1,-1,-5,-4
-6,-9,-2,8,-2,-5,-2,0,-1,-1,-4,-3
-8,-8,-1,8,-3,-5,-2,1,-1,-1,-4,-3
-9,-10,-2,9,-3,-6,-2,0,-1,-1,-5,-4
-8,-11,-4,10,-2,-7,-3,0,-2,-2,-5,-5
-7,-11,-3,9,-1,-7,-3,0,-2,-2,-5,-5
-7,-10,-2,8,-2,-6,-3,1,-1,-1,-5,-4
-7,-10,-1,8,-2,-6,-3,1,-1,-1,-5,-4
-7,-10,-1,8,-2,-6,-4,1,-1,-1,-5,-4
-6,-9,-2,8,-1,-6,-4,1,-1,0,-4,-3
-5,-9,-4,7,-1,-7,-4,2,0,0,-4,-3
-5,-9,-4,8,-1,-7,-3,2,0,0,-3,-2
-5,-10,-5,8,0,-8,-3,3,0,0,-3,-2
-3,-10,-7,7,1,-8,-3,4,1,1,-3,-2
-2,-9,-7,5,2,-8,-3,4,1,1,-3,-2
-1,-9,-6,5,2,-7,-3,4,1,1,-3,-1
-2,-8,-4,5,0,-6,-3,5,2,1,-2,-1
-4,-9,-3,6,-1,-6,-3,5,2,1,-2,-1
-5,-8,-2,7,-2,-5,-3,5,2,1,-2,-1
-4,-5,-2,5,-1,-4,-3,5,2,1,-2,0
-3,-3,-2,3,0,-3,-3,5,2,1,-2,0
-4,-4,-1,4,-1,-2,-4,5,1,0,-3,-1
-5,-5,0,5,-2,-2,-4,5,1,0,-3,-1
-3,-4,0,3,-1,-2,-4,6,2,0,-2,-1
0,-3,-1,1,0,-2,-4,6,2,1,-2,0
0,-2,-1,1,1,-2,-4,6,3,1,-2,0
0,-1,-1,0,0,-1,-4,7,3,2,-1,1
1,0,0,-1,0,0,-3,8,4,4,0,2
2,1,-1,-2,1,0,-3,10,6,5,1,3
3,1,-3,-2,2,0,-3,11,7,6,2,4
3,0,-3,-2,2,-1,-3,11,7,6,3,4
1,0,-2,0,1,-1,-3,10,6,6,2,4
1,-1,-1,0,1,-1,-4,10,6,5,2,4
1,-1,-2,0,2,-1,-4,10,5,5,2,4
1,-2,-3,0,2,-2,-5,9,5,4,1,3
2,0,-2,0,2,-1,-5,10,5,5,1,4
2,1,-1,-1,1,0,-5,10,6,6,2,4
0,0,-1,0,0,-1,-6,9,5,5,1,3
-1,-2,-2,1,0,-2,-8,8,4,4,0,2
1,-1,-3,0,2,-1,-7,9,4,4,0,2
4,1,-2,-3,3,0,-6,10,5,4,1,4
5,3,0,-5,3,2,-6,10,5,5,2,5
4,4,1,-4,2,2,-6,10,5,5,2,5
2,2,2,-2,0,2,-8,9,4,4,1,5
-2,0,2,1,-2,1,-9,9,3,3,0,4
-4,-1,2,2,-3,0,-10,8,3,3,0,3
-2,0,2,1,-2,1,-9,9,3,3,1,4
0,2,2,-2,-1,2,-8,11,5,5,3,6
2,4,3,-3,0,3,-8,11,5,6,3,7
2,4,3,-3,-1,4,-9,10,5,5,3,7
2,5,4,-4,-1,5,-8,10,4,5,3,7
3,6,3,-4,0,5,-8,9,3,4,3,7
3,4,2,-3,0,4,-9,8,2,3,2,5
1,3,1,-1,0,3,-10,7,1,2,1,5
0,2,1,-1,0,2,-11,7,1,1,0,5
0,2,1,-1,0,2,-11,6,0,0,0,4
-2,1,4,0,-2,2,-12,5,-1,0,-1,3
-5,2,8,2,-6,4,-12,4,-2,0,-1,3
-4,3,8,0,-6,5,-12,5,-1,0,0,4
-2,4,7,0,-4,5,-11,5,-1,1,0,5
-3,2,6,1,-4,4,-11,5,-1,1,0,5
-3,2,5,1,-4,3,-11,4,-2,0,0,5
-2,2,5,0,-3,4,-11,4,-2,0,0,5
-3,3,7,0,-5,5,-11,4,-3,0,0,4
-4,4,9,0,-6,6,-11,4,-3,-1,-1,4
-4,4,9,0,-6,5,-11,3,-4,-1,-2,3
-2,4,7,0,-5,5,-11,3,-4,-1,-2,3
0,6,7,-2,-4,6,-10,4,-3,-1,-1,4
2,8,6,-4,-2,6,-9,5,-2,0,-1,4
3,8,4,-5,-1,6,-9,5,-2,0,-1,4
3,7,3,-5,0,5,-9,5,-2,0,-1,4
1,5,3,-3,-1,4,-9,5,-2,0,-1,4
0,4,4,-2,-2,4,-8,5,-2,0,0,5
0,5,4,-2,-2,5,-8,5,-2,0,0,5
1,4,3,-2,-2,4,-9,4,-2,0,-1,4
1,3,2,-1,-1,2,-10,3,-3,-1,-1,3
1,2,1,-1,0,1,-10,2,-3,-2,-2,3
0,2,1,-1,-1,1,-10,2,-3,-2,-2,3
0,3,4,-1,-2,3,-10,2,-3,-2,-1,3
0,6,7,-3,-3,6,-10,3,-2,-1,0,4
0,8,8,-5,-3,8,-9,4,-1,0,0,5
1,9,8,-6,-2,8,-8,5,-1,0,0,5
3,10,7,-7,-1,8,-8,5,0,0,0,5
3,10,7,-7,-1,8,-7,6,0,0,0,5
2,9,8,-5,-3,8,-7,6,0,1,1,5
0,7,7,-4,-4,7,-7,7,1,1,1,5
0,6,6,-3,-3,6,-6,7,2,2,1,5
0,5,4,-2,-2,5,-6,8,3,2,1,5
1,4,3,-2,-1,3,-6,8,4,3,2,5
1,4,2,-2,0,2,-6,8,4,3,2,5
2,4,2,-2,0,2,-6,8,5,4,2,6
2,4,2,-2,0,2,-6,7,5,4,2,6
2,4,2,-2,0,2,-5,6,6,5,3,6
3,6,2,-3,0,3,-5,6,6,5,3,6
5,8,2,-6,1,4,-5,6,7,6,4,7
6,9,2,-7,2,5,-5,5,7,6,4,6
6,9,2,-7,1,5,-6,4,7,5,3,5
4,8,3,-6,0,5,-6,3,6,4,2,4
4,7,4,-5,0,5,-6,4,7,4,2,4
3,5,3,-4,0,4,-5,4,7,5,2,4
1,2,2,-1,-1,2,-5,5,7,5,2,4
-1,-1,2,1,-2,0,-5,5,7,4,1,4
-3,-2,2,3,-3,0,-4,5,8,4,1,3
-3,-2,1,2,-2,0,-3,5,8,4,1,3
-1,-2,0,2,0,0,-3,5,8,3,0,3
-2,-3,-1,2,0,-1,-3,4,8,2,0,2
-3,-3,0,3,-1,-2,-3,4,8,2,0,2
-4,-4,0,4,-2,-2,-3,4,7,2,0,2
-5,-6,-1,6,-3,-3,-4,3,6,2,-1,1
-6,-7,-1,7,-3,-4,-5,3,6,1,-2,1
-5,-6,0,6,-3,-3,-4,3,6,1,-1,1
-4,-3,0,4,-3,-1,-4,4,7,2,0,1
-3,-2,1,2,-3,0,-3,4,7,2,0,1
-4,-2,1,3,-3,0,-4,3,7,2,-1,1
-6,-4,1,4,-4,-1,-4,3,6,1,-1,0
-6,-4,1,5,-4,-1,-4,3,7,1,-1,1
-3,-1,1,2,-2,0,-2,5,8,2,0,2
1,2,1,-1,0,1,-1,7,9,4,1,4
1,1,0,-1,0,0,-2,6,9,3,1,3
-1,-2,0,2,-1,-1,-3,5,8,2,0,2
-3,-3,-1,3,-1,-2,-3,5,9,2,0,1
-3,-4,-1,4,-1,-2,-2,5,9,2,0,1
-2,-3,-1,3,0,-2,-2,6,10,3,0,1
-1,-3,-2,2,0,-2,-2,6,10,3,0,1
0,-2,-1,1,0,-1,-2,6,10,3,0,2
3,0,-2,-1,2,0,-1,7,10,4,1,3
4,1,-3,-2,3,0,-1,7,10,4,2,4
2,0,-2,-1,2,-1,-2,7,10,3,1,3
-1,-2,0,1,-1,0,-2,7,10,3,1,3
-3,-2,2,2,-3,1,-2,7,11,4,2,4
-2,-1,1,1,-1,0,-2,7,11,4,2,4
1,0,-1,-1,1,-1,-2,7,11,4,2,4
3,0,-3,-1,3,-1,-3,7,11,4,2,4
3,-1,-3,-1,3,-1,-3,7,11,4,2,4
3,0,-3,-1,2,-1,-3,7,11,4,2,4
4,2,-2,-3,2,0,-3,7,11,4,3,4
4,4,0,-4,1,2,-2,7,11,4,4,5
2,4,2,-3,0,3,-2,8,12,5,5,6
1,2,1,-1,0,2,-2,7,12,6,5,6
1,0,0,-1,0,0,-2,7,12,6,5,6
2,1,0,-1,0,1,-1,7,13,6,5,6
4,4,1,-3,1,2,0,8,14,7,6,7
6,7,1,-6,1,4,0,9,15,9,8,8
9,9,0,-9,3,5,0,10,16,9,9,9
10,9,-1,-10,4,4,0,9,15,8,8,8
6,6,0,-7,2,3,-1,8,15,8,8,8
2,5,3,-4,0,5,-1,9,16,9,9,10
1,7,5,-4,-1,6,0,10,18,11,11,11
3,8,6,-5,-1,7,0,11,18,12,12,12
4,10,6,-7,0,9,0,11,19,12,12,13
6,14,8,-10,0,12,0,12,20,13,13,14
8,18,10,-13,-1,15,1,13,21,14,15,15
8,20,11,-14,-1,16,2,14,22,15,15,15
8,19,11,-14,-1,15,2,14,22,15,16,16
7,19,12,-14,-1,16,3,15,23,16,17,17
8,20,12,-15,-1,17,4,17,24,17,18,18
10,21,11,-16,0,16,5,18,25,18,18,18
13,21,9,-17,2,15,5,18,25,18,18,18
14,21,8,-17,3,14,4,17,24,17,18,18
13,20,8,-16,2,14,3,16,23,17,18,17
11,19,8,-15,1,13,1,15,22,16,18,17
10,17,7,-14,2,12,0,13,21,15,17,16
12,17,5,-15,4,12,-2,12,21,15,16,16
16,19,3,-18,7,11,-3,11,21,15,17,17
19,19,0,-19,9,10,-4,11,21,15,17,17
19,16,-1,-17,10,7,-5,10,20,15,17,17
16,13,-2,-14,9,5,-6,9,20,14,17,16
13,11,-2,-12,7,4,-8,7,19,13,17,16
11,10,-1,-10,6,4,-9,5,18,12,16,15
12,11,0,-12,6,6,-8,4,17,11,16,15
15,13,-2,-14,9,6,-8,4,16,10,15,14
18,13,-5,-16,12,4,-8,3,15,9,13,13
18,12,-5,-15,12,3,-8,2,14,8,13,12
15,11,-3,-13,9,3,-7,2,14,8,13,12
12,9,-3,-11,7,2,-7,2,13,8,13,12
12,7,-5,-10,8,0,-7,1,12,7,12,11
13,6,-7,-9,10,-1,-6,0,12,6,11,10
13,5,-8,-9,10,-2,-6,0,11,6,11,10
12,5,-8,-8,10,-1,-6,1,11,6,11,10
11,5,-7,-8,9,-1,-5,1,11,6,11,10
8,2,-6,-6,7,-2,-5,1,11,5,10,9
4,0,-4,-3,4,-2,-5,1,10,4,8,8
4,1,-3,-3,3,-1,-4,1,11,5,9,8
5,2,-3,-4,3,0,-3,2,11,5,9,9
5,2,-3,-4,3,-1,-2,2,11,5,9,8
3,1,-3,-2,3,-1,-2,1,10,4,9,8
2,1,-2,-2,2,0,-2,1,9,4,8,7
3,2,-1,-3,1,1,-1,2,9,3,8,7
2,1,-1,-2,1,0,-1,1,8,2,6,5
0,-1,0,0,0,0,-1,0,6,0,3,3
-3,-3,0,2,-2,-1,-1,-1,5,-1,2,2
-5,-4,1,4,-3,-2,-1,-1,4,-1,1,1
-6,-5,0,5,-3,-3,0,-1,3,-2,1,1
-6,-6,-1,6,-2,-4,0,-1,3,-2,1,1
-6,-8,-2,7,-2,-5,-1,-2,2,-3,0,0
-6,-9,-3,8,-2,-6,-2,-3,1,-4,-1,-1
-4,-8,-4,5,0,-5,-2,-3,1,-4,-1,-1
-1,-6,-5,3,1,-5,-2,-3,0,-4,-1,-1
0,-5,-5,2,1,-5,-2,-3,0,-4,-1,-1
0,-4,-3,1,1,-3,-1,-3,0,-4,-1,-1
1,-2,-2,0,1,-2,-1,-2,1,-3,0,-1
1,-2,-2,1,1,-2,0,-2,1,-3,0,-1
0,-3,-2,2,0,-2,0,-2,0,-3,0,-1
-2,-4,-2,3,0,-3,0,-2,0,-3,-1,-1
-2,-6,-4,4,1,-5,0,-2,0,-3,-1,-1
-1,-7,-5,4,1,-6,0,-2,-1,-3,-1,-1
-3,-7,-4,5,0,-6,0,-3,-1,-4,-1,-2
-5,-7,-2,6,-2,-5,0,-3,-1,-4,-1,-2
-4,-6,-2,5,-2,-4,0,-3,-1,-4,-1,-2
-1,-4,-2,3,0,-4,0,-2,-1,-4,-1,-2
0,-4,-3,2,1,-4,0,-2,-1,-4,-1,-2
0,-4,-4,2,1,-4,0,-2,-1,-4,-1,-2
0,-4,-4,2,1,-4,0,-2,-1,-3,0,-2
0,-4,-4,2,1,-4,0,-3,-2,-3,-1,-2
0,-5,-4,3,1,-4,-1,-4,-2,-4,-1,-2
-2,-8,-5,5,1,-6,-1,-4,-3,-4,-2,-3
-3,-9,-5,6,0,-7,-1,-5,-3,-5,-2,-3
-2,-7,-5,5,1,-6,-1,-5,-3,-5,-2,-3
2,-4,-5,1,3,-5,0,-5,-2,-4,-1,-2
4,-2,-6,-1,5,-4,0,-5,-2,-4,-1,-2
4,-3,-7,-1,5,-4,-1,-5,-2,-4,-1,-2
4,-2,-7,-2,5,-4,-1,-5,-2,-3,-1,-2
4,-3,-7,-1,5,-5,-1,-5,-2,-4,-2,-2
2,-4,-7,1,5,-6,-1,-5,-3,-4,-2,-3
3,-3,-6,0,4,-5,0,-4,-2,-4,-3,-4
3,-1,-3,-1,3,-2,1,-3,-2,-4,-3,-4
1,-1,-2,0,2,-1,1,-3,-2,-5,-3,-5
-1,-3,-2,2,0,-2,0,-3,-2,-5,-4,-5
-2,-4,-2,2,0,-2,0,-2,0,-2,-1,-3
1,-2,-3,0,2,-2,1,2,5,3,4,1
7,0,-6,-5,7,-2,2,6,11,10,10,7
13,1,-12,-7,12,-5,3,11,20,18,17,13
19,0,-19,-9,19,-10,2,17,32,29,27,20
28,-1,-28,-13,28,-15,1,24,45,41,38,29
38,0,-38,-19,38,-19,0,32,60,56,52,40
47,1,-45,-25,46,-21,-1,41,78,74,69,54
55,5,-50,-30,52,-21,-1,50,96,92,86,69
64,10,-53,-37,58,-21,-3,56,112,109,103,85
73,17,-56,-46,64,-19,-6,58,124,123,117,98
78,26,-52,-52,65,-13,-8,57,127,128,125,106
72,33,-39,-53,56,-4,-7,50,118,119,119,102
58,34,-23,-46,40,5,-3,37,94,94,96,83
39,32,-6,-35,23,12,0,19,59,57,62,56
17,26,8,-21,5,17,-1,-5,18,17,27,26
-1,17,18,-8,-10,18,-4,-29,-20,-18,-4,0
-15,9,23,3,-20,16,-7,-50,-50,-45,-29,-20
-24,0,23,12,-24,11,-9,-64,-71,-63,-46,-36
-30,-9,20,19,-25,5,-11,-73,-84,-75,-58,-46
-34,-18,16,26,-25,-2,-13,-79,-91,-83,-66,-54
-37,-27,11,32,-24,-8,-15,-83,-96,-89,-71,-60
-39,-33,6,36,-23,-14,-17,-85,-97,-91,-74,-63
-36,-37,0,37,-19,-18,-18,-84,-96,-90,-74,-64
-34,-39,-6,36,-15,-22,-17,-81,-92,-87,-72,-63
-33,-42,-10,37,-12,-25,-17,-75,-85,-81,-68,-60
-29,-41,-12,35,-9,-26,-14,-65,-74,-73,-61,-55
-23,-37,-14,30,-5,-25,-10,-53,-62,-62,-52,-48
-18,-34,-16,26,-2,-25,-7,-42,-50,-52,-44,-42
-14,-32,-16,23,0,-25,-5,-33,-40,-42,-36,-36
-11,-28,-15,19,2,-22,-3,-26,-32,-34,-29,-30
-8,-23,-14,15,3,-19,-3,-22,-26,-27,-24,-25
-6,-18,-12,12,3,-15,-2,-20,-22,-23,-20,-21
-6,-15,-10,10,2,-12,-2,-18,-19,-20,-17,-18
-6,-13,-8,9,0,-10,-1,-16,-17,-17,-15,-16
-5,-10,-6,6,0,-7,0,-14,-15,-14,-12,-14
-3,-6,-3,4,0,-4,1,-11,-12,-11,-10,-11
-3,-6,-2,4,-1,-4,1,-10,-11,-9,-8,-10
-4,-7,-2,5,-1,-5,0,-10,-11,-9,-8,-10
-3,-7,-4,5,0,-5,0,-11,-11,-9,-8,-10
-3,-8,-5,5,0,-6,0,-11,-11,-9,-8,-10
-3,-8,-6,5,0,-6,0,-11,-11,-9,-8,-11
-4,-8,-5,6,0,-6,0,-11,-11,-10,-9,-11
-5,-8,-4,7,-1,-6,0,-11,-11,-10,-9,-11
-5,-9,-4,7,-1,-7,0,-10,-10,-9,-8,-11
-4,-8,-4,6,0,-7,0,-9,-10,-9,-8,-11
-3,-8,-4,6,0,-7,0,-9,-9,-8,-7,-10
-4,-9,-4,7,0,-7,0,-8,-8,-7,-7,-9
-4,-10,-5,7,0,-7,0,-8,-8,-7,-7,-9
-4,-10,-6,7,0,-8,0,-8,-8,-7,-7,-9
-5,-10,-6,7,0,-7,0,-8,-8,-7,-6,-9
-7,-10,-4,7,-2,-6,1,-7,-7,-6,-6,-8
-7,-9,-2,7,-3,-5,1,-7,-7,-6,-6,-8
-6,-7,-1,6,-3,-4,0,-7,-8,-6,-6,-8
-5,-7,-1,5,-2,-4,0,-7,-7,-6,-5,-8
-4,-6,-1,5,-2,-4,0,-6,-7,-5,-5,-7
-4,-5,-1,4,-1,-4,0,-6,-7,-5,-4,-7
-4,-6,-1,5,-2,-4,0,-6,-7,-5,-4,-7
-5,-6,-1,5,-2,-3,0,-6,-7,-5,-4,-6
-4,-6,-2,5,-1,-4,0,-6,-7,-5,-4,-6
-3,-6,-3,4,0,-5,0,-6,-7,-5,-5,-6
-3,-6,-3,4,0,-5,0,-6,-7,-5,-5,-6
-2,-5,-3,3,0,-4,1,-5,-6,-4,-4,-5
-1,-4,-2,2,0,-3,2,-4,-5,-3,-3,-5
0,-3,-2,2,0,-3,1,-4,-5,-4,-3,-5
0,-3,-3,2,1,-3,1,-4,-5,-4,-3,-5
0,-4,-3,2,1,-4,0,-5,-5,-4,-4,-6
0,-4,-4,2,1,-4,0,-5,-5,-4,-4,-6
1,-4,-5,1,2,-4,0,-5,-5,-4,-4,-6
3,-2,-5,0,2,-3,0,-5,-5,-4,-4,-6
4,0,-3,-1,2,-2,0,-4,-5,-3,-3,-5
1,-1,-2,0,0,-1,0,-3,-4,-3,-3,-5
-3,-4,-1,3,-1,-2,0,-3,-5,-3,-3,-5
-5,-6,-1,5,-2,-3,0,-3,-5,-3,-3,-5
-4,-5,-2,4,-1,-3,0,-3,-4,-3,-2,-5
-1,-2,-2,2,0,-2,1,-2,-3,-2,-1,-4
1,-1,-3,0,1,-2,1,-2,-2,-2,0,-3
0,-3,-3,1,1,-3,1,-2,-2,-2,-1,-3
0,-4,-4,2,1,-4,0,-3,-3,-3,-1,-4
0,-4,-4,2,1,-4,0,-3,-3,-3,-1,-4
-1,-3,-3,2,0,-3,0,-2,-3,-3,-1,-4
-2,-2,-1,2,0,-2,1,-2,-2,-2,0,-3
-2,-2,-1,1,0,-1,1,-1,-2,-2,0,-3
-2,-3,-1,1,0,-2,0,-2,-3,-2,-1,-3
0,-2,-1,0,0,-1,0,-2,-3,-2,-1,-3
2,0,-1,-2,0,0,1,-1,-2,-1,0,-2
2,1,0,-2,0,0,1,-1,-2,-1,0,-2
2,1,0,-1,0,0,0,-1,-2,-1,0,-2
2,2,0,-2,0,0,0,-1,-2,-1,0,-2
3,5,1,-4,1,3,0,-1,-2,-1,1,-1
5,7,1,-6,1,4,1,0,-1,0,1,0
5,7,1,-6,2,4,0,0,-1,0,1,0
4,5,0,-4,1,3,0,-1,-2,-1,0,-1
2,2,0,-2,0,1,-1,-2,-3,-2,0,-1
4,4,1,-4,0,2,0,-1,-1,0,1,0
6,7,1,-7,1,4,1,0,0,0,3,1
4,6,1,-5,1,3,0,-1,-1,0,2,0
3,4,0,-4,1,2,-1,-3,-3,-2,0,0
3,3,-1,-3,2,0,-2,-4,-5,-3,-1,-2
1,2,0,-2,0,0,-4,-6,-6,-5,-2,-3
-3,1,3,1,-4,1,-4,-6,-6,-5,-2,-2
-6,0,6,2,-7,3,-3,-5,-6,-4,-1,-1
-7,0,7,2,-7,3,-2,-5,-5,-4,-1,-1
-6,0,7,2,-7,3,-3,-6,-6,-4,-1,-1
-6,0,6,2,-6,3,-3,-6,-7,-5,-1,-1
-6,0,5,2,-6,3,-4,-7,-7,-5,-2,-1
-5,1,5,1,-4,3,-5,-8,-8,-6,-3,-2
-4,2,5,0,-4,4,-5,-8,-9,-7,-3,-2
-6,2,8,1,-6,5,-4,-8,-9,-7,-2,-1
-8,1,9,3,-8,5,-4,-8,-9,-7,-2,-1
-6,2,8,1,-7,5,-3,-8,-9,-6,-1,0
-2,5,7,-2,-4,6,-2,-8,-9,-6,-1,0
0,7,7,-4,-3,6,-2,-9,-9,-7,-1,0
1,8,6,-5,-2,7,-3,-9,-10,-7,-1,-1
2,8,6,-6,-1,7,-2,-8,-10,-7,-1,0
2,9,5,-6,-1,7,-2,-8,-10,-6,-1,0
2,10,6,-7,-2,8,-2,-8,-10,-6,-1,0
1,9,7,-6,-3,8,-2,-9,-11,-7,-2,0
0,6,6,-4,-3,6,-3,-10,-12,-9,-3,-1
-1,5,6,-2,-4,5,-4,-11,-13,-10,-4,-3
-1,5,6,-2,-3,5,-5,-12,-14,-11,-5,-4
0,6,6,-3,-2,5,-4,-12,-13,-10,-4,-4
0,6,6,-3,-3,5,-3,-11,-13,-10,-4,-3
-2,6,7,-2,-4,6,-3,-11,-13,-10,-4,-3
-2,7,8,-3,-5,7,-3,-11,-13,-10,-4,-3
-1,8,8,-4,-5,7,-3,-11,-13,-10,-4,-2
0,8,8,-4,-4,8,-3,-11,-13,-10,-4,-2
0,8,9,-4,-5,8,-3,-11,-13,-10,-4,-2
-1,8,9,-3,-6,8,-3,-11,-13,-10,-4,-3
-2,6,9,-2,-6,8,-4,-11,-13,-10,-4,-3
-2,6,8,-2,-5,7,-4,-11,-13,-10,-4,-3
-2,5,6,-1,-5,6,-4,-12,-13,-10,-4,-3
-2,4,6,-1,-5,5,-4,-12,-13,-10,-4,-3
-2,5,8,-1,-6,6,-4,-12,-13,-10,-4,-3
-2,7,9,-2,-6,8,-4,-12,-13,-10,-5,-3
0,7,8,-3,-5,7,-4,-12,-13,-10,-5,-3
0,7,8,-3,-4,7,-4,-11,-13,-9,-4,-2
-1,7,9,-3,-5,8,-3,-10,-11,-8,-3,-1
-1,7,9,-3,-5,8,-2,-10,-10,-7,-2,0
0,7,7,-4,-3,7,-3,-9,-10,-6,-2,-1
1,6,5,-4,-2,5,-3,-9,-10,-6,-2,-1
1,5,4,-3,-1,4,-3,-9,-10,-6,-2,-2
3,4,2,-4,0,3,-3,-9,-10,-6,-3,-2
4,3,0,-5,2,1,-3,-9,-10,-6,-3,-2
3,1,-1,-3,2,0,-4,-9,-10,-6,-3,-2
0,0,-1,-1,0,-1,-4,-9,-9,-6,-3,-2
0,0,0,0,0,0,-4,-9,-9,-6,-2,-2
0,0,0,-1,0,0,-4,-9,-8,-5,-2,-2
0,0,0,-1,0,0,-4,-8,-7,-5,-2,-2
1,0,-1,-1,1,0,-4,-8,-7,-5,-1,-2
2,0,-2,-2,1,-1,-4,-8,-7,-5,-1,-2
2,0,-2,-2,1,-1,-4,-8,-7,-5,-2,-3
3,1,-1,-3,2,0,-4,-8,-7,-5,-2,-3
4,3,-1,-4,2,1,-3,-7,-6,-4,-1,-2
3,3,0,-4,2,1,-2,-6,-5,-4,-1,-2
2,2,0,-2,0,1,-2,-6,-5,-4,-1,-2
2,2,0,-2,0,1,-2,-6,-6,-4,-1,-2
3,2,0,-2,1,0,-3,-7,-6,-5,-2,-3
2,0,-1,-1,0,0,-3,-6,-6,-5,-3,-3
0,-2,-1,1,0,-2,-2,-6,-6,-4,-2,-3
-1,-4,-1,2,-1,-2,-1,-5,-5,-4,-2,-3
-1,-4,-2,2,0,-3,-1,-6,-6,-5,-3,-4
0,-4,-4,1,1,-4,-1,-6,-6,-5,-3,-4
1,-3,-4,1,2,-4,-1,-6,-6,-6,-3,-4
1,-3,-4,0,2,-3,-1,-6,-6,-6,-3,-4
2,-2,-4,0,2,-3,-1,-5,-6,-6,-3,-4
1,-3,-4,0,2,-3,-1,-5,-6,-6,-3,-4
-2,-4,-2,3,0,-3,-1,-5,-6,-6,-3,-5
-4,-5,0,4,-2,-3,0,-5,-6,-5,-3,-5
-3,-3,0,3,-1,-2,0,-5,-5,-5,-3,-4
1,-1,-2,0,1,-2,0,-4,-5,-4,-2,-4
3,0,-4,-1,3,-2,0,-4,-4,-4,-2,-4
2,-1,-3,-1,2,-2,0,-3,-4,-4,-2,-3
0,-3,-2,1,0,-3,0,-3,-4,-4,-2,-3
-3,-6,-2,4,-1,-4,0,-3,-4,-5,-3,-4
-5,-7,-2,5,-2,-5,-1,-4,-5,-7,-4,-5
-4,-7,-2,5,-1,-5,-1,-4,-5,-7,-5,-6
0,-4,-3,1,1,-4,0,-4,-4,-6,-4,-5
2,0,-3,-2,2,-2,0,-3,-3,-5,-3,-4
3,0,-2,-3,2,-1,1,-2,-3,-5,-3,-4
3,0,-3,-3,2,-1,1,-2,-2,-5,-3,-4
5,0,-5,-3,4,-2,1,-2,-2,-5,-3,-3
6,0,-6,-4,5,-3,1,-1,-2,-4,-3,-3
7,0,-6,-4,6,-2,1,0,-2,-4,-2,-3
6,1,-5,-4,5,-2,1,0,-1,-3,-2,-2
5,1,-4,-3,4,-1,1,0,-1,-3,-2,-2
3,0,-3,-2,3,-1,1,1,0,-3,-2,-2
4,0,-4,-3,4,-2,2,1,0,-2,-1,-1
6,1,-5,-4,5,-2,2,2,0,-1,0,0
8,4,-4,-6,5,0,3,3,1,0,1,0
8,6,-3,-7,5,1,3,4,2,1,2,1
6,5,-1,-6,3,2,3,4,3,1,3,2
5,5,0,-5,2,3,2,5,3,2,4,2
6,6,0,-6,3,3,2,5,4,2,4,2
4,4,0,-4,2,2,1,5,4,2,4,2
0,2,1,-2,0,1,0,4,4,2,4,2
0,4,4,-2,-2,3,1,5,5,4,5,4
0,7,5,-4,-3,5,2,7,7,5,7,5
1,8,6,-5,-3,6,3,8,8,6,7,6
2,8,6,-6,-2,7,3,9,9,6,8,6
3,9,6,-7,-1,7,4,10,10,7,9,7
6,11,5,-9,0,8,5,12,12,9,10,8
12,15,3,-14,4,9,6,14,13,10,11,9
15,18,2,-17,6,9,6,15,14,11,12,10
15,17,2,-16,6,9,5,14,14,11,12,9
14,17,2,-16,6,9,4,14,14,11,12,9
13,16,3,-15,5,9,3,13,14,11,12,9
11,14,2,-13,4,8,2,12,13,10,11,9
12,12,-1,-12,6,5,0,10,12,9,11,8
14,11,-4,-13,9,3,-3,8,11,8,10,8
15,10,-6,-13,10,2,-5,6,10,8,10,8
17,9,-7,-13,12,1,-7,5,10,7,10,8
18,9,-8,-13,13,0,-8,4,9,7,10,8
18,8,-9,-13,13,0,-8,3,9,6,9,8
18,9,-8,-14,13,0,-8,2,8,6,9,8
16,9,-7,-14,11,1,-8,2,8,6,9,8
15,8,-6,-12,10,1,-8,1,7,5,9,7
13,5,-7,-9,10,-1,-8,0,6,4,7,6
11,2,-9,-7,10,-3,-8,0,5,3,6,4
12,2,-9,-8,10,-3,-7,0,5,3,6,4
12,2,-9,-8,10,-3,-6,0,5,3,6,4
10,1,-8,-6,9,-3,-6,-1,4,2,6,3
8,0,-8,-5,8,-3,-6,-1,4,2,5,3
8,0,-7,-6,7,-2,-5,-1,4,1,5,3
8,0,-7,-5,7,-2,-5,0,4,1,5,3
5,0,-5,-3,5,-2,-4,0,5,2,5,3
5,0,-4,-3,4,-1,-3,1,5,2,6,3
6,1,-4,-4,5,-1,-2,1,5,2,5,3
7,1,-5,-5,6,-2,-2,1,5,1,4,2
6,0,-5,-3,6,-2,-2,1,4,1,4,2
4,-2,-5,-1,5,-3,-2,0,4,0,3,1
2,-4,-6,0,4,-5,-2,0,4,0,3,1
1,-5,-6,1,3,-5,-2,0,4,0,3,1
0,-4,-5,1,2,-4,-1,0,4,-1,2,0
0,-4,-4,2,1,-4,-2,0,2,-2,0,-1
-1,-6,-4,3,1,-5,-2,-2,0,-5,-2,-4
-2,-7,-5,5,1,-7,-2,-2,-1,-6,-3,-5
-3,-8,-5,5,0,-7,-1,-2,-1,-6,-3,-6
-4,-8,-4,5,0,-6,0,-2,-1,-6,-3,-5
-6,-9,-3,7,-2,-6,0,-2,-1,-7,-4,-5
-6,-10,-4,7,-1,-6,0,-1,-1,-7,-4,-5
-3,-10,-6,5,1,-7,0,-1,-1,-7,-4,-6
-1,-10,-8,5,3,-8,0,-1,-1,-7,-5,-7
-2,-10,-8,6,2,-9,0,-2,-2,-8,-6,-7
-4,-10,-6,7,1,-8,0,-2,-2,-8,-5,-7
-5,-10,-5,7,0,-7,1,-1,-2,-7,-4,-7
-4,-9,-4,6,0,-6,1,0,-1,-6,-4,-6
-4,-9,-5,6,0,-7,1,0,-2,-7,-4,-6
-3,-9,-6,5,1,-7,1,0,-2,-7,-4,-6
0,-6,-6,2,2,-6,2,0,-1,-6,-3,-6
1,-3,-4,0,2,-4,4,2,0,-4,-2,-5
1,-3,-3,0,2,-3,4,2,0,-4,-2,-5
1,-4,-4,1,2,-4,3,1,-1,-6,-4,-6
1,-5,-6,2,3,-6,1,0,-2,-7,-5,-7
0,-6,-6,2,2,-6,1,0,-3,-8,-6,-7
-1,-7,-5,3,1,-6,1,0,-3,-8,-6,-7
-4,-8,-4,5,-1,-6,1,0,-3,-8,-5,-7
-5,-8,-4,6,-1,-6,1,0,-3,-8,-5,-7
-4,-8,-4,5,0,-6,1,0,-3,-8,-5,-7
-4,-8,-4,5,0,-6,1,0,-3,-8,-5,-7
-6,-9,-4,7,-1,-6,0,-1,-3,-8,-5,-8
-6,-10,-4,7,-1,-7,0,-1,-3,-8,-5,-8
-6,-11,-4,7,-1,-7,0,-1,-3,-8,-5,-7
-6,-11,-5,7,-1,-8,0,-1,-3,-8,-5,-7
-6,-12,-5,8,-1,-9,0,-2,-4,-8,-5,-8
-8,-14,-6,10,-1,-9,0,-2,-5,-9,-6,-9
-10,-15,-5,12,-3,-10,-1,-2,-5,-9,-6,-9
-11,-15,-4,12,-3,-9,0,-2,-4,-8,-6,-9
-7,-11,-5,8,-1,-8,0,0,-2,-6,-5,-7
-2,-6,-5,4,1,-6,1,0,-1,-5,-4,-6
-1,-5,-4,3,1,-5,1,0,-1,-6,-4,-6
-1,-6,-5,3,1,-5,1,0,-2,-7,-5,-7
-1,-7,-6,3,1,-6,2,1,-2,-8,-5,-8
-3,-9,-6,5,1,-7,3,2,-2,-8,-6,-8
-6,-10,-4,7,-1,-7,4,3,-1,-7,-6,-8
-7,-8,-2,6,-3,-5,4,5,0,-5,-4,-7
-4,-4,-1,3,-1,-3,4,7,4,-1,0,-3
0,-1,-1,0,0,-2,5,11,9,4,4,0
2,-1,-3,-1,2,-3,5,15,16,11,10,5
9,0,-9,-5,8,-5,6,22,26,20,18,12
19,2,-17,-11,17,-7,6,30,39,32,29,21
27,2,-25,-16,25,-11,5,37,53,45,41,30
36,1,-35,-20,35,-16,3,45,68,60,55,42
47,3,-44,-25,45,-20,1,52,85,77,70,55
58,8,-50,-33,54,-21,0,59,103,95,88,70
67,14,-53,-41,60,-19,-3,64,119,112,105,85
71,20,-51,-46,61,-16,-6,64,128,123,117,97
69,25,-43,-47,55,-9,-7,59,127,124,121,102
59,28,-30,-44,43,-1,-7,48,112,110,110,94
44,26,-17,-36,30,4,-7,29,82,79,84,73
30,21,-9,-26,19,6,-9,4,44,40,50,45
15,13,-2,-15,8,6,-12,-22,3,0,16,17
-3,2,4,0,-4,3,-15,-46,-35,-33,-14,-8
-19,-9,8,14,-13,-1,-19,-65,-64,-60,-39,-29
-29,-20,8,24,-19,-6,-21,-77,-84,-78,-56,-45
-37,-30,7,33,-23,-12,-22,-84,-95,-89,-67,-55
-43,-37,6,39,-25,-16,-23,-87,-100,-96,-74,-62
-43,-41,3,40,-24,-19,-24,-87,-102,-99,-77,-66
-41,-42,-1,40,-20,-21,-23,-84,-100,-98,-77,-67
-39,-44,-5,40,-17,-24,-21,-79,-94,-93,-75,-66
-37,-45,-8,40,-14,-26,-18,-70,-86,-86,-71,-63
-33,-43,-11,37,-11,-27,-14,-59,-74,-77,-64,-58
-28,-42,-15,34,-7,-29,-11,-47,-62,-68,-57,-53
-21,-40,-19,30,-2,-30,-8,-36,-51,-58,-50,-47
-15,-35,-20,25,1,-28,-6,-27,-41,-48,-41,-39
-12,-30,-18,20,2,-24,-4,-20,-32,-39,-33,-32
-9,-26,-15,16,2,-20,-3,-15,-25,-31,-26,-25
-7,-21,-13,13,2,-16,-2,-12,-20,-25,-20,-20
-5,-16,-11,9,2,-13,-1,-10,-16,-20,-17,-17
-4,-11,-9,7,2,-10,0,-7,-13,-17,-14,-15
-5,-9,-5,6,0,-7,1,-5,-10,-15,-13,-13
-6,-9,-3,7,-2,-7,0,-4,-9,-14,-12,-13
-5,-8,-4,6,-1,-7,-1,-3,-9,-14,-12,-13
-3,-8,-4,4,-1,-6,-1,-3,-8,-13,-11,-12
-4,-9,-3,5,-1,-6,-1,-3,-8,-12,-10,-11
-6,-11,-4,7,-2,-7,-1,-3,-8,-12,-10,-11
-7,-12,-5,8,-1,-8,-1,-3,-8,-12,-10,-12
-7,-12,-5,9,-1,-9,-2,-3,-8,-12,-11,-12
-9,-13,-5,10,-2,-9,-2,-3,-8,-12,-11,-12
-11,-14,-3,12,-4,-9,-3,-4,-8,-12,-11,-13
-11,-13,-1,11,-5,-7,-3,-3,-7,-12,-11,-12
-8,-10,-1,8,-4,-6,-2,-1,-6,-10,-9,-11
-4,-8,-2,5,-2,-5,-1,0,-5,-9,-8,-10
-4,-8,-4,4,-1,-6,-2,0,-5,-9,-8,-10
-5,-9,-3,6,-2,-6,-2,0,-5,-9,-8,-10
-7,-9,-2,7,-3,-5,-1,0,-5,-8,-7,-9
-7,-8,-2,7,-3,-5,0,0,-4,-7,-7,-9
-6,-7,-2,6,-2,-5,0,1,-4,-7,-6,-8
-6,-8,-3,6,-2,-6,0,1,-4,-6,-6,-8
-6,-9,-3,7,-2,-7,0,2,-4,-6,-6,-8
-8,-11,-2,8,-4,-7,0,1,-4,-6,-6,-8
-10,-13,-3,10,-4,-8,-1,1,-5,-7,-7,-9
-11,-13,-3,10,-4,-8,-2,1,-5,-7,-7,-9
-10,-12,-3,9,-4,-7,-1,1,-5,-7,-7,-9
-7,-8,-3,6,-2,-6,-1,2,-5,-7,-6,-9
-4,-5,-3,4,-1,-5,0,2,-5,-7,-6,-9
-4,-5,-2,3,-1,-4,0,3,-5,-7,-6,-9
-4,-4,0,3,-2,-3,0,3,-4,-6,-6,-8
-3,-4,0,2,-3,-2,0,4,-3,-5,-5,-7
-3,-4,0,2,-2,-2,0,4,-3,-5,-5,-7
-1,-4,-2,1,0,-3,0,4,-3,-5,-5,-7
1,-4,-5,0,2,-4,0,4,-3,-5,-5,-8
2,-4,-7,0,4,-5,-1,4,-4,-6,-6,-9
3,-4,-8,0,5,-6,-2,3,-5,-7,-8,-10
1,-4,-6,0,3,-6,-3,3,-6,-7,-8,-10
-2,-4,-2,2,-1,-4,-2,4,-5,-6,-7,-9
-5,-5,0,4,-4,-2,-1,5,-4,-5,-6,-8
-4,-5,0,4,-4,-3,-1,4,-4,-5,-6,-8
-3,-5,-1,3,-2,-3,-1,4,-4,-5,-6,-8
-3,-5,-2,3,-2,-3,-1,5,-3,-5,-5,-7
-6,-5,0,4,-3,-3,0,6,-2,-4,-4,-7
-7,-6,0,5,-4,-3,-1,6,-3,-4,-5,-7
-5,-6,-1,4,-2,-3,-2,6,-3,-5,-5,-8
-4,-5,-1,3,-2,-3,-2,5,-3,-5,-5,-8
-6,-6,-1,4,-3,-3,-3,5,-4,-6,-6,-8
-7,-8,-1,6,-4,-4,-4,4,-4,-6,-6,-8
-5,-7,-2,4,-3,-4,-3,5,-4,-5,-5,-7
-4,-6,-2,3,-2,-4,-2,5,-3,-4,-4,-6
-6,-6,-1,5,-3,-4,-2,5,-3,-4,-4,-6
-7,-7,0,6,-4,-4,-2,5,-3,-4,-5,-6
-7,-7,-1,6,-3,-4,-3,5,-4,-4,-5,-7
-6,-7,-1,5,-3,-4,-4,5,-4,-4,-6,-7
-5,-6,-1,4,-3,-3,-4,5,-4,-4,-5,-6
-3,-3,0,2,-2,-1,-4,6,-3,-3,-4,-5
0,1,2,-1,-2,1,-2,7,-1,-1,-2,-3
0,3,2,-3,-2,3,-1,7,0,-1,-1,-2
1,4,3,-3,-2,3,-1,7,0,-1,-1,-2
1,5,3,-4,-1,4,-1,7,0,-1,-1,-2
0,5,4,-4,-2,5,-1,7,0,0,-1,-2
0,5,4,-4,-2,5,-1,7,0,0,-1,-2
0,4,3,-3,-2,4,-2,7,0,0,-1,-2
2,3,2,-4,0,3,-2,7,0,0,-1,-2
3,3,0,-4,1,2,-2,7,0,0,-1,-2
4,3,0,-4,1,1,-2,7,0,0,0,-1
4,4,0,-5,1,2,-1,7,0,0,0,-1
4,5,1,-6,1,3,-1,7,0,0,0,0
4,6,1,-6,1,4,-1,7,0,0,0,0
4,6,2,-6,1,4,-2,6,0,0,0,0
2,6,3,-6,0,5,-3,5,0,0,0,0
1,7,5,-5,-2,6,-3,5,0,0,1,0
1,8,7,-6,-3,8,-2,5,0,1,2,1
2,10,8,-8,-4,9,-2,5,0,1,2,1
1,10,9,-7,-4,9,-2,4,-1,0,1,1
0,8,8,-5,-5,8,-3,3,-2,0,0,1
0,9,8,-6,-4,8,-3,2,-3,0,0,1
2,11,8,-8,-3,9,-3,2,-2,0,1,1
1,10,8,-7,-4,9,-3,2,-2,0,1,1
-1,7,8,-5,-5,7,-4,1,-3,-1,0,0
-2,7,9,-4,-6,8,-4,1,-3,-1,0,0
-2,8,10,-4,-7,9,-4,1,-3,-1,1,1
-2,9,10,-5,-7,9,-4,1,-3,0,1,2
0,9,8,-5,-5,9,-4,0,-3,-1,1,1
0,9,7,-5,-4,8,-5,0,-4,-1,0,0
-1,7,7,-3,-5,7,-6,-2,-6,-3,-1,0
-4,5,8,-1,-6,7,-7,-3,-7,-4,-2,-1
-3,7,10,-3,-7,9,-6,-2,-7,-3,-1,-1
0,12,10,-7,-6,11,-5,-2,-6,-3,0,0
2,12,9,-9,-4,11,-5,-2,-6,-3,0,0
2,11,8,-8,-4,9,-6,-3,-7,-4,-1,-1
1,10,8,-7,-4,9,-6,-4,-7,-4,-2,-1
1,9,8,-7,-4,8,-6,-4,-7,-4,-2,-1
0,8,7,-6,-3,7,-6,-4,-7,-4,-2,-1
-1,7,8,-4,-5,7,-6,-4,-7,-5,-2,-1
-5,6,10,-2,-8,8,-6,-4,-7,-5,-2,-1
-6,6,11,-2,-9,8,-6,-4,-7,-6,-2,-1
-3,7,9,-4,-6,8,-7,-5,-7,-6,-2,-1
0,7,7,-5,-4,7,-7,-5,-7,-6,-2,-1
0,7,6,-5,-3,6,-7,-5,-7,-5,-2,-1
0,7,6,-5,-3,6,-6,-5,-7,-5,-2,-1
1,7,6,-5,-2,6,-6,-4,-7,-4,-2,-1
2,8,6,-6,-1,6,-6,-4,-7,-4,-2,-1
1,7,6,-6,-2,6,-6,-4,-7,-4,-2,-1
-2,6,7,-3,-5,6,-6,-5,-7,-4,-2,-1
-3,5,8,-2,-7,7,-6,-5,-7,-4,-2,-1
-4,4,8,-1,-7,6,-7,-5,-8,-4,-2,-1
-5,2,7,0,-7,4,-7,-6,-8,-5,-3,-2
-4,1,5,0,-5,3,-7,-6,-9,-5,-3,-2
-1,3,5,-2,-4,4,-7,-5,-9,-4,-2,-2
-1,3,5,-2,-4,4,-7,-5,-9,-4,-2,-2
-2,3,5,-2,-4,4,-7,-5,-8,-3,-1,-1
-3,3,6,-1,-5,4,-6,-4,-7,-2,0,0
-4,2,6,-1,-5,4,-5,-3,-6,-1,0,0
-3,2,5,-1,-5,4,-5,-2,-5,-1,0,0
-2,2,4,-1,-4,3,-6,-2,-5,-1,0,0
0,2,2,-2,-2,2,-6,-2,-5,-1,-1,-1
2,2,0,-3,0,1,-6,-2,-5,0,0,0
2,3,0,-4,1,1,-6,-1,-3,1,1,1
3,2,-1,-5,2,0,-7,-1,-2,2,2,2
5,1,-5,-5,4,-1,-9,-2,-2,2,2,2
8,0,-9,-6,8,-4,-10,-3,-2,2,3,3
11,-1,-14,-7,12,-7,-12,-4,-1,2,4,3
13,-2,-17,-7,14,-9,-13,-4,0,4,5,5
15,-3,-18,-7,15,-10,-14,-5,0,5,7,6
17,-2,-19,-9,17,-10,-16,-6,0,6,8,7
20,0,-19,-12,19,-10,-17,-7,2,7,10,9
22,2,-19,-14,20,-9,-19,-7,4,9,13,12
23,3,-20,-15,20,-8,-21,-6,6,12,15,14
25,3,-22,-16,22,-9,-22,-6,8,14,18,17
29,4,-25,-18,26,-10,-23,-4,11,18,21,20
34,6,-29,-21,31,-11,-24,-1,16,22,26,24
38,6,-33,-23,34,-12,-24,2,21,27,31,29
40,6,-35,-24,37,-13,-26,5,26,32,35,33
43,8,-35,-27,38,-13,-27,8,33,38,41,38
47,12,-35,-31,40,-11,-28,13,41,46,49,45
53,16,-37,-37,44,-10,-29,18,50,54,57,52
62,21,-42,-43,51,-11,-31,23,60,64,66,60
70,23,-47,-48,58,-12,-32,28,70,73,75,68
77,24,-54,-52,65,-14,-33,35,80,83,84,75
85,24,-61,-56,72,-18,-33,42,92,93,93,83
92,23,-69,-59,80,-22,-32,50,103,103,102,91
102,23,-78,-64,89,-27,-31,58,114,112,111,99
112,24,-88,-69,99,-32,-31,65,124,121,119,106
121,24,-96,-74,107,-36,-29,71,132,129,127,112
126,27,-100,-78,112,-36,-25,78,140,137,134,118
130,28,-103,-80,115,-37,-21,82,146,142,140,123
134,25,-110,-81,121,-42,-20,82,147,144,143,125
140,21,-121,-82,130,-50,-19,81,148,144,145,126
146,16,-132,-82,138,-57,-20,78,147,145,147,128
149,8,-141,-80,144,-66,-23,71,145,144,149,130
151,1,-150,-77,149,-74,-26,63,142,142,151,131
154,-1,-156,-78,154,-79,-28,57,141,142,154,133
156,-3,-160,-78,157,-81,-29,52,139,141,156,134
153,-5,-159,-76,155,-82,-30,48,137,139,156,134
147,-6,-154,-73,150,-80,-30,45,135,137,155,133
140,-5,-147,-69,142,-76,-29,43,132,135,154,131
133,-3,-137,-67,134,-70,-28,41,129,133,152,129
122,-1,-123,-62,122,-62,-26,38,122,126,144,122
104,0,-104,-53,103,-52,-22,33,107,109,126,107
81,-1,-82,-42,80,-41,-17,26,85,83,99,84
58,-1,-60,-30,57,-31,-11,18,59,53,67,57
37,-2,-40,-20,37,-22,-6,11,36,28,40,33
21,-2,-25,-12,22,-14,-2,5,18,9,19,16
9,-2,-13,-6,10,-8,-1,0,5,-2,5,4
1,-2,-4,-1,1,-4,0,-4,-3,-9,-3,-3
-5,-2,2,1,-5,0,0,-6,-9,-14,-9,-8
-10,-2,8,4,-10,2,0,-8,-14,-18,-14,-12
-15,-3,12,7,-15,3,0,-11,-18,-21,-18,-17
-17,-4,14,9,-17,4,-1,-13,-22,-25,-23,-20
-17,-2,15,8,-17,6,-1,-15,-25,-27,-25,-23
-17,0,16,7,-17,7,0,-15,-27,-28,-27,-24
-19,0,17,7,-19,8,1,-14,-27,-28,-27,-24
-19,-1,17,8,-19,8,3,-13,-26,-27,-26,-23
-19,-3,15,9,-18,6,4,-12,-26,-27,-26,-24
-20,-6,13,11,-18,3,4,-12,-27,-27,-27,-25
-21,-9,12,13,-18,1,3,-13,-28,-28,-28,-26
-22,-12,10,14,-17,-1,2,-14,-29,-28,-29,-27
-20,-11,8,13,-15,-1,1,-13,-28,-28,-28,-26
-16,-9,5,10,-12,-2,1,-13,-28,-27,-28,-26
-15,-12,2,11,-10,-4,0,-15,-29,-29,-29,-27
-19,-18,0,16,-11,-8,-4,-19,-32,-31,-32,-29
-20,-20,0,18,-11,-10,-6,-21,-34,-33,-33,-31
-18,-19,-1,16,-10,-9,-6,-21,-34,-32,-33,-31
-15,-16,-2,13,-8,-9,-6,-21,-34,-32,-33,-31
-14,-16,-2,13,-7,-9,-5,-22,-34,-33,-33,-31
-17,-18,-1,14,-9,-9,-6,-23,-36,-34,-34,-32
-19,-19,0,17,-11,-9,-6,-23,-37,-35,-35,-33
-20,-18,0,17,-11,-8,-5,-22,-37,-35,-35,-32
-19,-16,0,15,-11,-7,-3,-21,-36,-35,-35,-32
-18,-13,2,14,-11,-5,-1,-20,-36,-34,-34,-31
-19,-10,8,13,-15,-1,1,-17,-34,-31,-32,-29
-20,-8,13,12,-18,2,3,-16,-33,-30,-31,-28
-22,-7,16,12,-20,4,4,-16,-34,-30,-31,-28
-25,-6,19,13,-24,6,4,-16,-35,-31,-32,-28
-28,-7,21,15,-26,7,4,-17,-36,-32,-33,-29
-30,-8,21,16,-27,7,3,-19,-39,-34,-35,-31
-32,-8,22,17,-28,8,2,-20,-40,-36,-37,-33
-34,-8,24,19,-30,8,2,-21,-42,-36,-38,-34
-35,-7,26,19,-32,9,2,-21,-43,-37,-39,-35
-35,-7,27,19,-32,10,3,-21,-43,-37,-39,-35
-34,-6,28,18,-33,10,3,-21,-44,-37,-39,-35
-33,-4,28,17,-32,11,4,-21,-44,-37,-39,-35
-31,-2,28,14,-31,12,4,-21,-44,-37,-38,-35
-29,0,27,13,-30,13,5,-21,-44,-38,-38,-34
-32,-2,28,15,-32,13,5,-21,-44,-38,-39,-34
-37,-3,31,18,-35,14,4,-22,-45,-39,-39,-35
-40,-4,33,20,-38,15,4,-22,-46,-39,-40,-35
-39,-4,33,20,-38,14,4,-23,-47,-40,-41,-36
-39,-4,33,20,-38,14,4,-24,-48,-40,-42,-37
-39,-5,34,20,-38,14,4,-24,-48,-41,-42,-37
-40,-5,34,20,-39,14,3,-25,-49,-42,-43,-38
-41,-5,35,21,-39,14,2,-27,-51,-43,-45,-40
-43,-6,35,22,-40,14,1,-28,-53,-45,-46,-41
-45,-7,36,23,-42,15,0,-29,-54,-46,-47,-42
-45,-6,37,23,-42,16,0,-29,-54,-46,-47,-42
-42,-4,37,21,-41,17,2,-28,-54,-45,-46,-41
-40,-1,38,18,-41,18,3,-27,-53,-44,-45,-40
-38,0,38,16,-41,19,4,-26,-52,-43,-45,-40
-37,2,39,15,-40,21,4,-26,-52,-43,-45,-39
-36,4,40,13,-39,22,4,-26,-52,-43,-45,-39
-35,5,39,12,-38,22,5,-26,-53,-43,-45,-39
-34,5,38,12,-37,22,5,-26,-53,-43,-45,-39
-34,6,39,11,-37,22,6,-26,-53,-43,-44,-38
-36,6,40,12,-39,23,6,-25,-53,-42,-44,-38
-38,5,42,14,-41,23,6,-26,-53,-43,-44,-38
-38,5,42,14,-42,23,5,-26,-53,-43,-44,-38
-37,5,42,14,-41,23,5,-27,-54,-44,-45,-39
-37,4,41,14,-41,23,4,-27,-54,-45,-46,-40
-37,4,40,14,-40,23,4,-28,-55,-45,-47,-40
-37,6,41,13,-40,24,4,-28,-55,-45,-47,-40
-36,6,41,12,-39,24,4,-29,-56,-45,-47,-40
-38,5,42,14,-41,23,4,-29,-56,-45,-47,-40
-42,4,45,16,-44,24,4,-29,-56,-45,-47,-40
-44,4,47,17,-47,25,5,-29,-56,-45,-47,-40
-45,2,45,19,-47,23,4,-30,-57,-46,-48,-41
-44,0,43,19,-45,22,4,-31,-58,-47,-49,-41
-44,0,42,19,-44,21,3,-31,-58,-47,-49,-41
-46,-1,43,21,-46,21,3,-31,-58,-47,-48,-41
-47,0,45,21,-47,23,3,-30,-57,-46,-47,-40
-44,3,45,18,-45,25,4,-30,-56,-45,-46,-39
-39,6,44,14,-43,25,3,-30,-56,-45,-46,-39
-36,7,42,12,-40,24,3,-30,-56,-45,-46,-39
-35,6,41,12,-39,23,3,-30,-55,-44,-46,-39
-37,4,40,14,-40,22,3,-30,-55,-44,-46,-38
-39,3,41,16,-42,22,3,-30,-55,-44,-46,-38
-40,3,41,16,-42,22,3,-29,-54,-43,-45,-37
-40,3,41,15,-41,22,3,-29,-53,-42,-44,-37
-38,5,40,14,-40,22,3,-29,-52,-41,-43,-36
-32,9,40,9,-37,24,4,-27,-50,-40,-42,-35
-28,13,40,5,-35,26,5,-26,-48,-38,-40,-34
-26,13,39,4,-34,25,6,-24,-47,-37,-39,-33
-27,11,38,5,-34,24,6,-24,-46,-36,-38,-32
-28,9,37,7,-34,23,6,-24,-45,-36,-38,-32
-29,7,36,8,-34,22,5,-24,-44,-36,-38,-32
-31,7,36,9,-34,22,5,-23,-43,-35,-38,-32
-32,6,36,10,-35,21,5,-23,-43,-35,-37,-32
-33,5,35,11,-35,20,4,-23,-42,-35,-37,-32
-34,2,34,13,-35,17,3,-24,-42,-35,-37,-32
-34,0,32,14,-35,15,2,-24,-42,-34,-37,-32
-34,-1,32,15,-35,14,3,-23,-40,-33,-35,-30
-33,0,32,14,-34,15,4,-21,-37,-31,-33,-28
-32,1,32,12,-33,16,5,-19,-34,-28,-31,-26
-30,2,31,11,-32,16,5,-18,-32,-27,-29,-25
-28,2,28,10,-30,15,5,-17,-30,-26,-29,-25
-26,2,26,10,-27,14,4,-18,-30,-25,-28,-25
-25,0,24,10,-26,12,3,-18,-30,-25,-28,-25
-24,0,23,9,-25,11,3,-17,-28,-23,-27,-24
-23,0,22,9,-24,11,4,-15,-26,-22,-25,-22
-22,-1,20,8,-23,10,4,-13,-24,-20,-24,-21
-20,-2,17,8,-20,7,4,-12,-22,-19,-22,-20
-20,-3,15,8,-19,6,4,-11,-20,-18,-21,-19
-20,-3,15,8,-19,6,4,-10,-18,-16,-19,-17
-18,-1,14,7,-18,6,5,-9,-16,-14,-17,-15
-16,0,13,6,-16,6,5,-8,-15,-12,-15,-14
-15,-1,12,6,-15,5,5,-8,-14,-11,-14,-13
-14,-2,11,6,-14,3,5,-7,-13,-10,-14,-13
-12,-2,9,5,-12,2,4,-7,-12,-10,-13,-12
-10,-2,7,3,-11,2,4,-6,-10,-9,-11,-11
-10,-1,6,3,-10,2,4,-6,-9,-8,-10,-10
-9,-1,6,2,-9,2,3,-6,-8,-7,-9,-9
-7,1,6,0,-8,3,3,-6,-7,-7,-9,-8
-5,3,5,-2,-7,3,3,-5,-7,-6,-8,-8
-3,4,5,-3,-6,4,3,-4,-6,-5,-7,-7
-2,5,5,-4,-5,4,3,-4,-5,-4,-6,-6
-1,5,4,-4,-5,4,3,-4,-4,-3,-6,-6
0,4,2,-5,-3,3,3,-3,-3,-3,-5,-6
2,5,1,-6,-1,3,3,-2,-1,-1,-4,-5
3,6,0,-7,0,3,4,-1,0,0,-3,-3
3,6,0,-7,0,3,4,-1,1,1,-2,-2
0,3,0,-5,-1,2,4,-1,1,1,-2,-3
-1,1,0,-2,-2,0,3,-1,1,0,-2,-3
0,1,0,-3,-1,0,3,-1,1,1,-1,-2
2,1,-1,-4,0,-1,3,-1,1,1,-1,-2
0,0,-1,-3,-1,0,2,-1,2,1,0,-1
0,1,0,-4,-1,0,2,-1,2,1,0,-1
2,3,-1,-6,0,1,2,-1,3,2,0,0
3,2,-3,-6,1,0,2,-1,3,2,0,0
2,1,-3,-5,1,-1,1,-2,2,1,0,-1
2,-1,-4,-4,1,-2,0,-3,2,0,0,-1
2,-2,-4,-2,1,-3,0,-2,2,0,0,-1
0,-3,-3,-1,0,-3,0,-2,2,1,0,0
0,-3,-3,0,0,-3,1,-2,2,1,0,0
0,-3,-4,-1,0,-4,1,-2,2,0,0,0
-1,-3,-4,0,-1,-4,0,-3,2,0,0,-1
-2,-3,-3,0,-1,-3,0,-4,2,0,-1,-1
0,-1,-3,-2,0,-2,0,-4,1,0,-1,-1
3,0,-4,-4,1,-2,0,-4,2,0,0,0
5,0,-6,-5,3,-3,1,-4,2,0,0,0
4,0,-5,-5,3,-3,0,-4,1,0,0,0
2,0,-3,-4,0,-2,0,-5,0,0,-1,-1
0,0,-1,-4,-1,-1,0,-4,1,0,0,0
2,2,-1,-5,0,0,1,-3,2,1,0,0
4,3,-3,-6,1,0,1,-3,3,2,1,1
4,1,-5,-5,3,-2,0,-4,3,1,0,0
2,-1,-6,-3,2,-4,0,-4,2,1,0,0
0,-3,-5,-1,1,-4,0,-4,2,1,0,0
0,-4,-4,-1,0,-4,0,-4,2,1,0,-1
0,-3,-5,-2,1,-4,0,-4,2,1,0,-1
1,-2,-5,-3,2,-4,0,-4,2,0,0,-1
1,-2,-5,-3,1,-4,0,-4,2,0,0,0
-1,-2,-3,-2,0,-3,0,-4,3,1,0,0
0,-2,-4,-3,0,-3,0,-4,3,0,0,0
2,-2,-7,-4,2,-4,-1,-5,2,0,0,-1
2,-2,-7,-3,2,-5,-1,-5,2,0,0,-1
1,-4,-7,-1,2,-5,-1,-5,2,0,0,-1
0,-6,-8,0,2,-7,-2,-6,2,0,0,-1
-1,-7,-7,0,1,-7,-2,-7,1,0,0,-1
-1,-6,-5,0,0,-6,-2,-7,1,0,0,-1
-1,-5,-6,-1,0,-6,-2,-8,1,-1,-1,-1
-1,-7,-8,0,1,-8,-4,-10,0,-2,-2,-3
-2,-9,-9,2,1,-9,-6,-11,-1,-3,-3,-4
-1,-9,-9,2,2,-9,-6,-12,-1,-3,-3,-3
0,-7,-9,0,3,-8,-5,-11,-1,-2,-2,-2
0,-7,-8,0,2,-7,-5,-11,-1,-1,-2,-2
0,-7,-8,0,2,-7,-4,-11,-1,-2,-2,-2
0,-7,-8,-1,3,-7,-4,-11,-1,-2,-2,-2
2,-5,-9,-2,4,-7,-4,-10,0,-2,-2,-2
3,-3,-8,-4,4,-6,-4,-10,0,-1,-1,-2
3,-3,-8,-3,4,-6,-4,-11,0,-1,-2,-3
1,-5,-8,-1,3,-7,-4,-12,0,-2,-3,-4
0,-6,-8,0,2,-7,-4,-12,-1,-2,-3,-4
0,-6,-8,0,1,-7,-4,-11,0,-2,-3,-3
0,-6,-7,0,1,-7,-3,-11,0,-1,-2,-3
0,-7,-9,0,2,-8,-3,-10,0,-1,-2,-3
1,-7,-11,-1,4,-9,-3,-10,1,-1,-2,-3
3,-7,-12,-2,6,-10,-4,-11,0,-1,-2,-3
3,-7,-12,-2,6,-10,-5,-13,0,-2,-2,-4
2,-7,-12,-1,6,-11,-5,-14,-1,-3,-3,-3
2,-7,-12,0,5,-10,-5,-13,-1,-2,-2,-2
1,-6,-10,0,3,-8,-4,-13,-1,-2,-2,-1
0,-6,-8,0,2,-7,-4,-13,-1,-2,-2,-1
-1,-7,-8,1,1,-7,-4,-13,-1,-2,-2,-1
-3,-8,-7,1,0,-7,-4,-13,0,-1,-2,-1
-4,-8,-5,2,-1,-7,-4,-13,0,-1,-1,-1
-6,-8,-4,3,-3,-6,-4,-13,0,-1,-1,-1
-6,-9,-5,3,-2,-7,-5,-13,0,-1,-1,-2
-5,-10,-7,3,-1,-9,-4,-13,1,-1,-1,-2
-4,-11,-9,3,0,-10,-4,-12,1,-1,-1,-2
-2,-10,-9,2,1,-10,-4,-12,1,-1,-1,-1
-1,-9,-10,1,2,-10,-4,-12,1,-1,-1,-1
-2,-10,-10,2,1,-11,-5,-13,1,-1,-2,-2
-4,-12,-9,4,0,-11,-5,-13,0,-2,-2,-2
-4,-11,-8,3,0,-10,-4,-13,0,-1,-1,-1
-1,-7,-7,0,1,-7,-4,-13,0,-1,-1,-1
0,-4,-6,-2,1,-5,-4,-13,0,-1,-1,-1
0,-3,-6,-2,1,-5,-4,-13,0,-1,-1,0
1,-4,-7,-2,1,-5,-4,-12,1,0,0,0
1,-4,-8,-2,2,-6,-3,-11,2,0,0,1
1,-5,-8,-2,2,-7,-3,-11,2,1,0,1
1,-8,-10,-1,3,-9,-4,-11,2,1,0,0
0,-9,-11,0,3,-10,-4,-11,2,1,0,0
0,-9,-10,0,3,-10,-3,-11,2,1,1,1
-1,-10,-10,1,2,-11,-3,-12,2,0,0,1
-1,-10,-11,2,2,-11,-4,-13,1,0,-1,0
-2,-10,-10,2,1,-11,-5,-14,0,-1,-2,-1
-2,-8,-8,1,0,-9,-5,-14,0,-2,-2,-1
-1,-6,-7,0,0,-7,-5,-13,0,-2,-2,-1
-1,-5,-7,-1,0,-6,-5,-13,0,-1,-2,-1
-1,-6,-7,-1,0,-6,-5,-13,0,-1,-2,-1
-1,-6,-7,0,0,-7,-5,-12,0,0,-2,-1
-1,-7,-7,0,0,-7,-5,-12,0,0,-2,-1
-1,-8,-8,0,0,-8,-5,-12,0,0,-2,-1
-2,-9,-8,1,0,-8,-5,-12,0,0,-2,-1
0,-8,-10,0,2,-9,-5,-12,1,0,-1,-1
2,-7,-11,-1,4,-9,-5,-12,1,0,-1,-1
3,-7,-11,-2,5,-9,-5,-12,1,0,-1,0
1,-7,-10,-1,3,-9,-4,-11,2,1,0,0
-1,-8,-8,0,1,-9,-4,-11,2,1,0,1
-1,-9,-9,0,1,-9,-4,-11,2,1,0,1
1,-7,-10,-1,3,-9,-4,-11,2,2,0,1
2,-6,-11,-2,4,-9,-3,-10,3,2,1,1
0,-9,-12,0,3,-10,-3,-10,2,1,0,1
-2,-11,-11,2,2,-11,-3,-10,2,0,0,1
0,-9,-11,0,3,-10,-3,-10,2,1,0,1
2,-7,-11,-2,4,-9,-3,-10,2,1,0,1
3,-5,-11,-3,4,-8,-3,-10,2,1,0,1
3,-4,-10,-4,3,-8,-3,-10,2,1,0,1
2,-3,-9,-4,2,-7,-2,-10,2,1,0,1
1,-3,-8,-3,1,-6,-2,-10,2,1,0,1
-1,-6,-7,-1,0,-7,-3,-10,2,1,0,0
-3,-8,-7,1,-1,-7,-4,-11,1,0,0,0
-3,-8,-6,0,-1,-6,-4,-12,1,0,0,0
-2,-8,-6,0,-1,-6,-5,-12,1,1,0,0
-3,-9,-7,1,-1,-8,-5,-12,1,1,-1,0
-4,-11,-8,3,-1,-10,-6,-13,1,0,-1,-1
-6,-13,-9,5,-1,-11,-6,-13,0,0,-2,-1
-8,-15,-9,7,-2,-12,-7,-14,0,-1,-2,-1
-7,-14,-9,6,-1,-12,-7,-13,0,-1,-1,0
-4,-11,-10,2,1,-10,-6,-12,1,0,0,1
-1,-10,-11,0,3,-10,-6,-12,0,0,-1,0
-1,-11,-12,1,3,-11,-7,-12,0,-1,-2,0
-3,-11,-11,2,1,-11,-7,-12,0,-1,-2,-1
-4,-12,-11,2,1,-12,-6,-12,0,0,-1,0
-2,-11,-12,1,2,-13,-6,-11,0,0,0,0
-1,-10,-13,0,3,-12,-5,-11,1,1,0,1
-1,-10,-12,1,3,-11,-5,-10,1,1,0,2
-1,-10,-12,0,3,-11,-5,-10,1,0,0,2
0,-10,-13,0,4,-11,-5,-10,1,0,0,2
0,-11,-14,0,4,-12,-6,-11,0,0,0,1
2,-11,-15,0,6,-13,-6,-11,0,0,0,1
3,-9,-15,-2,6,-12,-6,-11,0,0,-1,0
3,-8,-14,-3,6,-11,-6,-11,0,0,-1,0
3,-7,-13,-3,5,-10,-6,-11,0,-1,-1,0
1,-7,-12,-2,4,-10,-7,-10,0,-1,-1,0
-1,-9,-11,0,2,-10,-7,-10,-1,-1,-1,0
-3,-10,-10,1,1,-10,-7,-10,-1,-1,-1,0
-2,-10,-10,1,1,-10,-6,-9,-1,-1,-1,0
-1,-9,-11,0,2,-10,-6,-8,0,0,-1,1
0,-10,-11,0,2,-11,-6,-8,0,0,0,1
0,-10,-12,0,3,-11,-6,-8,0,0,0,1
0,-10,-13,-1,3,-12,-7,-8,0,0,0,1
1,-10,-13,-1,4,-12,-7,-8,0,0,0,1
1,-8,-12,-2,4,-10,-6,-8,1,1,1,2
0,-7,-10,-2,2,-9,-6,-7,1,1,1,2
-2,-7,-9,-1,1,-8,-6,-7,1,1,1,2
-2,-8,-10,-1,1,-9,-6,-7,1,0,0,2
-3,-11,-10,1,1,-11,-7,-7,0,0,0,1
-5,-13,-10,3,0,-12,-8,-8,0,0,0,0
-6,-13,-9,3,-1,-12,-8,-8,0,0,0,0
-5,-12,-9,2,0,-11,-8,-8,0,0,0,0
-2,-10,-11,0,1,-11,-7,-7,0,0,0,0
-2,-10,-11,0,2,-10,-7,-7,0,0,0,1
-2,-9,-10,0,1,-10,-7,-6,0,0,0,2
-3,-9,-8,0,0,-8,-7,-5,1,1,1,3
-4,-7,-6,0,-2,-6,-6,-4,1,2,1,3
-1,-3,-5,-3,-1,-4,-6,-3,2,3,2,4
1,-1,-5,-6,0,-3,-5,-2,3,3,2,4
2,0,-5,-7,1,-3,-5,-1,3,4,2,4
3,1,-5,-8,2,-2,-5,-1,4,4,3,4
3,2,-4,-8,1,-1,-6,0,5,5,4,5
1,1,-4,-7,0,-1,-6,0,6,6,5,6
4,1,-6,-8,2,-2,-6,1,7,7,6,7
6,2,-7,-10,3,-2,-6,2,8,8,8,9
4,2,-4,-9,0,-1,-5,3,9,10,9,10
2,3,-1,-9,-2,1,-4,5,10,11,10,11
2,4,0,-10,-2,2,-3,7,12,13,12,13
3,5,0,-11,-1,2,-3,8,13,14,12,14
5,5,-2,-11,0,2,-2,9,13,14,13,14
5,6,-2,-11,1,2,-2,10,14,14,13,14
5,6,-2,-11,0,2,-2,10,14,15,13,14
6,7,-2,-12,0,3,-2,10,15,15,13,14
8,9,-2,-14,1,4,-3,10,15,15,13,14
8,9,-1,-15,1,4,-3,10,15,15,13,13
7,8,-1,-14,0,3,-4,8,14,14,12,13
6,6,-3,-13,1,1,-6,7,13,13,11,13
8,5,-6,-13,4,0,-8,6,13,13,11,13
10,5,-9,-14,7,-2,-10,4,12,12,11,12
11,5,-10,-14,8,-3,-12,3,11,11,11,12
10,3,-10,-12,6,-3,-13,2,10,11,11,12
9,2,-9,-11,5,-3,-14,2,10,11,11,12
9,2,-9,-12,5,-3,-14,1,10,10,10,11
8,1,-9,-11,4,-4,-15,0,8,9,9,10
4,-1,-8,-8,2,-5,-15,-2,6,7,7,9
-1,-4,-7,-4,-1,-5,-15,-3,5,7,7,9
-1,-4,-6,-3,-1,-4,-14,-2,6,7,8,10
0,-3,-8,-5,1,-4,-13,-2,7,8,8,10
1,-4,-9,-5,2,-6,-13,-2,7,7,8,9
0,-6,-10,-4,2,-7,-13,-2,6,6,7,8
0,-7,-11,-3,2,-8,-13,-2,6,6,7,8
0,-7,-11,-3,2,-9,-13,-2,6,6,7,8
0,-6,-10,-4,2,-8,-12,-1,7,6,7,8
1,-4,-9,-5,2,-7,-10,0,8,7,8,9
1,-3,-8,-5,1,-6,-8,2,9,8,9,10
1,-4,-9,-5,2,-7,-7,3,10,9,10,11
4,-3,-11,-7,4,-7,-6,4,11,10,10,11
7,-2,-12,-9,5,-7,-5,5,12,10,11,12
8,-2,-13,-10,6,-8,-5,6,12,11,11,12
7,-5,-14,-8,6,-10,-6,5,12,10,10,11
3,-9,-15,-4,5,-12,-6,4,11,8,9,9
0,-11,-15,-1,4,-13,-6,3,9,7,7,8
-2,-11,-13,0,2,-12,-6,3,8,5,6,6
-4,-10,-10,0,0,-10,-6,2,6,4,4,5
-5,-8,-7,0,-2,-8,-5,1,5,3,3,4
-5,-7,-6,0,-3,-7,-5,1,4,3,3,3
-5,-7,-6,0,-3,-7,-4,1,4,2,2,2
-5,-8,-7,0,-3,-8,-4,1,4,2,2,2
-4,-9,-8,0,-2,-9,-4,2,5,2,2,2
-5,-10,-9,0,-2,-9,-4,2,5,3,2,2
-6,-10,-9,0,-2,-10,-4,2,5,3,2,2
-6,-10,-9,1,-2,-10,-4,2,5,3,2,2
-5,-10,-10,0,-1,-10,-4,1,4,2,1,1
-4,-10,-10,0,-1,-10,-5,1,3,1,1,1
-6,-11,-9,2,-3,-10,-5,1,3,1,0,0
-10,-12,-7,3,-6,-10,-4,1,3,1,0,0
-12,-13,-5,4,-8,-9,-4,1,3,1,0,0
-12,-14,-6,5,-7,-10,-4,0,3,1,0,0
-12,-16,-9,6,-5,-13,-6,0,2,0,0,0
-12,-18,-11,7,-4,-15,-7,-1,2,0,-1,-1
-12,-18,-10,7,-5,-14,-6,0,2,0,-1,0
-12,-16,-8,6,-5,-12,-4,1,3,1,0,0
-12,-16,-8,7,-6,-12,-4,1,4,1,1,1
-12,-15,-7,6,-6,-11,-3,2,4,2,1,1
-11,-13,-6,4,-6,-9,-2,2,5,3,3,2
-10,-13,-6,3,-6,-9,-2,3,5,4,4,3
-9,-13,-8,3,-5,-11,-2,3,5,4,4,4
-8,-13,-10,2,-3,-11,-2,3,5,4,4,4
-7,-13,-10,2,-3,-11,-2,3,6,4,4,4
-8,-14,-10,3,-3,-11,-2,3,6,4,5,4
-9,-15,-10,4,-3,-12,-2,3,6,4,4,4
-10,-16,-10,5,-4,-13,-2,3,6,4,4,3
-11,-17,-9,6,-5,-13,-1,3,5,3,2,2
-12,-17,-9,6,-5,-13,-1,4,5,2,1,0
-12,-17,-9,5,-5,-13,0,5,5,2,0,0
-12,-16,-9,5,-5,-13,0,6,7,3,1,1
-10,-15,-9,4,-5,-12,0,8,9,6,4,4
-7,-12,-10,2,-3,-11,0,10,13,11,8,7
-2,-11,-13,-1,1,-12,0,13,18,16,13,11
3,-11,-18,-3,6,-15,-1,16,25,23,19,16
8,-11,-24,-5,11,-18,-2,22,35,33,28,23
16,-10,-31,-10,19,-21,-2,30,48,46,41,34
29,-7,-41,-19,30,-23,-1,39,65,62,56,47
42,-2,-49,-28,41,-25,-1,50,84,81,74,63
54,3,-55,-37,50,-26,-1,60,103,101,93,79
65,9,-60,-45,58,-25,-1,68,120,119,111,95
73,15,-62,-52,63,-24,-4,71,132,132,125,108
76,20,-59,-56,63,-19,-6,70,137,138,133,116
70,26,-48,-56,55,-11,-6,65,130,131,128,113
55,27,-33,-50,40,-3,-3,54,108,107,107,96
35,24,-15,-38,21,4,1,37,75,71,73,68
14,21,2,-26,2,11,4,16,35,31,36,37
-4,15,15,-14,-14,15,3,-6,-2,-4,4,10
-20,6,21,-1,-25,13,-1,-27,-33,-32,-21,-12
-32,-5,22,10,-31,8,-4,-43,-54,-52,-40,-29
-40,-14,21,18,-35,3,-7,-54,-68,-65,-53,-41
-45,-21,20,25,-37,-1,-9,-61,-77,-73,-61,-49
-49,-29,16,30,-37,-7,-11,-66,-82,-79,-66,-54
-50,-36,9,34,-35,-14,-14,-70,-86,-82,-70,-58
-50,-43,2,37,-30,-21,-17,-71,-86,-83,-71,-60
-47,-48,-7,37,-24,-27,-18,-69,-83,-81,-69,-59
-41,-49,-13,35,-18,-31,-17,-63,-76,-76,-65,-56
-35,-47,-17,32,-13,-32,-15,-56,-67,-68,-58,-50
-30,-44,-18,28,-10,-31,-12,-46,-57,-58,-50,-44
-26,-41,-18,25,-9,-30,-8,-34,-45,-47,-41,-36
-24,-39,-19,22,-7,-29,-4,-24,-34,-37,-33,-30
-20,-37,-21,19,-4,-29,-2,-16,-26,-29,-26,-24
-15,-32,-21,13,-1,-27,-1,-10,-19,-22,-20,-19
-13,-27,-19,10,-2,-23,0,-7,-14,-17,-16,-14
-15,-26,-16,11,-4,-21,0,-5,-12,-14,-13,-12
-16,-26,-15,11,-5,-21,0,-5,-11,-12,-12,-11
-16,-26,-14,12,-6,-20,0,-5,-10,-12,-12,-11
-17,-25,-12,12,-8,-19,0,-4,-9,-11,-11,-11
-18,-23,-10,11,-9,-17,1,-3,-8,-9,-9,-10
-17,-20,-8,9,-9,-14,1,-1,-6,-7,-7,-8
-16,-18,-7,7,-9,-13,2,0,-5,-5,-6,-6
-17,-17,-6,6,-10,-12,3,1,-4,-4,-5,-4
-16,-16,-6,6,-9,-12,3,1,-3,-4,-5,-4
-15,-17,-8,6,-8,-13,3,1,-3,-4,-5,-4
-15,-18,-9,7,-8,-14,3,1,-3,-4,-5,-4
-13,-19,-10,7,-7,-14,3,1,-2,-4,-4,-4
-12,-19,-11,6,-6,-15,3,2,-2,-3,-4,-4
-11,-18,-11,5,-5,-15,3,2,-1,-2,-3,-3
-11,-17,-10,4,-6,-14,4,3,-1,-1,-2,-2
-12,-16,-9,3,-6,-13,4,4,0,-1,-2,-2
-11,-15,-9,3,-6,-12,3,3,-1,-1,-2,-2
-9,-13,-10,1,-4,-12,3,3,-1,-2,-3,-3
-7,-12,-10,-1,-3,-11,4,4,0,-2,-3,-3
-8,-12,-9,0,-4,-11,4,4,0,-1,-2,-3
-11,-13,-7,1,-6,-11,5,5,0,-1,-1,-2
-12,-13,-7,2,-7,-11,5,5,0,0,-1,-2
-11,-14,-8,1,-7,-11,5,5,0,0,0,-1
-10,-14,-8,1,-6,-11,4,5,0,0,0,-1
-10,-14,-8,1,-6,-11,4,5,0,0,0,-1
-11,-14,-8,2,-7,-11,3,5,0,1,0,-1
-12,-14,-7,2,-8,-10,4,6,0,1,0,-1
-11,-14,-7,2,-7,-10,4,6,0,1,0,-1
-10,-13,-8,1,-7,-10,3,5,0,1,0,-1
-10,-12,-8,0,-6,-10,3,5,0,1,0,-1
-10,-12,-8,0,-6,-10,3,5,0,1,0,-1
-12,-14,-8,1,-6,-11,2,5,0,1,0,-1
-13,-16,-8,3,-7,-12,2,5,-1,0,0,-1
-13,-17,-9,4,-7,-13,2,5,-1,0,0,-1
-13,-16,-9,4,-8,-13,2,5,-1,0,0,-1
-13,-16,-9,3,-8,-13,2,5,-1,0,0,-1
-12,-16,-9,3,-7,-13,1,5,-1,0,-1,-2
-11,-15,-9,2,-7,-12,1,4,-2,-1,-2,-3
-10,-14,-9,1,-7,-11,1,4,-1,-1,-1,-3
-11,-13,-8,1,-7,-11,1,5,-1,-1,-1,-3
-11,-13,-8,0,-7,-11,1,5,-1,-1,-1,-3
-8,-12,-10,-1,-4,-11,1,5,-1,0,0,-2
-5,-11,-11,-3,-2,-11,2,5,-1,0,0,-1
-5,-11,-11,-3,-3,-11,1,4,-1,0,0,-1
-7,-12,-9,-2,-5,-11,1,4,-1,0,0,-1
-8,-11,-8,-2,-6,-10,2,5,0,0,0,0
-8,-10,-8,-3,-6,-10,3,6,0,1,1,0
-7,-10,-8,-3,-6,-9,4,7,0,1,2,1
-6,-9,-8,-4,-5,-9,4,6,0,1,2,1
-5,-8,-8,-5,-4,-8,3,6,-1,1,1,0
-5,-8,-8,-5,-4,-8,3,6,-1,1,1,0
-4,-6,-8,-6,-4,-7,3,7,-1,1,2,1
-4,-6,-8,-6,-5,-7,3,7,0,2,2,2
-5,-6,-7,-6,-6,-7,3,7,-1,1,2,1
-5,-6,-7,-6,-6,-6,2,7,-1,1,2,1
-6,-6,-6,-6,-6,-6,2,7,-1,1,1,0
-9,-9,-6,-3,-8,-7,1,5,-3,0,0,0
-12,-11,-5,-1,-9,-8,0,4,-4,-1,0,-1
-13,-11,-4,0,-10,-8,-1,4,-5,-2,-1,-2
-12,-10,-4,-1,-10,-7,-1,4,-5,-2,-1,-2
-10,-9,-5,-2,-9,-7,-1,4,-6,-2,-1,-2
-9,-9,-6,-3,-8,-8,-2,4,-6,-3,-1,-2
-9,-11,-7,-2,-8,-10,-2,3,-7,-3,-2,-2
-10,-12,-8,-1,-8,-10,-2,3,-7,-3,-2,-2
-9,-11,-8,-2,-7,-9,-2,3,-7,-3,-1,-2
-7,-9,-7,-4,-6,-8,-2,3,-7,-3,-1,-1
-7,-8,-7,-5,-6,-6,-2,3,-7,-3,-1,-1
-6,-6,-6,-6,-7,-5,-2,3,-8,-3,-2,-2
-5,-4,-5,-8,-6,-4,-2,3,-8,-4,-2,-2
-3,-3,-6,-9,-5,-4,-2,2,-9,-4,-2,-2
-4,-4,-5,-9,-6,-5,-3,2,-9,-5,-2,-2
-7,-5,-4,-7,-8,-5,-3,1,-10,-5,-2,-2
-9,-5,-3,-6,-9,-4,-3,1,-10,-6,-2,-2
-9,-5,-3,-6,-9,-4,-3,1,-11,-6,-2,-2
-9,-5,-3,-6,-9,-4,-4,0,-12,-6,-3,-2
-9,-4,-1,-6,-10,-3,-4,0,-13,-7,-3,-2
-9,-2,0,-7,-11,-2,-4,0,-13,-7,-3,-2
-8,-1,0,-8,-11,-1,-4,-1,-14,-8,-3,-3
-8,-1,1,-8,-11,-1,-5,-2,-15,-9,-4,-4
-11,-2,2,-6,-13,-1,-5,-3,-16,-10,-5,-4
-14,-5,2,-4,-15,-2,-5,-4,-17,-11,-5,-4
-15,-7,1,-2,-15,-3,-6,-5,-18,-12,-6,-5
-16,-8,1,-1,-16,-4,-6,-6,-19,-13,-7,-5
-16,-7,1,-2,-15,-3,-7,-7,-20,-14,-7,-6
-13,-7,0,-3,-13,-4,-7,-8,-22,-15,-8,-7
-12,-6,-1,-4,-12,-4,-7,-9,-22,-15,-9,-7
-10,-5,-1,-6,-12,-3,-7,-8,-22,-15,-8,-6
-8,-2,-1,-8,-11,-2,-5,-7,-21,-14,-7,-5
-6,0,-1,-11,-9,-1,-5,-7,-20,-13,-7,-5
-5,0,-2,-12,-9,0,-5,-8,-21,-14,-7,-5
-5,0,-2,-12,-9,0,-6,-10,-23,-15,-8,-6
-5,0,-3,-12,-8,-1,-7,-11,-24,-16,-9,-7
-5,-2,-4,-10,-8,-3,-8,-11,-24,-17,-10,-7
-8,-4,-3,-8,-10,-3,-8,-12,-24,-17,-10,-7
-10,-4,-1,-6,-12,-3,-8,-12,-25,-17,-10,-7
-9,-4,-1,-7,-12,-3,-8,-13,-25,-18,-10,-8
-8,-3,-2,-9,-10,-3,-9,-14,-26,-18,-10,-8
-7,-2,-2,-10,-9,-2,-9,-15,-26,-19,-10,-9
-8,-2,-1,-9,-11,-1,-9,-15,-26,-18,-10,-8
-10,-2,0,-8,-12,-1,-8,-14,-25,-17,-9,-7
-8,-2,-1,-9,-10,-1,-7,-14,-25,-17,-8,-7
-7,-2,-3,-10,-9,-2,-8,-14,-25,-17,-8,-7
-8,-3,-3,-9,-9,-3,-9,-15,-26,-18,-9,-7
-9,-5,-3,-7,-10,-4,-10,-16,-26,-19,-9,-8
-10,-6,-3,-6,-11,-4,-10,-16,-27,-19,-9,-8
-11,-6,-2,-6,-12,-3,-10,-16,-26,-18,-9,-7
-12,-6,-1,-6,-12,-3,-10,-16,-26,-18,-8,-7
-12,-7,-2,-5,-12,-4,-10,-17,-26,-18,-8,-7
-12,-7,-3,-5,-12,-5,-11,-17,-26,-18,-8,-7
-12,-7,-3,-5,-12,-5,-11,-17,-26,-18,-8,-7
-13,-7,-3,-5,-12,-6,-11,-17,-26,-18,-8,-6
-13,-6,-2,-5,-13,-5,-11,-16,-25,-17,-7,-5
-11,-4,-1,-7,-12,-3,-10,-15,-24,-15,-6,-4
-9,-3,-2,-9,-11,-3,-10,-15,-23,-15,-5,-4
-8,-3,-3,-10,-10,-3,-11,-16,-23,-15,-5,-4
-6,-2,-4,-11,-8,-4,-11,-15,-23,-14,-5,-3
-4,-1,-5,-13,-7,-4,-10,-14,-22,-13,-4,-2
-3,0,-4,-14,-7,-3,-9,-14,-21,-12,-3,-2
-4,0,-4,-13,-8,-3,-10,-14,-21,-12,-3,-2
-6,-1,-3,-12,-9,-3,-10,-14,-21,-12,-3,-2
-7,-2,-4,-11,-10,-4,-11,-14,-21,-12,-3,-2
-6,-3,-5,-11,-9,-4,-11,-15,-21,-12,-3,-2
-6,-4,-6,-11,-8,-5,-11,-15,-20,-12,-3,-2
-6,-5,-6,-10,-8,-5,-10,-14,-19,-11,-2,-2
-6,-5,-7,-10,-7,-6,-10,-14,-18,-10,-1,-1
-4,-5,-9,-11,-6,-7,-10,-13,-18,-9,0,-1
-3,-5,-10,-12,-5,-7,-10,-13,-17,-9,0,0
-4,-5,-10,-12,-6,-7,-10,-12,-17,-8,0,0
-5,-6,-9,-10,-7,-7,-10,-12,-16,-8,0,0
-6,-7,-9,-9,-7,-8,-10,-12,-16,-8,0,0
-6,-7,-9,-9,-7,-8,-10,-12,-15,-8,0,0
-7,-7,-9,-9,-7,-8,-9,-12,-15,-8,0,0
-9,-8,-8,-8,-9,-8,-9,-12,-14,-7,0,0
-12,-9,-6,-6,-11,-8,-9,-11,-14,-7,0,0
-12,-9,-6,-6,-11,-8,-9,-10,-13,-6,0,0
-9,-8,-8,-8,-9,-8,-9,-10,-13,-6,0,0
-7,-6,-8,-11,-8,-7,-9,-9,-13,-6,1,0
-6,-5,-7,-11,-8,-6,-8,-8,-12,-5,2,0
-8,-6,-6,-10,-9,-6,-7,-7,-11,-4,3,0
-8,-8,-7,-9,-9,-7,-7,-6,-10,-4,3,0
-7,-8,-9,-9,-8,-8,-7,-6,-10,-4,2,0
-7,-8,-9,-10,-7,-8,-7,-6,-10,-5,2,0
-6,-7,-9,-11,-7,-8,-7,-6,-10,-5,2,0
-5,-6,-9,-11,-7,-7,-6,-6,-10,-4,2,0
-7,-7,-9,-9,-8,-8,-7,-6,-9,-4,2,0
-10,-11,-9,-6,-9,-10,-8,-6,-9,-5,2,0
-10,-12,-10,-6,-9,-11,-8,-6,-9,-5,2,-1
-8,-11,-10,-7,-8,-11,-8,-5,-8,-4,2,0
-6,-8,-10,-10,-7,-9,-7,-4,-7,-3,3,0
-5,-6,-10,-12,-7,-8,-7,-4,-6,-3,3,0
-5,-5,-10,-12,-7,-8,-6,-3,-5,-2,4,1
-4,-5,-10,-13,-6,-8,-6,-2,-4,-1,5,2
-2,-3,-11,-15,-5,-7,-6,-1,-3,0,6,3
-1,-2,-10,-16,-4,-6,-6,0,-2,1,7,4
-3,-4,-11,-14,-4,-8,-7,0,-2,1,8,4
-4,-8,-14,-12,-3,-11,-9,-2,-2,1,8,5
-1,-9,-17,-13,0,-13,-10,-2,-1,2,9,6
2,-9,-20,-15,2,-14,-11,-3,-1,3,11,7
2,-10,-21,-15,2,-15,-13,-4,0,4,12,9
0,-11,-21,-13,1,-16,-15,-5,0,5,14,10
0,-11,-20,-13,0,-15,-17,-5,1,7,16,13
1,-9,-21,-15,1,-15,-18,-5,4,10,20,16
