leadI,leadII,leadIII,leadaVR,leadaVL,leadaVF,leadV1,leadV2,leadV3,leadV4,leadV5,leadV6
0,0,0,0,0,0,2,0,0,0,-2,-1
0,0,1,0,0,0,5,1,-1,1,-6,-3
-1,1,2,0,-1,1,7,1,-1,1,-9,-5
0,2,2,-1,0,1,7,1,-1,2,-10,-6
1,3,2,-2,0,2,7,1,0,2,-10,-6
3,4,1,-3,1,2,7,1,0,3,-10,-6
4,4,1,-4,1,2,7,1,0,3,-10,-6
4,5,1,-4,1,2,7,1,0,3,-10,-6
4,5,1,-4,1,2,7,0,0,3,-10,-6
4,4,1,-4,2,2,6,0,-1,2,-11,-7
4,4,0,-4,2,2,6,0,-2,1,-11,-7
4,3,0,-4,2,1,6,-1,-2,1,-12,-8
3,3,0,-3,2,1,6,-1,-2,1,-12,-8
3,3,0,-3,2,1,7,-1,-2,0,-12,-8
3,2,0,-2,2,0,7,-1,-3,0,-12,-8
3,1,-1,-1,2,-1,7,-2,-3,0,-13,-9
3,0,-2,-1,3,-2,7,-2,-4,-1,-13,-10
4,0,-3,-1,4,-2,7,-2,-4,-1,-14,-11
4,0,-3,-2,4,-2,7,-2,-4,-1,-14,-11
4,0,-4,-2,4,-2,7,-3,-4,-1,-14,-12
3,0,-4,-1,4,-3,7,-3,-5,-2,-14,-12
2,-1,-4,0,3,-3,7,-3,-5,-2,-15,-13
2,-2,-4,0,3,-4,7,-4,-6,-3,-15,-13
2,-3,-4,1,3,-4,7,-4,-6,-3,-15,-14
0,-4,-4,2,3,-5,7,-4,-7,-3,-15,-14
-2,-4,-1,3,0,-4,8,-4,-7,-3,-15,-14
-5,-5,1,5,-2,-3,9,-4,-7,-3,-15,-14
-7,-5,2,5,-3,-3,10,-4,-7,-4,-16,-14
-7,-6,2,6,-4,-3,10,-5,-8,-4,-16,-15
-7,-6,1,6,-4,-3,10,-5,-8,-5,-17,-15
-7,-6,1,7,-4,-3,10,-5,-9,-5,-17,-15
-7,-7,1,7,-4,-3,10,-5,-9,-5,-17,-15
-7,-7,1,7,-4,-4,10,-5,-9,-5,-16,-15
-7,-7,0,7,-3,-4,10,-5,-9,-5,-16,-15
-6,-7,-1,6,-2,-5,9,-6,-10,-5,-17,-15
-6,-8,-2,6,-1,-5,9,-6,-10,-6,-17,-16
-7,-8,-1,7,-2,-5,9,-6,-10,-6,-17,-16
-7,-8,0,7,-3,-4,9,-6,-10,-7,-17,-16
-6,-8,-1,7,-2,-5,9,-7,-10,-7,-17,-16
-6,-8,-1,6,-2,-5,9,-7,-10,-7,-17,-16
-5,-7,-1,6,-2,-4,9,-6,-10,-7,-16,-16
-5,-7,-1,5,-2,-4,9,-6,-10,-7,-16,-16
-6,-7,0,6,-3,-4,9,-6,-10,-7,-16,-15
-8,-8,0,7,-4,-4,9,-5,-9,-7,-15,-15
-8,-8,0,7,-4,-4,9,-5,-9,-6,-15,-14
-8,-7,1,7,-4,-3,9,-5,-9,-6,-15,-14
-8,-7,1,7,-4,-3,10,-4,-9,-6,-15,-14
-7,-7,1,7,-4,-3,10,-4,-9,-6,-15,-15
-8,-7,1,7,-4,-4,12,-2,-9,-6,-15,-16
-8,-8,1,8,-4,-4,14,0,-8,-6,-16,-17
-9,-8,1,8,-5,-4,16,4,-6,-6,-16,-17
-9,-8,1,8,-5,-4,20,10,-3,-4,-15,-18
-9,-7,2,8,-5,-3,23,16,1,-2,-14,-17
-8,-5,4,6,-6,-1,26,23,7,2,-11,-16
-6,-1,5,3,-5,1,28,30,14,7,-6,-13
-2,3,5,-1,-3,3,30,40,24,15,1,-8
4,9,5,-6,0,5,32,51,37,25,9,-2
12,14,3,-13,4,7,32,61,48,34,18,4
21,20,0,-21,11,8,29,64,57,42,27,11
30,26,-4,-28,17,9,23,65,66,51,37,19
38,31,-6,-35,22,11,17,65,75,61,48,29
45,38,-7,-42,27,14,10,62,82,69,60,40
53,46,-7,-50,30,19,0,52,86,77,71,52
61,56,-5,-59,33,25,-12,36,87,84,82,65
63,66,1,-65,31,33,-26,16,84,90,92,77
60,74,13,-67,24,43,-39,-8,75,92,98,88
54,81,26,-68,14,53,-49,-33,61,90,99,94
46,82,36,-65,5,58,-57,-57,41,79,91,93
34,76,42,-55,-3,58,-61,-78,15,58,71,80
19,61,42,-41,-11,51,-62,-96,-17,29,42,60
6,44,39,-25,-16,41,-61,-112,-51,-2,11,37
-3,29,33,-13,-18,31,-60,-124,-79,-28,-15,16
-9,17,26,-4,-17,21,-57,-128,-96,-46,-33,0
-12,7,20,2,-16,14,-53,-124,-101,-55,-43,-9
-14,1,16,6,-15,8,-47,-115,-98,-57,-48,-16
-15,-4,12,9,-14,3,-41,-104,-92,-56,-49,-20
-17,-6,11,11,-14,1,-34,-91,-84,-53,-48,-22
-17,-7,9,12,-13,0,-27,-78,-75,-49,-45,-23
-16,-7,8,11,-12,0,-22,-66,-65,-43,-41,-22
-15,-6,8,11,-11,0,-17,-54,-55,-37,-36,-20
-15,-6,9,10,-11,1,-12,-43,-45,-30,-31,-18
-13,-6,7,10,-10,0,-7,-33,-36,-24,-26,-17
-11,-6,5,9,-8,-1,-3,-25,-29,-20,-23,-16
-9,-5,4,7,-7,-1,0,-18,-24,-16,-20,-14
-7,-5,3,6,-5,-2,3,-13,-20,-13,-18,-13
-6,-4,2,5,-4,-2,5,-9,-17,-11,-17,-13
-7,-5,2,5,-4,-3,7,-6,-14,-10,-16,-12
-8,-6,2,7,-4,-3,8,-4,-12,-9,-15,-12
-8,-6,1,7,-4,-3,8,-3,-11,-8,-14,-11
-7,-7,0,7,-3,-4,8,-2,-10,-8,-14,-11
-7,-7,0,7,-3,-4,8,-2,-9,-8,-14,-12
-6,-7,0,7,-4,-4,9,-2,-9,-7,-14,-12
-6,-7,1,6,-4,-3,10,-1,-8,-7,-13,-12
-6,-7,1,6,-4,-3,11,0,-8,-6,-13,-12
-6,-6,0,6,-3,-4,11,0,-8,-6,-13,-12
-6,-6,0,6,-3,-4,11,0,-7,-6,-13,-12
-7,-6,0,7,-3,-4,11,1,-6,-6,-12,-12
-8,-7,1,8,-5,-4,11,1,-6,-5,-12,-12
-9,-7,1,8,-5,-4,11,2,-6,-5,-12,-11
-8,-7,1,8,-5,-4,11,2,-6,-5,-12,-11
-7,-7,0,7,-4,-4,11,2,-6,-5,-12,-11
-6,-7,0,6,-3,-4,11,2,-6,-5,-12,-11
-5,-7,0,6,-2,-4,11,2,-6,-5,-12,-12
-3,-6,-2,4,0,-5,10,2,-6,-6,-13,-12
-3,-6,-3,4,0,-5,10,3,-5,-5,-13,-12
-5,-7,-2,5,-1,-5,10,4,-4,-4,-12,-12
-6,-7,-1,6,-2,-4,10,4,-4,-4,-11,-12
-6,-6,-1,6,-3,-4,10,4,-4,-4,-11,-12
-6,-7,-1,6,-3,-4,10,4,-4,-4,-11,-11
-7,-7,0,7,-4,-4,11,5,-3,-3,-11,-11
-7,-7,0,7,-4,-3,11,5,-3,-3,-11,-11
-6,-7,0,6,-3,-3,11,5,-3,-3,-10,-10
-6,-6,0,5,-3,-3,11,6,-3,-2,-10,-10
-6,-6,1,6,-4,-3,11,6,-2,-2,-9,-10
-7,-6,0,6,-4,-3,11,6,-2,-2,-9,-10
-6,-6,0,6,-3,-3,11,6,-2,-2,-9,-10
-4,-6,-2,5,-2,-4,10,6,-2,-2,-9,-10
-3,-6,-2,5,-1,-4,10,5,-2,-3,-10,-10
-4,-6,-1,5,-1,-4,10,5,-2,-2,-9,-9
-5,-6,0,5,-2,-3,10,5,-1,-2,-9,-9
-5,-6,-1,6,-2,-4,10,5,-1,-2,-9,-9
-5,-6,-1,5,-2,-4,10,6,-1,-2,-9,-9
-5,-5,-1,4,-1,-4,10,6,0,-2,-8,-9
-4,-4,-2,3,-1,-3,10,7,0,-1,-8,-9
-4,-4,-1,3,-1,-3,10,7,0,-1,-8,-8
-4,-5,-1,4,-1,-3,10,8,1,-1,-8,-8
-4,-5,-1,4,-1,-3,10,8,1,-1,-8,-8
-4,-5,-1,4,-1,-3,10,8,1,-1,-8,-8
-4,-5,-2,4,-1,-3,10,8,1,-1,-8,-8
-4,-5,-2,4,-1,-3,10,8,1,-1,-7,-8
-4,-5,-2,3,-1,-3,10,8,2,-1,-7,-8
-3,-5,-2,3,0,-3,9,8,2,-1,-7,-8
-3,-5,-2,4,0,-4,9,8,2,-1,-7,-8
-2,-4,-2,3,0,-4,8,8,2,-1,-7,-8
-1,-4,-3,2,1,-4,8,8,2,-1,-7,-8
0,-4,-4,2,2,-5,8,9,2,-1,-6,-8
0,-5,-4,2,2,-5,8,9,2,-1,-6,-8
-1,-5,-4,3,1,-5,8,10,2,-1,-5,-8
-3,-5,-2,4,0,-4,9,10,3,0,-5,-7
-3,-5,-2,4,-1,-4,9,11,3,0,-5,-7
-2,-5,-2,4,0,-4,9,11,4,0,-5,-7
0,-4,-3,2,1,-4,9,11,4,0,-5,-7
0,-4,-3,2,1,-4,9,11,4,0,-5,-7
0,-4,-3,2,1,-3,9,11,4,0,-4,-7
0,-3,-3,1,1,-3,8,11,5,1,-4,-6
2,-3,-4,0,3,-3,8,11,5,1,-4,-6
3,-3,-6,0,4,-4,7,11,5,0,-5,-6
2,-3,-5,0,4,-4,7,11,5,0,-4,-6
0,-3,-3,1,2,-3,8,12,7,1,-3,-5
-1,-2,-1,1,0,-2,8,14,8,2,-2,-4
-1,-2,-1,1,0,-2,8,14,8,3,-2,-3
-1,-2,0,1,0,-2,8,15,9,3,-1,-2
0,-2,0,1,0,-1,8,15,9,4,-1,-2
0,-2,-2,1,1,-2,8,15,9,4,-1,-2
1,-3,-3,1,2,-3,7,15,9,3,-1,-2
1,-3,-4,1,3,-4,7,15,9,3,-1,-2
3,-2,-5,0,4,-4,7,16,9,4,-1,-2
5,-1,-6,-2,5,-3,7,16,10,4,0,-1
6,0,-5,-3,5,-2,7,17,11,5,0,-1
6,1,-4,-4,5,-1,7,18,12,6,1,0
5,1,-3,-4,5,-1,7,19,13,7,2,0
4,2,-2,-4,4,0,7,20,14,8,3,1
4,2,-2,-4,4,0,7,21,15,9,4,3
5,2,-3,-4,4,0,7,21,16,9,4,4
6,2,-3,-5,5,0,7,22,16,10,5,4
8,3,-4,-6,6,0,7,22,17,10,5,5
8,3,-4,-6,6,0,7,22,18,11,6,5
9,3,-4,-6,7,-1,7,22,19,11,7,6
9,3,-4,-6,7,-1,7,23,20,12,8,7
10,4,-5,-7,8,-1,6,24,21,13,9,8
11,5,-6,-8,9,-1,6,25,22,14,10,9
12,5,-7,-9,10,0,5,25,23,14,10,10
12,6,-6,-9,9,0,5,26,24,15,11,11
13,7,-5,-10,9,1,5,27,25,16,12,12
13,8,-5,-10,9,1,4,28,26,17,13,12
14,8,-5,-11,10,1,4,28,27,17,13,13
15,9,-6,-11,11,0,3,28,28,18,14,13
16,9,-7,-12,11,0,3,28,29,18,15,14
17,10,-7,-13,12,1,3,29,29,19,16,15
17,10,-7,-14,12,1,3,29,30,20,16,16
17,11,-7,-14,12,1,3,30,31,20,17,17
17,11,-6,-14,12,2,3,30,32,21,18,18
17,12,-6,-14,12,3,3,31,32,22,19,19
17,12,-5,-15,11,3,2,31,33,22,19,20
18,13,-5,-15,11,3,2,31,33,23,20,20
18,13,-5,-15,11,3,1,31,34,23,20,21
17,13,-5,-15,11,3,1,31,34,24,20,22
17,13,-5,-16,11,3,0,31,34,24,21,22
18,14,-5,-17,12,4,0,30,34,24,21,23
20,15,-5,-18,13,4,0,30,34,24,21,23
21,15,-6,-18,14,4,0,30,34,24,21,23
20,15,-5,-18,13,4,0,30,34,25,22,24
20,15,-4,-18,12,5,0,30,35,25,22,24
20,16,-4,-18,12,5,0,29,35,25,22,24
20,16,-4,-18,12,5,0,29,34,24,22,24
20,16,-4,-18,12,5,0,28,34,24,22,24
20,17,-4,-18,12,5,0,28,33,24,21,23
20,17,-3,-18,11,6,0,28,32,24,21,23
19,16,-2,-17,11,6,0,27,31,23,20,23
18,15,-2,-16,11,6,0,25,30,22,19,22
17,15,-2,-16,10,6,0,24,29,21,19,21
14,14,0,-14,8,6,0,23,27,20,18,20
12,14,0,-13,6,6,1,22,26,20,17,20
12,13,0,-12,6,6,2,21,24,19,16,19
12,12,-1,-12,7,5,2,20,23,18,15,18
12,11,-2,-11,7,4,2,18,21,16,13,17
11,9,-2,-10,7,3,2,17,19,15,11,16
9,7,-2,-8,5,3,2,15,18,13,10,15
8,6,-1,-7,4,2,3,14,16,12,9,14
6,6,0,-6,3,3,3,13,15,11,8,13
4,5,1,-5,1,3,3,13,14,11,8,13
2,5,2,-4,0,3,4,12,13,10,7,12
1,4,3,-3,-1,3,4,11,11,9,6,11
0,3,3,-1,-1,3,5,10,10,8,5,11
0,1,2,0,-1,2,5,8,9,7,3,10
0,1,1,0,0,1,5,7,8,6,2,9
1,1,0,-1,0,1,5,6,7,5,1,8
0,0,0,0,0,0,5,5,6,4,1,7
0,-1,0,0,-1,0,5,4,5,3,0,6
-1,-2,0,1,-1,-1,4,3,4,2,-1,5
-3,-2,0,2,-2,-1,4,2,3,1,-1,5
-4,-3,1,3,-3,0,5,2,2,1,-1,5
-4,-3,1,4,-3,-1,5,2,2,1,-2,5
-4,-3,1,4,-3,-1,6,1,1,0,-2,4
-4,-3,2,3,-3,-1,6,1,1,0,-2,4
-5,-3,2,4,-3,-1,6,1,1,0,-2,4
-6,-4,2,5,-4,-1,6,0,0,0,-3,4
-6,-4,2,5,-4,-1,6,0,0,0,-3,3
-6,-4,1,5,-3,-2,6,0,0,-1,-4,3
-6,-5,0,5,-3,-2,6,-1,-1,-1,-4,2
-6,-5,1,5,-4,-2,6,-1,-1,-2,-4,2
-7,-4,2,5,-4,-1,6,-1,0,-2,-4,3
-7,-4,3,5,-5,-1,6,-1,0,-2,-5,3
-6,-4,3,5,-4,-1,6,-1,-1,-3,-5,2
-5,-4,1,4,-3,-1,6,-2,-1,-3,-5,2
-4,-4,0,4,-2,-2,6,-2,-2,-3,-5,2
-4,-4,0,4,-2,-3,6,-2,-2,-3,-5,2
-5,-4,0,4,-3,-2,6,-2,-2,-3,-5,2
-5,-4,1,4,-4,-2,6,-2,-2,-3,-5,2
-5,-4,1,4,-3,-2,6,-2,-2,-3,-5,2
-5,-4,1,4,-3,-1,6,-2,-2,-3,-5,2
-5,-4,2,5,-3,-1,6,-2,-2,-3,-5,3
-6,-4,2,5,-4,-1,6,-1,-1,-3,-5,3
-6,-4,2,5,-4,-1,6,-1,-1,-3,-5,3
-5,-4,0,5,-2,-2,5,-2,-2,-3,-5,2
-4,-4,0,4,-1,-3,5,-3,-2,-4,-6,1
-4,-4,0,4,-1,-3,5,-3,-2,-4,-6,0
-5,-5,0,5,-2,-3,5,-3,-2,-4,-6,0
-7,-5,1,6,-4,-3,5,-3,-2,-4,-6,0
-7,-5,1,6,-4,-3,5,-3,-2,-4,-6,0
-6,-5,1,5,-4,-3,5,-3,-2,-4,-6,0
-5,-5,0,5,-3,-3,5,-4,-2,-4,-6,0
-5,-5,0,5,-3,-3,5,-4,-2,-3,-5,1
-6,-4,2,5,-5,-1,5,-3,-1,-2,-4,2
-7,-3,4,5,-6,0,6,-2,0,-2,-4,2
-7,-4,3,5,-5,-1,5,-2,-1,-2,-4,2
-6,-4,2,5,-4,-2,5,-3,-1,-3,-5,1
-6,-5,0,5,-3,-2,4,-3,-2,-4,-5,0
-5,-5,0,5,-2,-3,5,-3,-2,-4,-5,0
-5,-5,-1,5,-2,-3,5,-3,-1,-3,-5,0
-4,-5,-1,5,-2,-3,5,-3,-1,-3,-5,0
-4,-5,-1,5,-2,-3,5,-3,-1,-3,-5,0
-4,-5,-1,4,-2,-3,5,-4,-1,-3,-5,0
-5,-6,0,5,-2,-3,5,-4,-1,-3,-5,0
-6,-6,1,6,-4,-2,5,-4,-1,-3,-5,0
-7,-5,2,6,-4,-2,5,-4,-1,-3,-5,0
-6,-5,1,5,-3,-2,5,-4,-1,-3,-5,0
-6,-5,1,5,-3,-2,5,-4,-1,-3,-5,0
-7,-5,2,6,-4,-1,6,-3,-1,-3,-4,1
-8,-5,4,6,-6,0,7,-3,-1,-2,-4,2
-8,-4,4,6,-6,0,7,-3,-1,-2,-4,2
-8,-4,3,6,-6,0,7,-3,-1,-2,-4,2
-9,-5,3,7,-6,-1,6,-3,-1,-2,-4,2
-9,-6,3,7,-6,-1,6,-4,-1,-3,-4,1
-9,-6,2,7,-6,-2,6,-4,-1,-3,-4,1
-9,-6,2,7,-6,-2,6,-4,-1,-3,-4,1
-8,-5,2,7,-6,-1,6,-3,-1,-3,-4,1
-8,-5,2,6,-5,-1,6,-3,-1,-3,-4,1
-7,-4,2,6,-5,-1,6,-3,-1,-3,-4,1
-6,-4,2,5,-4,-1,6,-2,-1,-2,-4,1
-6,-3,2,5,-4,-1,6,-2,-1,-2,-4,1
-5,-3,2,4,-4,0,6,-2,-1,-2,-4,1
-6,-3,2,4,-4,0,6,-2,0,-2,-3,1
-7,-3,3,5,-5,0,6,-2,0,-2,-3,2
-7,-4,3,5,-5,0,6,-2,0,-2,-3,2
-7,-4,2,5,-4,-1,5,-2,0,-2,-3,2
-6,-4,2,5,-4,-1,5,-2,0,-2,-3,2
-6,-4,2,5,-4,0,5,-2,0,-2,-3,2
-6,-4,2,5,-5,0,5,-2,0,-2,-3,2
-6,-4,2,5,-5,0,5,-2,0,-2,-3,2
-6,-4,1,5,-4,-1,5,-2,0,-2,-3,2
-6,-4,1,5,-4,-1,5,-2,0,-2,-3,2
-6,-4,0,5,-3,-1,4,-2,-1,-2,-3,2
-5,-4,0,5,-3,-1,4,-2,-1,-2,-3,2
-6,-4,1,5,-4,-1,4,-1,0,-2,-2,3
-6,-4,1,5,-4,-1,4,-1,0,-1,-2,3
-5,-4,0,4,-3,-1,4,-1,0,-1,-2,3
-4,-4,0,3,-2,-2,4,-1,0,-2,-2,3
-4,-4,0,4,-2,-2,4,-1,0,-2,-2,3
-5,-4,0,4,-3,-1,4,0,0,-1,-2,3
-6,-3,1,4,-3,-1,4,0,0,-1,-2,3
-5,-3,0,4,-2,-1,4,0,0,-2,-2,3
-4,-4,-1,4,-1,-3,3,0,0,-2,-2,3
-3,-4,-2,4,0,-4,3,-1,-1,-3,-2,3
-3,-4,-3,4,0,-4,3,-1,-1,-3,-2,3
-3,-4,-2,4,0,-4,3,0,0,-2,-2,3
-4,-4,-1,4,-1,-3,4,0,0,-1,-1,4
-6,-4,1,5,-3,-1,4,1,0,-1,0,4
-7,-4,3,5,-5,0,4,1,1,0,0,5
-7,-4,3,5,-5,0,4,1,1,0,0,5
-7,-4,3,6,-5,-1,4,1,1,0,0,5
-8,-5,2,7,-5,-1,4,1,1,0,0,5
-8,-5,2,7,-5,-1,3,1,0,0,0,5
-7,-5,1,6,-4,-1,3,1,0,-1,0,5
-6,-4,1,5,-4,-1,2,0,0,-1,0,5
-5,-4,0,5,-3,-2,2,0,0,-1,-1,5
-4,-4,0,4,-3,-2,2,0,0,-2,-1,4
-4,-4,0,4,-3,-3,2,0,0,-2,-1,4
-4,-4,-1,5,-2,-3,1,0,0,-2,-1,4
-3,-4,-1,4,-1,-3,1,0,0,-2,-1,4
-3,-4,-1,4,-1,-2,1,0,0,-2,-1,4
-4,-4,0,4,-2,-2,1,0,0,-2,-1,5
-5,-4,0,4,-3,-2,1,0,0,-2,-1,5
-7,-5,1,5,-4,-2,1,0,0,-2,-1,5
-7,-5,2,6,-5,-2,1,0,0,-2,-1,5
-7,-4,2,5,-4,-2,0,0,-1,-2,-1,5
-6,-4,2,5,-4,-1,0,0,-1,-2,-1,5
-6,-4,2,5,-5,-1,0,0,-1,-2,0,6
-7,-4,2,6,-5,-1,0,0,-1,-2,0,6
-7,-4,2,6,-4,-2,0,0,-1,-2,-1,5
-6,-5,0,5,-3,-3,0,0,-1,-3,-1,5
-5,-5,0,5,-2,-3,0,0,-2,-3,-1,5
-5,-6,0,5,-2,-3,0,0,-2,-3,-2,5
-5,-6,0,5,-3,-3,0,0,-2,-3,-2,5
-5,-5,0,5,-3,-3,0,0,-2,-3,-2,5
-6,-5,0,5,-3,-3,0,0,-2,-3,-2,5
-6,-5,0,5,-2,-3,0,0,-2,-3,-2,5
-5,-5,0,5,-2,-3,-1,0,-2,-3,-2,5
-4,-5,-1,4,-1,-3,-1,-1,-2,-3,-2,4
-4,-5,-2,4,0,-4,-2,-1,-3,-3,-3,4
-4,-5,-2,5,-1,-4,-2,-1,-3,-3,-3,4
-4,-5,-2,5,-1,-4,-2,-1,-3,-4,-3,4
-4,-5,-2,5,-1,-4,-2,-1,-3,-4,-3,4
-4,-6,-2,5,-1,-4,-2,-2,-3,-4,-3,3
-5,-6,-2,6,-1,-4,-2,-2,-3,-5,-3,3
-6,-6,-1,6,-2,-4,-2,-1,-3,-4,-3,4
-6,-6,-1,6,-2,-3,-1,0,-3,-4,-2,4
-6,-6,0,6,-3,-3,-1,0,-3,-4,-2,5
-6,-6,0,6,-3,-2,-1,0,-3,-4,-2,5
-6,-5,0,6,-3,-2,-1,0,-3,-4,-2,5
-4,-4,0,5,-2,-2,-1,0,-2,-4,-2,5
-4,-4,0,4,-2,-1,-1,0,-2,-4,-2,5
-5,-4,1,5,-3,-1,-1,0,-2,-4,-2,5
-6,-5,1,6,-3,-1,-1,0,-2,-4,-2,5
-6,-5,0,6,-3,-2,-2,0,-3,-4,-3,5
-5,-5,-1,5,-2,-3,-2,-1,-3,-5,-3,4
-4,-5,-1,5,-2,-3,-2,-1,-3,-5,-3,4
-5,-5,0,5,-3,-2,-2,0,-3,-4,-3,4
-5,-5,0,5,-3,-2,-2,0,-3,-4,-3,4
-5,-5,0,5,-3,-2,-2,0,-3,-4,-3,4
-4,-5,0,4,-2,-2,-3,-1,-4,-4,-3,4
-4,-5,-1,4,-1,-2,-3,-1,-4,-4,-3,4
-5,-5,0,5,-2,-2,-3,0,-4,-4,-3,4
-6,-5,0,5,-3,-1,-3,0,-4,-4,-3,4
-6,-5,0,5,-2,-2,-3,0,-4,-4,-3,4
-6,-5,0,6,-3,-2,-3,0,-4,-4,-3,4
-7,-5,1,6,-4,-2,-3,0,-3,-4,-3,5
-8,-6,1,7,-4,-2,-3,0,-3,-4,-3,5
-8,-6,1,7,-4,-3,-3,0,-3,-5,-3,5
-8,-6,1,7,-4,-3,-3,-1,-3,-5,-3,5
-7,-6,0,6,-4,-3,-3,-1,-3,-5,-3,5
-6,-6,0,6,-3,-3,-4,-1,-3,-5,-3,5
-5,-6,-1,6,-2,-3,-4,-1,-4,-5,-4,4
-6,-6,-1,6,-3,-3,-4,-1,-4,-6,-4,4
-6,-6,0,6,-3,-3,-4,0,-4,-6,-4,4
-6,-5,0,6,-3,-2,-4,0,-4,-5,-4,4
-6,-5,0,6,-3,-2,-4,0,-4,-5,-3,4
-6,-6,0,6,-3,-3,-4,0,-4,-5,-3,4
-6,-6,0,6,-3,-2,-4,0,-4,-5,-3,4
-6,-5,0,6,-4,-2,-4,0,-4,-5,-3,4
-6,-6,0,6,-3,-2,-4,0,-4,-6,-3,4
-6,-7,-1,6,-3,-3,-5,-1,-4,-6,-4,4
-6,-7,-2,7,-2,-4,-5,-1,-4,-6,-4,4
-6,-7,-1,7,-2,-4,-5,-1,-4,-5,-3,4
-6,-7,-1,7,-3,-4,-5,-1,-3,-5,-3,4
-7,-6,0,7,-3,-3,-5,-1,-3,-5,-3,5
-7,-7,0,7,-4,-3,-5,-1,-3,-5,-3,5
-7,-7,0,7,-4,-3,-5,-1,-3,-5,-3,5
-6,-6,0,6,-3,-3,-4,0,-3,-6,-3,5
-5,-6,-1,5,-2,-3,-4,0,-3,-6,-3,5
-4,-5,-2,5,-1,-3,-4,0,-3,-6,-3,5
-4,-5,-2,4,-1,-3,-4,0,-3,-6,-3,5
-3,-4,-2,4,-1,-3,-4,0,-3,-6,-3,5
-3,-4,-2,3,-1,-3,-4,0,-3,-6,-2,5
-3,-3,-1,3,-1,-2,-4,0,-2,-6,-2,5
-3,-3,0,3,-1,-1,-4,1,-1,-5,-1,5
-4,-2,0,3,-2,-1,-3,2,-1,-4,-1,6
-3,-2,0,2,-1,0,-3,3,0,-3,0,7
-2,0,0,1,-1,0,-2,3,0,-2,0,7
-1,0,0,0,-1,0,-2,3,0,-2,0,8
-1,0,0,0,-1,0,-2,4,0,-2,0,8
-1,1,1,0,-1,1,-2,4,0,-2,0,9
-1,1,1,0,-1,1,-2,4,0,-2,0,9
0,1,1,0,0,1,-2,5,0,-2,1,9
-1,1,1,0,-1,1,-2,5,0,-2,1,8
-1,0,0,0,-1,0,-2,5,0,-2,0,8
0,0,-1,0,0,0,-2,4,0,-3,0,7
0,-1,-3,0,1,-2,-3,4,0,-3,0,7
1,-1,-3,0,2,-2,-4,5,1,-3,0,8
0,0,-2,0,1,-1,-4,5,2,-2,1,8
1,0,-2,0,1,-1,-5,5,2,-1,2,9
2,0,-2,-1,2,-1,-6,5,3,-1,2,9
2,0,-2,-1,2,-1,-7,5,3,0,3,10
1,0,-1,-1,1,0,-8,5,3,0,4,11
0,0,0,-1,0,0,-8,5,3,0,4,11
1,0,-1,-1,1,0,-9,4,3,0,4,11
1,0,-2,-1,1,-1,-9,4,2,0,3,11
1,0,-3,-1,2,-2,-9,3,1,-1,2,10
2,-1,-4,-1,3,-2,-10,2,1,-2,1,9
2,-1,-4,-1,3,-2,-10,1,0,-2,1,9
3,-1,-4,-1,4,-2,-9,1,0,-2,1,9
3,-2,-5,-1,4,-3,-10,1,0,-3,0,8
3,-3,-6,0,5,-4,-10,1,0,-4,0,7
2,-3,-6,0,4,-4,-10,1,0,-4,0,7
2,-3,-6,0,4,-4,-10,1,0,-4,0,7
1,-4,-6,1,4,-5,-10,0,-1,-4,-1,7
1,-5,-7,2,3,-6,-11,0,-2,-5,-1,6
0,-6,-7,2,3,-7,-11,-1,-2,-6,-2,6
0,-6,-7,2,3,-7,-11,-1,-2,-6,-2,6
0,-6,-6,3,3,-6,-11,-1,-3,-6,-2,6
-1,-6,-5,3,2,-6,-10,-1,-3,-6,-2,6
-2,-7,-5,4,1,-5,-10,-1,-3,-6,-2,6
-2,-7,-5,4,1,-5,-9,-1,-3,-6,-2,5
-2,-7,-5,4,1,-5,-9,-1,-4,-6,-2,5
-4,-8,-4,6,0,-6,-8,-1,-4,-6,-2,5
-5,-9,-4,7,0,-6,-8,-1,-5,-7,-3,5
-5,-9,-4,7,-1,-6,-8,-1,-5,-7,-3,4
-6,-10,-3,8,-1,-6,-8,-1,-5,-7,-3,4
-7,-10,-4,9,-1,-7,-8,-1,-5,-8,-3,4
-7,-11,-4,9,-1,-7,-8,-1,-5,-8,-3,4
-8,-11,-4,10,-2,-7,-8,-1,-5,-8,-3,4
-8,-11,-4,10,-2,-7,-8,-1,-5,-8,-3,4
-8,-11,-4,9,-2,-8,-8,-2,-6,-8,-3,4
-7,-11,-4,9,-2,-8,-8,-2,-6,-8,-3,4
-8,-11,-3,9,-2,-7,-8,-2,-6,-8,-3,4
-8,-11,-4,9,-2,-7,-8,-2,-6,-9,-4,3
-7,-11,-5,9,0,-8,-8,-2,-7,-9,-4,3
-6,-11,-6,8,0,-8,-8,-2,-7,-10,-4,2
-5,-11,-6,8,0,-8,-8,-2,-7,-10,-4,3
-6,-11,-5,8,0,-8,-8,-1,-6,-9,-3,3
-6,-11,-4,8,-1,-7,-8,-1,-6,-9,-3,4
-7,-11,-4,9,-1,-7,-8,-1,-6,-9,-3,4
-7,-12,-3,9,-2,-7,-8,-1,-6,-9,-3,3
-8,-12,-2,10,-3,-7,-7,0,-6,-9,-3,3
-10,-12,-2,11,-3,-7,-6,0,-6,-9,-4,2
-11,-13,-2,11,-4,-7,-5,2,-5,-9,-4,2
-11,-13,-2,12,-4,-7,-3,5,-4,-9,-4,1
-11,-13,-1,12,-5,-7,0,9,-2,-8,-4,1
-11,-12,-1,11,-5,-7,3,14,0,-6,-3,0
-10,-11,0,10,-5,-6,7,21,5,-3,-1,1
-9,-9,1,9,-5,-4,10,29,11,1,2,2
-8,-5,3,6,-5,-1,12,36,19,7,7,5
-4,0,4,1,-3,1,14,46,29,15,14,10
2,4,2,-3,0,3,16,58,42,24,23,16
9,9,0,-9,5,4,15,66,53,33,31,22
19,15,-3,-17,11,5,11,69,61,40,40,29
30,21,-8,-25,19,6,5,68,69,49,50,38
40,27,-12,-34,26,7,-1,67,78,58,60,47
48,33,-14,-41,31,10,-8,63,84,66,71,58
55,42,-13,-49,34,14,-18,54,88,75,83,70
61,51,-10,-56,35,21,-31,38,90,82,94,83
64,61,-3,-62,34,29,-44,18,87,87,103,95
61,71,8,-66,27,40,-56,-6,78,89,109,106
53,77,23,-65,15,51,-65,-31,65,87,110,112
43,78,35,-60,4,57,-72,-54,45,75,101,110
31,69,39,-50,-3,54,-76,-76,16,52,78,95
18,53,37,-36,-9,45,-78,-95,-17,22,48,73
4,36,32,-21,-13,34,-78,-111,-51,-8,17,49
-6,21,27,-8,-16,25,-77,-122,-77,-33,-7,29
-14,9,23,1,-18,17,-74,-125,-92,-49,-24,15
-17,1,18,8,-17,11,-70,-120,-95,-56,-32,6
-18,-4,14,11,-16,5,-64,-111,-92,-58,-36,0
-19,-9,11,14,-15,1,-58,-100,-86,-57,-37,-3
-19,-11,9,15,-14,-1,-52,-88,-79,-54,-36,-5
-19,-12,7,15,-13,-2,-46,-75,-70,-50,-33,-6
-18,-12,7,15,-13,-2,-40,-63,-60,-44,-29,-5
-18,-11,7,14,-12,-1,-34,-50,-50,-37,-24,-3
-16,-10,6,13,-10,-2,-29,-39,-40,-31,-19,-1
-14,-10,4,12,-9,-2,-25,-29,-32,-25,-15,0
-11,-9,2,10,-7,-2,-21,-22,-25,-21,-12,1
-8,-9,0,9,-4,-3,-18,-16,-20,-18,-9,2
-7,-9,-2,8,-2,-4,-15,-11,-16,-16,-8,2
-7,-10,-2,8,-2,-5,-13,-7,-13,-14,-6,3
-7,-11,-2,9,-2,-6,-11,-4,-11,-12,-5,3
-8,-11,-2,10,-3,-6,-10,-1,-9,-11,-3,3
-8,-10,-1,10,-3,-5,-10,1,-7,-9,-2,4
-8,-10,-2,9,-3,-5,-10,2,-6,-9,-2,4
-8,-10,-2,9,-3,-5,-9,2,-6,-9,-2,4
-8,-10,-1,9,-4,-5,-8,2,-6,-8,-2,4
-8,-10,-1,8,-4,-5,-8,3,-6,-8,-2,4
-7,-10,-2,8,-3,-5,-8,3,-6,-8,-2,4
-7,-10,-2,8,-3,-5,-7,4,-5,-8,-2,4
-8,-10,-1,9,-3,-5,-7,5,-5,-8,-1,4
-10,-10,-1,9,-4,-5,-7,6,-4,-7,-1,4
-10,-10,-1,10,-4,-5,-7,6,-3,-7,-1,4
-10,-10,-1,10,-4,-5,-7,6,-3,-7,-1,4
-10,-10,-1,9,-4,-5,-7,6,-2,-6,-1,4
-9,-10,-1,9,-3,-5,-6,6,-2,-6,0,5
-8,-10,-1,9,-3,-5,-6,6,-2,-6,0,5
-8,-10,-1,9,-3,-5,-6,6,-2,-6,0,5
-7,-10,-2,8,-2,-6,-6,6,-2,-6,0,5
-6,-10,-3,8,-1,-6,-6,7,-2,-6,0,5
-6,-9,-4,7,0,-7,-6,7,-2,-5,0,5
-6,-9,-4,7,0,-6,-6,7,-1,-5,0,5
-7,-9,-3,7,-1,-6,-6,8,-1,-4,0,6
-7,-9,-3,7,-1,-6,-6,8,-1,-4,1,6
-6,-10,-3,7,-1,-6,-6,8,-1,-4,1,6
-5,-10,-4,6,0,-7,-6,8,-1,-4,0,6
-4,-10,-5,6,1,-7,-6,8,-1,-4,0,6
-6,-10,-4,7,0,-7,-6,9,-1,-4,0,6
-7,-10,-3,8,-1,-7,-6,9,0,-4,0,7
-7,-10,-3,8,-2,-7,-6,9,0,-4,0,7
-7,-10,-3,8,-2,-6,-6,9,0,-4,0,7
-7,-10,-3,7,-2,-6,-6,9,0,-4,1,6
-6,-9,-3,7,-1,-6,-6,9,0,-4,1,6
-5,-9,-3,6,0,-6,-7,9,0,-4,1,6
-5,-8,-4,6,0,-6,-7,9,0,-4,1,7
-4,-8,-4,6,0,-6,-7,9,0,-3,1,7
-4,-8,-4,7,0,-6,-7,9,0,-3,1,7
-4,-8,-4,6,0,-6,-7,9,0,-3,1,7
-3,-8,-5,5,1,-6,-7,9,0,-3,1,6
-3,-8,-5,5,1,-6,-7,9,0,-3,1,6
-4,-9,-4,6,0,-6,-7,10,1,-2,2,6
-5,-9,-4,6,-1,-6,-7,10,1,-2,2,7
-5,-9,-4,7,-1,-6,-8,10,1,-2,2,7
-4,-9,-4,6,0,-6,-8,10,1,-2,2,6
-3,-9,-5,6,0,-6,-9,9,1,-2,1,6
-3,-9,-5,6,1,-6,-9,9,1,-2,1,6
-4,-8,-4,6,0,-6,-8,10,1,-2,1,6
-4,-8,-3,5,0,-5,-8,10,2,-1,2,6
-4,-7,-2,5,0,-4,-8,11,2,-1,2,6
-4,-6,-2,5,0,-4,-8,11,2,0,2,6
-3,-6,-2,5,0,-4,-8,11,2,0,2,6
-3,-6,-3,5,0,-4,-8,11,2,0,2,6
-3,-6,-3,5,0,-4,-8,11,2,0,2,6
-3,-6,-3,5,0,-4,-8,12,3,0,2,6
-3,-6,-4,4,1,-5,-9,12,3,0,2,6
-2,-6,-5,4,1,-5,-10,12,3,0,2,5
-2,-7,-5,4,1,-6,-10,12,3,-1,1,5
-2,-7,-5,4,1,-6,-10,12,3,0,1,6
-2,-6,-5,4,1,-5,-10,12,4,0,2,6
-2,-5,-4,3,1,-4,-9,13,4,1,2,7
-2,-5,-4,3,1,-4,-9,13,5,1,3,7
-2,-5,-4,3,1,-4,-8,14,6,2,3,7
-2,-6,-4,3,1,-4,-8,15,6,2,4,7
-2,-6,-4,3,1,-5,-8,15,7,2,3,7
-1,-6,-6,3,2,-6,-8,15,7,2,3,6
0,-6,-7,2,4,-6,-8,15,7,2,3,6
0,-5,-6,2,4,-6,-8,16,8,3,3,7
0,-5,-4,2,3,-5,-8,17,9,3,4,7
0,-4,-3,2,2,-4,-8,17,9,4,4,8
0,-4,-3,2,2,-4,-8,18,10,4,5,8
0,-3,-3,1,2,-3,-8,18,10,4,5,9
0,-3,-4,1,2,-3,-9,19,11,5,6,9
0,-3,-4,1,2,-3,-9,20,11,5,6,9
1,-3,-4,0,2,-2,-9,20,12,6,6,9
2,-2,-4,0,3,-2,-9,21,12,7,7,10
3,-2,-5,-1,4,-3,-9,21,13,7,7,10
3,-1,-4,-1,4,-2,-9,22,14,8,8,10
2,-1,-4,-1,4,-2,-9,23,15,8,9,11
3,-1,-4,-1,5,-2,-9,23,16,9,9,11
5,0,-5,-2,6,-2,-9,24,16,9,9,12
6,0,-6,-3,6,-1,-9,24,17,10,10,12
6,1,-5,-4,6,-1,-9,25,17,11,10,13
5,1,-5,-4,6,-1,-9,26,18,11,11,13
6,1,-6,-4,7,-1,-9,27,19,12,11,13
8,1,-7,-4,8,-2,-10,27,20,12,12,14
9,2,-7,-5,9,-2,-10,28,21,13,12,14
10,2,-7,-6,9,-2,-10,28,22,14,13,15
10,3,-7,-6,9,-1,-10,29,22,15,14,16
10,3,-6,-7,9,-1,-10,30,23,15,15,16
11,4,-7,-7,9,0,-10,30,24,16,15,17
11,4,-7,-8,10,0,-11,30,24,16,16,17
12,4,-7,-8,10,-1,-12,31,25,17,16,18
12,4,-7,-8,10,-1,-12,31,25,17,17,18
13,5,-7,-9,11,0,-12,32,26,18,17,19
14,6,-7,-10,11,0,-12,32,27,18,18,20
16,7,-8,-11,12,0,-12,32,28,19,18,20
17,8,-9,-13,13,0,-12,33,28,19,19,21
18,9,-9,-13,14,0,-12,33,29,20,19,21
18,9,-9,-13,13,0,-12,33,29,21,19,22
17,8,-9,-12,13,0,-12,33,30,21,19,22
16,8,-9,-11,13,0,-13,33,30,20,19,21
16,8,-9,-11,13,0,-13,33,30,20,19,21
18,9,-10,-13,14,0,-13,33,31,21,20,22
19,10,-9,-14,15,1,-13,33,31,21,20,22
18,10,-8,-14,14,1,-13,34,32,22,21,23
18,10,-7,-14,13,1,-13,34,32,22,21,23
18,10,-8,-14,14,1,-13,34,32,23,21,24
18,11,-8,-14,14,2,-13,34,32,23,21,24
18,11,-7,-14,13,2,-13,34,32,23,22,24
18,11,-7,-14,13,3,-12,34,32,23,22,24
18,11,-7,-14,13,3,-12,34,32,23,23,25
18,11,-7,-14,13,3,-13,33,32,23,23,25
17,11,-6,-13,12,3,-13,32,31,22,22,24
16,11,-5,-13,10,3,-12,32,30,21,22,24
15,11,-5,-12,10,3,-12,31,29,21,21,23
14,10,-5,-12,10,3,-11,29,28,20,20,22
13,10,-4,-11,9,3,-10,28,26,19,19,21
11,9,-3,-10,8,4,-9,28,25,18,18,21
9,8,-1,-8,6,4,-8,27,24,17,17,20
8,7,-1,-7,5,3,-8,26,22,16,16,19
7,6,-1,-6,4,3,-7,24,21,14,15,18
6,5,0,-5,3,3,-6,23,19,13,14,17
5,5,1,-4,2,3,-5,22,18,12,12,16
4,4,0,-4,2,2,-5,21,16,11,10,14
4,3,0,-3,2,2,-5,19,14,10,9,13
2,3,0,-2,1,2,-4,18,13,9,8,13
1,2,1,-1,1,2,-4,17,12,8,7,12
0,1,1,-1,0,1,-4,16,11,7,6,11
0,0,1,0,0,1,-4,15,9,6,5,10
-1,-1,0,1,0,0,-4,14,8,5,4,9
-2,-2,1,2,-1,0,-3,14,7,4,3,9
-4,-3,2,3,-2,0,-2,13,6,3,3,9
-4,-3,1,4,-2,0,-2,12,5,2,2,8
-4,-4,0,4,-1,-1,-1,12,4,2,1,7
-3,-4,-1,4,-1,-2,-1,11,3,1,0,6
-4,-5,-1,4,-1,-2,-1,10,2,0,-1,6
-5,-5,0,5,-2,-1,0,10,1,0,-1,5
-7,-6,1,6,-4,-1,0,10,0,-1,-2,5
-7,-6,2,6,-4,-1,0,9,0,-1,-2,4
-7,-6,2,6,-4,-1,0,9,0,-1,-2,4
-8,-6,2,7,-4,-2,0,8,0,-2,-3,3
-9,-7,2,8,-5,-2,0,8,-1,-2,-3,3
-10,-8,2,9,-5,-2,0,8,-1,-3,-4,2
-11,-8,3,9,-6,-2,0,8,-1,-3,-4,2
-10,-8,3,9,-5,-2,0,8,-2,-3,-4,2
-9,-7,2,9,-5,-2,0,8,-2,-4,-4,1
-9,-8,2,9,-5,-2,0,8,-3,-4,-4,1
-9,-8,2,9,-5,-2,0,8,-3,-4,-4,1
-9,-8,1,8,-4,-2,0,7,-3,-4,-5,1
-8,-8,1,8,-4,-2,0,7,-3,-4,-5,1
-9,-8,1,8,-4,-2,0,7,-3,-4,-5,1
-9,-8,1,8,-4,-2,0,7,-3,-5,-5,0
-9,-9,0,9,-4,-3,0,6,-4,-5,-5,0
-9,-9,0,9,-4,-3,0,6,-4,-5,-5,0
-10,-9,1,9,-4,-3,0,6,-4,-5,-5,0
-10,-8,2,9,-5,-2,0,6,-4,-5,-5,0
-10,-7,3,8,-5,-1,0,6,-4,-5,-5,0
-10,-7,3,8,-5,-1,0,7,-4,-5,-5,0
-10,-8,2,9,-5,-2,0,7,-4,-5,-5,0
-10,-8,2,9,-5,-2,0,7,-4,-5,-5,0
-10,-8,2,9,-5,-2,0,7,-4,-5,-5,0
-9,-8,1,9,-5,-2,0,6,-5,-5,-6,-1
-9,-8,1,9,-4,-3,-1,6,-5,-6,-6,-1
-9,-8,1,9,-4,-3,-1,6,-5,-6,-6,-1
-10,-9,1,9,-5,-3,-1,6,-5,-6,-6,-1
-10,-9,1,9,-5,-3,-1,6,-5,-6,-6,-1
-10,-9,1,9,-5,-3,-1,6,-5,-6,-6,-1
-9,-9,1,8,-5,-3,-1,6,-5,-6,-6,-1
-10,-9,1,9,-5,-3,-1,6,-5,-6,-6,-1
-10,-9,1,9,-5,-3,-1,6,-5,-6,-6,-1
-10,-9,1,9,-4,-4,-1,6,-5,-6,-6,-1
-9,-9,0,9,-3,-4,-1,6,-6,-7,-7,-2
-9,-9,0,9,-3,-4,-2,6,-6,-7,-7,-2
-10,-9,0,9,-4,-4,-2,6,-6,-7,-7,-3
-10,-9,1,9,-4,-3,-2,6,-6,-6,-6,-2
-11,-9,2,9,-5,-3,-1,6,-6,-6,-6,-2
-11,-9,2,10,-6,-3,-1,7,-6,-5,-6,-1
-11,-9,2,10,-6,-3,-1,7,-5,-5,-6,-1
-11,-8,3,10,-6,-2,-1,8,-5,-5,-6,-1
-11,-8,3,10,-6,-2,-1,8,-5,-5,-6,-1
-11,-8,3,10,-6,-2,-1,8,-5,-5,-6,-1
-11,-8,3,9,-6,-2,-1,8,-5,-5,-6,-1
-11,-8,3,9,-7,-2,-1,8,-5,-5,-6,-1
-11,-8,3,9,-7,-2,-1,8,-5,-5,-6,-2
-11,-8,2,9,-6,-3,-1,8,-5,-6,-7,-2
-9,-8,0,8,-4,-3,-1,8,-6,-6,-7,-3
-8,-8,0,8,-3,-4,-1,8,-6,-6,-7,-4
-9,-8,1,8,-4,-3,-1,8,-5,-6,-7,-4
-10,-8,2,9,-6,-3,0,8,-5,-6,-7,-4
-11,-8,2,9,-6,-3,0,8,-4,-6,-7,-4
-11,-8,2,9,-6,-3,0,8,-4,-6,-7,-4
-12,-8,3,10,-7,-2,0,9,-4,-5,-6,-4
-13,-8,4,10,-7,-2,0,9,-4,-5,-6,-3
-13,-8,4,10,-8,-1,0,9,-4,-4,-6,-3
-13,-8,4,10,-7,-1,0,9,-4,-4,-6,-3
-12,-8,4,9,-6,-1,0,9,-4,-4,-6,-3
-11,-8,3,9,-6,-1,0,9,-4,-4,-6,-3
-10,-8,3,8,-5,-1,0,9,-4,-4,-6,-4
-10,-7,2,8,-5,-2,0,8,-5,-5,-6,-4
-10,-7,2,8,-5,-2,0,8,-5,-5,-7,-4
-11,-7,2,9,-6,-2,0,9,-5,-5,-7,-4
-11,-7,2,9,-6,-2,0,9,-5,-5,-7,-4
-11,-8,2,9,-6,-2,0,9,-5,-5,-7,-5
-11,-9,2,9,-6,-3,1,9,-4,-5,-6,-5
-12,-9,2,9,-6,-2,1,10,-4,-5,-6,-4
-12,-8,3,9,-6,-2,1,10,-4,-4,-5,-4
-11,-8,2,9,-6,-2,0,9,-4,-5,-6,-4
-10,-8,1,9,-5,-2,0,9,-5,-5,-6,-4
-8,-7,0,7,-4,-2,-1,9,-5,-5,-6,-4
-8,-6,1,7,-4,-2,0,9,-5,-5,-6,-4
-10,-5,4,7,-7,0,1,10,-4,-4,-5,-3
-11,-5,5,8,-8,0,1,11,-3,-3,-4,-3
-11,-6,5,8,-7,0,1,11,-3,-3,-4,-3
-12,-6,5,8,-7,0,1,11,-3,-3,-4,-3
-12,-6,5,9,-7,0,1,11,-3,-3,-4,-3
-11,-7,3,9,-6,-1,1,10,-4,-4,-5,-4
-10,-7,1,9,-4,-2,0,10,-4,-4,-5,-5
-9,-7,1,8,-4,-3,0,10,-5,-5,-5,-6
-9,-7,1,8,-4,-3,0,11,-5,-5,-5,-6
-9,-7,2,7,-5,-2,0,11,-5,-5,-5,-6
-9,-7,2,7,-5,-2,0,11,-5,-5,-5,-6
-8,-7,1,7,-4,-2,0,11,-5,-5,-5,-6
-8,-7,1,7,-4,-2,0,11,-4,-5,-5,-5
-9,-7,1,7,-4,-2,1,11,-4,-4,-4,-5
-9,-7,2,7,-4,-2,1,11,-4,-4,-4,-5
-9,-6,2,7,-5,-1,1,11,-4,-4,-4,-5
-9,-6,2,7,-5,-1,1,11,-4,-4,-4,-4
-9,-6,3,7,-5,-1,1,11,-4,-4,-4,-4
-9,-6,3,7,-6,-1,1,11,-4,-4,-4,-4
-10,-6,4,7,-6,-1,1,11,-4,-4,-4,-4
-10,-6,4,7,-6,-1,1,11,-4,-4,-4,-4
-9,-5,4,7,-6,-1,1,11,-4,-4,-4,-4
-9,-5,4,7,-5,-1,1,11,-4,-4,-4,-5
-10,-6,4,7,-5,-1,1,11,-4,-5,-5,-5
-10,-6,4,8,-5,-1,1,11,-5,-5,-5,-6
-9,-6,3,8,-5,-1,1,11,-5,-5,-5,-6
-8,-6,2,8,-4,-2,1,10,-6,-6,-5,-6
-8,-7,2,8,-4,-2,1,10,-6,-6,-5,-6
-8,-7,2,8,-4,-2,1,10,-6,-6,-5,-6
-9,-8,1,8,-4,-2,1,10,-6,-6,-5,-6
-8,-8,1,8,-4,-3,1,10,-7,-6,-6,-7
-8,-8,1,8,-4,-3,1,10,-7,-7,-6,-7
-8,-8,1,8,-4,-3,1,9,-7,-7,-6,-7
-8,-7,1,8,-4,-2,1,9,-7,-7,-7,-7
-8,-7,1,7,-4,-2,1,9,-7,-7,-7,-7
-9,-7,2,8,-4,-2,1,9,-7,-7,-7,-7
-10,-8,2,8,-5,-2,1,9,-7,-7,-7,-8
-10,-8,2,9,-5,-2,1,9,-7,-7,-7,-8
-10,-8,2,9,-5,-2,1,9,-7,-7,-7,-9
-10,-9,1,9,-5,-3,1,9,-7,-6,-6,-9
-11,-9,2,9,-6,-3,1,9,-7,-6,-6,-9
-11,-9,2,9,-6,-3,2,9,-7,-6,-6,-9
-10,-9,1,9,-5,-3,1,9,-8,-6,-6,-9
-8,-9,0,8,-3,-4,0,8,-9,-7,-7,-10
-6,-9,-2,7,-2,-4,0,7,-9,-8,-8,-10
-7,-9,-1,8,-2,-4,0,7,-9,-8,-8,-10
-9,-9,0,9,-4,-3,0,8,-9,-7,-7,-10
-10,-9,2,10,-5,-3,1,8,-8,-7,-7,-9
-11,-10,1,10,-5,-3,1,8,-8,-7,-7,-10
-9,-10,0,9,-4,-4,1,8,-8,-7,-7,-10
-9,-10,0,8,-3,-4,1,7,-8,-8,-8,-10
-10,-10,0,9,-4,-4,1,8,-8,-7,-8,-10
-10,-11,0,10,-4,-5,1,8,-8,-7,-8,-9
-10,-11,0,10,-5,-5,1,8,-9,-7,-8,-9
-10,-10,0,10,-5,-5,1,7,-9,-7,-8,-9
-9,-9,0,9,-4,-5,1,7,-9,-7,-8,-9
-9,-9,0,8,-5,-4,1,7,-9,-7,-8,-9
-10,-9,1,9,-6,-4,1,7,-9,-7,-8,-9
-11,-10,1,10,-6,-4,1,7,-9,-7,-8,-9
-11,-9,2,10,-6,-3,1,7,-9,-7,-8,-9
-10,-9,2,9,-6,-3,1,7,-9,-7,-8,-8
-9,-9,2,9,-5,-3,1,7,-9,-7,-8,-8
-10,-9,2,9,-5,-3,1,7,-9,-7,-8,-8
-10,-10,1,10,-5,-4,1,7,-9,-8,-8,-9
-9,-10,0,9,-4,-4,1,7,-9,-8,-9,-10
-8,-10,0,9,-4,-4,1,7,-9,-8,-9,-10
-9,-10,0,9,-4,-4,1,7,-9,-8,-9,-10
-9,-11,0,10,-4,-4,1,7,-9,-8,-9,-10
-9,-11,0,10,-3,-5,1,7,-9,-8,-9,-10
-8,-10,-1,9,-3,-5,1,6,-9,-8,-9,-10
-8,-10,0,8,-3,-5,1,6,-9,-8,-9,-10
-9,-10,0,9,-4,-4,1,6,-9,-8,-8,-10
-10,-10,1,9,-5,-4,1,6,-9,-8,-8,-10
-9,-10,1,9,-5,-4,1,5,-10,-8,-8,-10
-9,-9,0,8,-4,-4,1,5,-10,-8,-8,-10
-8,-9,0,8,-4,-4,1,5,-10,-8,-8,-10
-7,-10,0,9,-3,-5,1,5,-10,-8,-8,-10
-8,-10,0,9,-3,-5,1,5,-10,-8,-8,-10
-9,-11,0,10,-4,-5,1,4,-10,-8,-9,-10
-9,-11,0,10,-4,-6,0,4,-10,-8,-9,-10
-9,-11,0,9,-4,-6,0,4,-10,-8,-9,-10
-9,-10,0,9,-4,-5,0,4,-10,-8,-9,-10
-10,-10,0,9,-5,-5,0,4,-10,-8,-9,-10
-10,-10,1,10,-5,-5,0,4,-10,-8,-8,-10
-10,-10,0,10,-5,-5,1,4,-10,-8,-8,-10
-10,-10,0,10,-4,-5,1,4,-10,-8,-8,-10
-9,-10,0,9,-4,-5,1,4,-10,-8,-8,-11
-9,-11,0,9,-4,-6,1,4,-10,-8,-8,-11
-9,-11,-1,9,-4,-6,1,4,-10,-8,-8,-11
-8,-11,-3,9,-2,-7,0,4,-10,-8,-8,-12
-7,-11,-4,8,-1,-8,0,4,-10,-8,-8,-12
-8,-11,-3,9,-2,-7,0,4,-9,-8,-8,-12
-8,-10,-2,9,-3,-6,0,4,-9,-8,-7,-12
-8,-10,-2,9,-3,-6,0,4,-9,-8,-8,-12
-8,-10,-2,9,-3,-6,0,4,-9,-9,-8,-13
-8,-10,-1,9,-3,-6,0,3,-9,-9,-9,-13
-9,-11,-1,9,-3,-6,0,3,-9,-9,-9,-14
-10,-11,-1,10,-3,-6,0,3,-9,-9,-10,-14
-10,-11,-1,10,-4,-6,0,3,-9,-9,-10,-14
-10,-11,0,10,-5,-5,0,3,-9,-9,-9,-14
-10,-10,0,9,-5,-4,0,3,-9,-9,-9,-14
-11,-9,1,10,-5,-4,0,4,-9,-8,-9,-14
-11,-10,1,10,-6,-4,0,4,-8,-8,-8,-14
-10,-10,0,10,-5,-4,0,5,-8,-8,-8,-14
-8,-10,0,8,-4,-5,0,5,-8,-8,-8,-14
-7,-9,0,8,-4,-5,1,5,-7,-7,-8,-13
-7,-9,0,8,-4,-4,1,6,-7,-6,-7,-13
-7,-8,0,7,-4,-4,2,6,-6,-6,-6,-13
-7,-7,0,7,-4,-3,2,6,-6,-6,-6,-13
-8,-7,1,7,-5,-3,2,6,-6,-6,-6,-12
-9,-7,2,8,-6,-2,3,6,-5,-6,-6,-12
-8,-6,2,7,-5,-2,3,7,-5,-6,-6,-12
-6,-5,2,5,-4,-2,3,8,-4,-6,-6,-12
-6,-5,1,5,-3,-2,4,8,-4,-5,-6,-11
-5,-6,0,5,-3,-2,4,8,-4,-5,-6,-12
-4,-6,0,5,-2,-3,3,8,-4,-6,-6,-12
-3,-6,-1,4,-1,-3,3,7,-4,-6,-6,-12
-4,-5,-1,4,-1,-3,3,8,-4,-5,-5,-12
-5,-5,0,4,-2,-2,3,8,-3,-4,-4,-11
-5,-4,1,4,-3,-1,2,8,-2,-3,-3,-11
-5,-4,1,4,-2,-1,1,8,-2,-3,-3,-10
-4,-3,1,3,-2,-1,0,7,-2,-3,-3,-10
-3,-2,1,3,-2,0,-1,7,-1,-2,-2,-9
-2,-2,1,2,-2,0,-2,7,-1,-2,-2,-9
-2,-2,1,2,-2,0,-3,6,-1,-2,-2,-9
-2,-2,1,2,-2,0,-3,6,-1,-2,-2,-9
-1,-3,0,2,-1,-1,-3,5,-2,-3,-2,-9
0,-3,-1,1,0,-2,-4,4,-3,-4,-3,-10
0,-3,-2,1,1,-2,-4,4,-3,-5,-4,-11
-1,-3,-1,2,0,-2,-4,4,-4,-5,-4,-11
-2,-4,-1,3,0,-2,-3,4,-4,-5,-4,-11
-2,-5,-2,3,0,-3,-3,4,-4,-5,-5,-11
-2,-6,-2,4,0,-4,-3,4,-4,-6,-6,-12
-3,-7,-3,4,0,-5,-3,4,-4,-6,-6,-12
-3,-7,-4,5,0,-5,-3,4,-5,-7,-6,-13
-3,-7,-4,5,0,-5,-3,4,-5,-7,-6,-13
-4,-7,-4,5,0,-5,-3,4,-5,-8,-6,-13
-5,-7,-3,6,-1,-5,-3,4,-5,-8,-7,-14
-6,-8,-2,6,-1,-5,-3,3,-6,-8,-7,-14
-6,-8,-2,7,-1,-5,-3,2,-7,-9,-8,-15
-7,-9,-2,7,-2,-5,-2,2,-8,-9,-8,-16
-9,-9,-1,8,-4,-5,-2,1,-8,-10,-9,-17
-11,-11,0,10,-5,-5,-1,1,-9,-10,-9,-17
-11,-12,-1,11,-5,-6,-1,1,-9,-11,-10,-18
-11,-13,-2,11,-4,-7,-1,0,-10,-11,-11,-19
-11,-14,-2,12,-4,-7,0,0,-10,-12,-11,-19
-13,-14,0,13,-6,-6,0,0,-10,-12,-11,-19
-14,-14,1,14,-7,-6,0,0,-10,-12,-11,-19
-14,-14,0,14,-7,-6,0,0,-10,-12,-11,-20
-13,-14,0,13,-6,-7,0,-1,-11,-13,-12,-21
-12,-14,-1,13,-5,-7,0,-1,-11,-13,-12,-21
-12,-13,-1,12,-5,-7,0,-1,-11,-13,-12,-21
-13,-13,-1,13,-5,-7,0,-1,-11,-13,-12,-21
-14,-14,-1,14,-6,-7,0,-1,-11,-13,-12,-22
-15,-15,0,15,-7,-7,0,-2,-11,-13,-12,-22
-15,-15,0,15,-7,-7,0,-2,-11,-13,-13,-22
-13,-15,-1,14,-6,-7,0,-3,-12,-13,-13,-22
-13,-14,-1,13,-6,-8,0,-2,-12,-13,-13,-22
-13,-14,-1,13,-6,-8,0,-2,-11,-12,-12,-22
-13,-14,0,13,-6,-8,0,-2,-11,-12,-12,-22
-13,-14,-1,13,-6,-8,0,-2,-12,-12,-12,-22
-14,-15,-1,14,-6,-8,0,-3,-12,-12,-12,-22
-15,-15,0,15,-7,-8,1,-3,-12,-12,-12,-22
-16,-15,0,15,-8,-7,2,-2,-12,-12,-13,-22
-15,-15,0,15,-8,-7,3,0,-11,-11,-13,-23
-15,-14,0,15,-8,-7,5,3,-9,-11,-12,-23
-16,-15,0,15,-8,-7,8,7,-7,-10,-12,-24
-16,-15,0,15,-8,-7,10,12,-4,-8,-12,-25
-15,-14,1,14,-8,-6,13,17,0,-5,-10,-25
-14,-12,2,13,-8,-4,16,23,5,-1,-7,-24
-12,-9,2,10,-7,-3,18,30,12,4,-3,-22
-8,-6,2,7,-5,-1,20,37,21,11,2,-18
-3,-2,0,2,-2,0,21,46,32,19,10,-13
4,2,-1,-3,1,0,22,57,44,29,19,-7
12,8,-3,-10,7,2,21,65,56,39,29,0
21,14,-5,-17,13,4,16,67,65,49,40,10
30,21,-8,-25,19,6,11,66,73,58,51,20
37,28,-9,-33,24,9,4,62,79,67,62,32
44,37,-7,-40,26,15,-3,55,83,75,74,45
49,47,-3,-48,26,22,-14,43,84,82,86,59
50,56,5,-53,23,31,-25,25,81,87,96,73
45,66,20,-55,13,43,-35,4,73,90,103,85
37,74,37,-55,0,55,-44,-19,59,88,104,92
28,77,50,-52,-11,63,-51,-41,39,76,95,90
16,73,58,-45,-21,65,-55,-62,12,55,73,76
1,63,62,-32,-29,62,-56,-83,-22,26,44,55
-12,48,60,-18,-35,54,-57,-101,-56,-4,13,32
-20,34,55,-7,-37,45,-57,-113,-84,-30,-12,12
-26,23,49,1,-37,36,-54,-117,-99,-46,-29,-3
-29,13,43,7,-36,28,-49,-114,-103,-55,-39,-14
-31,5,37,13,-35,21,-45,-108,-102,-59,-45,-22
-32,-2,31,17,-32,14,-41,-100,-97,-60,-48,-28
-31,-7,25,18,-28,9,-37,-91,-91,-59,-49,-32
-29,-10,19,19,-24,5,-34,-82,-83,-56,-48,-34
-27,-11,15,19,-20,2,-29,-71,-75,-52,-45,-34
-26,-11,13,18,-19,1,-24,-60,-65,-45,-40,-33
-25,-11,12,18,-18,1,-20,-49,-54,-39,-35,-31
-23,-11,11,17,-17,1,-16,-40,-45,-33,-30,-29
-21,-11,10,15,-16,0,-12,-31,-38,-27,-26,-27
-19,-11,9,14,-14,0,-8,-24,-31,-23,-23,-26
-17,-11,7,13,-13,-1,-5,-18,-26,-19,-20,-24
-17,-11,7,13,-12,-1,-3,-13,-21,-16,-18,-23
-16,-11,6,13,-10,-2,-1,-9,-18,-14,-16,-23
-15,-12,3,13,-8,-3,0,-6,-16,-13,-15,-24
-14,-13,1,13,-6,-5,0,-5,-15,-13,-15,-25
-13,-13,0,13,-5,-6,1,-4,-14,-12,-14,-25
-13,-13,0,12,-6,-6,1,-3,-13,-12,-14,-25
-12,-13,0,12,-6,-6,1,-3,-13,-11,-14,-25
-12,-13,1,12,-7,-6,1,-2,-13,-11,-14,-25
-12,-13,1,12,-7,-6,2,-2,-12,-11,-14,-24
-12,-12,1,12,-7,-5,2,-1,-12,-10,-13,-24
-12,-12,0,12,-6,-5,2,0,-11,-10,-13,-24
-12,-12,0,12,-5,-6,2,0,-10,-10,-12,-24
-12,-12,0,12,-6,-6,2,0,-10,-10,-12,-24
-13,-13,0,12,-6,-6,3,1,-9,-10,-12,-23
-13,-13,0,13,-7,-6,3,1,-9,-9,-12,-23
-12,-13,0,13,-7,-6,3,1,-9,-9,-12,-23
-11,-13,0,12,-6,-6,3,1,-9,-9,-12,-23
-10,-13,-1,12,-4,-6,3,1,-9,-9,-12,-23
-10,-13,-1,11,-4,-6,3,1,-9,-9,-12,-23
-10,-13,-2,11,-3,-6,3,1,-9,-9,-12,-23
-9,-13,-3,11,-2,-7,3,2,-9,-9,-12,-23
-9,-13,-3,10,-2,-7,3,2,-9,-9,-12,-23
-9,-13,-2,10,-3,-6,3,2,-9,-9,-12,-23
-9,-13,-2,11,-4,-6,3,2,-8,-9,-12,-23
-9,-13,-1,11,-4,-7,3,2,-8,-9,-12,-23
-10,-12,-1,11,-4,-6,3,2,-7,-8,-12,-23
-11,-12,0,11,-5,-6,3,2,-7,-8,-11,-22
-11,-12,-1,11,-4,-6,2,2,-7,-7,-11,-23
-11,-13,-1,12,-5,-6,2,2,-7,-7,-11,-23
-13,-13,-1,13,-6,-6,3,3,-6,-7,-11,-22
-13,-13,0,12,-7,-5,3,4,-6,-6,-10,-22
-11,-12,0,11,-6,-5,3,4,-5,-6,-10,-22
-10,-12,0,10,-6,-5,3,4,-5,-6,-10,-22
-9,-11,0,10,-5,-5,3,4,-5,-6,-10,-22
-9,-11,0,9,-4,-5,3,4,-5,-5,-9,-22
-10,-10,0,10,-5,-4,4,4,-4,-5,-9,-22
-11,-10,1,11,-6,-4,4,5,-4,-5,-8,-21
-11,-10,0,11,-6,-4,4,4,-4,-5,-8,-21
-9,-10,-1,10,-4,-5,3,4,-5,-6,-9,-21
-8,-10,-2,10,-4,-6,3,4,-5,-6,-9,-21
-8,-10,-1,10,-4,-5,3,4,-4,-5,-8,-21
-9,-10,0,10,-5,-5,3,4,-4,-5,-8,-21
-10,-10,1,10,-6,-5,3,5,-3,-5,-7,-21
-10,-10,1,10,-6,-5,3,5,-3,-5,-7,-21
-10,-10,0,10,-5,-5,3,5,-3,-5,-7,-21
-10,-10,-1,10,-4,-5,3,5,-3,-4,-7,-20
-10,-10,-1,10,-5,-5,3,5,-3,-4,-6,-20
-9,-10,-1,9,-4,-5,3,5,-3,-4,-6,-20
-7,-10,-1,9,-3,-6,2,4,-3,-4,-6,-20
-7,-10,-1,8,-3,-6,2,4,-2,-4,-6,-20
-7,-9,0,8,-3,-5,3,4,-2,-4,-5,-20
-8,-9,0,8,-4,-5,3,4,-1,-4,-5,-20
-8,-9,-1,8,-3,-5,2,4,-1,-4,-6,-20
-8,-10,-1,8,-3,-6,2,4,-1,-4,-6,-20
-8,-10,-1,8,-3,-5,2,4,-1,-4,-6,-20
-8,-9,-1,8,-3,-5,2,5,0,-4,-5,-20
-7,-9,-1,8,-2,-5,2,5,0,-3,-5,-20
-6,-8,-2,7,-2,-5,2,5,0,-3,-4,-20
-6,-8,-2,7,-1,-6,1,5,0,-3,-4,-20
-6,-9,-2,7,-2,-6,1,5,0,-3,-4,-20
-7,-9,-1,8,-3,-6,1,6,1,-2,-4,-20
-7,-9,-2,8,-3,-6,1,6,1,-2,-4,-20
-7,-10,-2,8,-2,-6,1,6,1,-2,-4,-20
-7,-10,-2,8,-3,-6,1,6,2,-2,-3,-20
-7,-10,-2,8,-3,-6,1,6,2,-1,-3,-19
-6,-9,-2,7,-2,-6,1,6,3,-1,-2,-18
-4,-8,-3,6,-1,-6,1,6,3,0,-2,-18
-3,-8,-3,6,0,-6,1,5,3,0,-2,-17
-2,-7,-3,5,0,-6,1,5,3,0,-1,-17
-2,-7,-4,4,1,-6,1,5,4,0,-1,-16
-2,-6,-3,4,1,-5,1,6,5,0,0,-16
-2,-6,-3,4,0,-5,1,6,6,1,0,-15
-2,-6,-2,4,0,-4,0,7,7,2,1,-15
-1,-6,-3,3,0,-5,0,7,8,2,1,-15
0,-6,-4,3,1,-5,0,7,8,2,2,-15
0,-5,-4,3,1,-5,0,7,8,3,2,-14
-1,-5,-3,3,1,-5,0,7,9,4,3,-13
-2,-5,-2,4,0,-4,0,8,10,5,4,-12
-2,-5,-2,3,0,-4,0,8,11,6,4,-11
-1,-4,-2,2,0,-4,0,9,12,6,5,-10
0,-4,-2,1,1,-4,0,9,12,7,5,-10
1,-3,-3,1,2,-4,0,9,13,7,6,-10
1,-3,-3,0,2,-4,0,10,14,8,6,-9
1,-3,-3,1,2,-4,0,10,15,8,7,-9
2,-3,-4,0,3,-4,0,11,15,9,8,-8
3,-2,-5,0,5,-4,-1,11,16,9,8,-8
4,-1,-5,-1,5,-4,-1,12,16,10,9,-7
5,-1,-5,-2,6,-3,-2,12,17,10,10,-7
6,0,-5,-3,6,-3,-2,12,18,11,11,-6
6,1,-4,-3,6,-2,-2,13,19,12,12,-5
7,1,-4,-4,6,-2,-2,13,20,13,12,-4
7,1,-4,-4,5,-1,-2,14,20,14,13,-4
7,1,-5,-5,6,-1,-3,14,21,14,13,-3
9,2,-5,-6,7,-1,-3,14,21,15,14,-3
10,2,-6,-6,8,-2,-3,14,22,15,14,-3
11,2,-7,-7,9,-2,-4,14,22,15,15,-3
11,3,-7,-7,9,-2,-5,14,23,16,15,-2
11,3,-6,-7,8,-1,-5,15,23,16,16,-1
11,4,-5,-8,8,-1,-6,15,23,17,17,-1
11,4,-5,-8,8,-1,-6,15,24,18,17,0
11,5,-5,-8,8,0,-6,15,24,18,18,0
11,5,-4,-8,8,0,-6,15,25,19,19,0
13,5,-6,-9,10,0,-7,15,25,19,19,0
14,6,-7,-10,11,0,-7,15,25,19,19,0
13,6,-6,-10,10,0,-6,15,25,19,20,0
13,6,-5,-9,9,0,-6,15,26,20,20,0
13,7,-6,-10,10,0,-7,15,25,20,20,0
14,7,-7,-10,10,0,-7,14,25,19,20,-1
14,6,-7,-10,10,0,-7,14,25,19,20,-1
14,6,-8,-10,11,-1,-7,13,24,19,19,-1
14,5,-8,-10,11,-1,-7,13,24,18,19,-2
14,5,-8,-10,11,-1,-7,12,23,18,18,-2
12,5,-6,-9,9,0,-6,12,23,18,18,-1
11,5,-4,-8,8,0,-6,12,23,18,18,-1
11,5,-4,-8,8,0,-6,11,22,18,18,-1
10,5,-4,-7,7,0,-6,10,21,17,17,-2
8,4,-3,-6,5,1,-5,9,20,17,16,-2
5,3,-1,-4,3,1,-5,8,19,16,16,-2
3,2,-1,-3,2,1,-4,7,17,15,15,-3
3,2,-1,-3,2,1,-4,6,15,14,14,-4
3,2,-1,-3,2,1,-3,5,14,13,13,-5
1,1,0,-1,0,0,-2,4,13,12,12,-5
-1,0,1,0,-1,0,-2,4,12,11,11,-6
-2,-1,2,1,-2,0,-1,3,11,11,10,-6
-3,-1,2,2,-2,0,-1,2,10,10,9,-7
-3,-2,1,2,-2,0,-1,0,8,9,7,-9
-4,-3,0,3,-2,-1,0,-1,7,7,6,-10
-5,-4,1,4,-2,-1,0,-2,6,6,5,-11
-7,-5,2,5,-3,-1,0,-3,5,5,4,-12
-8,-6,2,6,-4,-2,0,-4,3,4,3,-13
-8,-7,2,7,-4,-3,0,-5,2,3,1,-14
-9,-8,1,8,-4,-4,0,-6,0,2,0,-15
-9,-9,0,9,-5,-4,0,-6,-1,1,-1,-15
-10,-10,0,9,-5,-4,0,-7,-1,0,-1,-16
-11,-10,1,10,-6,-3,0,-7,-2,0,-2,-16
-12,-10,2,10,-7,-3,0,-7,-3,0,-2,-16
-13,-10,3,11,-7,-3,0,-8,-3,0,-2,-16
-13,-11,3,12,-7,-3,0,-8,-4,0,-3,-17
-13,-11,1,12,-6,-5,0,-9,-4,-1,-3,-17
-12,-12,0,12,-6,-6,0,-10,-5,-2,-4,-18
-12,-12,0,12,-6,-6,0,-10,-6,-2,-4,-18
-13,-13,0,12,-6,-6,0,-11,-6,-3,-5,-19
-13,-14,0,13,-6,-7,0,-11,-7,-3,-5,-19
-14,-15,0,14,-7,-7,0,-11,-7,-4,-6,-20
-15,-16,0,15,-7,-8,0,-12,-8,-4,-6,-20
-15,-16,0,15,-7,-7,0,-12,-8,-4,-6,-20
-15,-15,1,15,-7,-7,0,-11,-8,-4,-6,-20
-15,-14,1,15,-8,-7,0,-11,-8,-4,-6,-20
-15,-15,0,15,-8,-7,0,-12,-9,-4,-6,-20
-15,-15,0,15,-7,-8,0,-12,-9,-5,-6,-20
-14,-15,-1,15,-7,-8,0,-12,-9,-5,-6,-20
-14,-15,-1,14,-6,-8,0,-12,-9,-5,-6,-20
-13,-16,-2,14,-6,-8,0,-12,-9,-5,-7,-20
-14,-16,-1,15,-6,-8,0,-12,-10,-5,-7,-21
-16,-16,-1,16,-7,-8,0,-13,-10,-5,-7,-21
-17,-16,-1,16,-8,-8,0,-13,-10,-6,-7,-22
-17,-17,-1,17,-8,-8,-1,-13,-10,-6,-7,-22
-17,-17,0,17,-8,-8,0,-13,-10,-5,-7,-22
-17,-17,1,17,-9,-8,0,-13,-10,-5,-7,-21
-17,-17,1,17,-9,-7,0,-13,-10,-5,-7,-21
-16,-16,1,16,-8,-7,0,-13,-10,-5,-7,-21
-14,-16,0,15,-6,-8,0,-13,-10,-5,-7,-21
-14,-16,-1,15,-6,-8,0,-13,-10,-5,-7,-21
-16,-16,0,16,-7,-8,0,-13,-11,-5,-7,-21
-17,-16,0,17,-8,-8,0,-13,-11,-5,-7,-21
-17,-16,0,17,-8,-8,0,-13,-12,-5,-7,-22
-16,-16,0,16,-7,-8,0,-14,-12,-6,-8,-22
-15,-16,0,16,-7,-8,0,-14,-12,-6,-8,-22
-15,-16,0,16,-7,-8,0,-14,-12,-6,-8,-22
-15,-16,0,16,-7,-8,0,-14,-12,-7,-8,-22
-15,-16,0,16,-7,-8,0,-14,-12,-7,-8,-22
-15,-16,0,16,-7,-8,0,-13,-12,-7,-8,-22
-15,-17,0,16,-7,-8,0,-13,-12,-7,-8,-22
-15,-17,-1,16,-7,-8,0,-14,-13,-7,-8,-22
-15,-17,-1,16,-7,-9,0,-14,-13,-7,-9,-23
-16,-17,0,17,-8,-9,0,-14,-13,-7,-9,-23
-17,-17,0,17,-8,-8,0,-13,-12,-7,-8,-22
-16,-16,0,17,-8,-8,0,-13,-12,-7,-8,-22
-15,-16,0,16,-7,-9,0,-13,-13,-7,-9,-22
-15,-16,0,16,-7,-9,0,-13,-13,-7,-9,-22
-17,-17,1,17,-9,-8,0,-13,-12,-6,-8,-21
-20,-17,3,18,-12,-6,1,-12,-12,-6,-7,-20
-20,-16,4,18,-13,-5,1,-11,-11,-6,-7,-20
-20,-16,3,18,-12,-6,1,-11,-11,-6,-7,-20
-19,-16,2,18,-11,-6,1,-11,-11,-6,-7,-20
-19,-16,1,18,-10,-7,1,-11,-11,-6,-8,-21
-19,-17,1,18,-10,-7,0,-11,-11,-6,-8,-21
-19,-17,1,19,-10,-7,0,-11,-11,-6,-8,-21
-20,-17,2,19,-10,-7,0,-11,-11,-6,-8,-21
-20,-17,2,18,-10,-7,0,-12,-11,-6,-8,-21
-19,-17,1,17,-10,-7,0,-12,-11,-6,-8,-21
-18,-17,1,17,-9,-7,0,-12,-11,-6,-8,-21
-19,-17,1,17,-10,-8,0,-12,-11,-6,-8,-20
-19,-17,1,18,-10,-8,0,-11,-11,-6,-8,-20
-19,-17,0,18,-10,-8,0,-11,-11,-6,-8,-20
-18,-17,0,18,-9,-9,0,-11,-11,-6,-8,-20
-18,-17,0,17,-9,-8,0,-11,-11,-6,-8,-20
-18,-17,0,17,-9,-8,0,-11,-11,-5,-8,-20
-18,-17,0,17,-9,-8,0,-11,-11,-6,-8,-20
-17,-17,0,17,-8,-9,-1,-12,-11,-6,-8,-20
-17,-17,0,17,-8,-9,-1,-12,-11,-6,-8,-20
-18,-17,0,17,-9,-8,-1,-12,-10,-6,-7,-20
-19,-17,2,18,-11,-7,-1,-13,-10,-6,-7,-19
-20,-17,3,18,-11,-7,-1,-13,-10,-6,-7,-19
-20,-17,2,18,-11,-7,-1,-13,-10,-6,-7,-19
-20,-17,2,18,-11,-7,-1,-13,-10,-5,-6,-19
-19,-17,2,18,-11,-6,-1,-13,-10,-5,-6,-19
-18,-16,2,17,-10,-6,-1,-13,-10,-5,-6,-19
-17,-16,2,17,-10,-7,-1,-13,-9,-5,-6,-18
-16,-16,1,16,-9,-7,-1,-13,-9,-5,-6,-18
-16,-16,1,16,-9,-7,-2,-14,-10,-5,-6,-18
-16,-16,1,16,-9,-7,-2,-14,-10,-5,-6,-18
-17,-16,0,16,-9,-8,-2,-14,-10,-5,-6,-18
-17,-17,0,17,-9,-8,-2,-14,-10,-5,-7,-18
-17,-17,0,17,-8,-9,-2,-14,-10,-6,-7,-18
-17,-18,0,17,-8,-9,-2,-14,-10,-6,-7,-18
-17,-17,0,17,-8,-9,-2,-14,-10,-6,-7,-18
-16,-16,0,16,-8,-8,-2,-14,-10,-6,-7,-18
-16,-16,0,16,-8,-8,-2,-14,-10,-6,-6,-18
-18,-16,1,18,-10,-7,-1,-14,-9,-5,-6,-18
-20,-18,2,19,-11,-7,-1,-14,-9,-5,-6,-18
-20,-18,1,19,-11,-8,-2,-14,-9,-5,-6,-18
-19,-18,1,18,-10,-8,-2,-14,-9,-5,-6,-17
-20,-18,1,18,-11,-8,-2,-14,-9,-5,-6,-17
-20,-18,1,19,-11,-8,-2,-14,-9,-5,-6,-17
-19,-18,0,19,-10,-9,-2,-14,-9,-5,-6,-17
-18,-18,0,18,-9,-9,-2,-14,-9,-5,-6,-17
-18,-18,0,18,-9,-9,-2,-14,-9,-5,-6,-17
-19,-18,0,18,-10,-9,-2,-14,-9,-5,-6,-17
-18,-18,0,18,-9,-9,-2,-14,-9,-5,-6,-17
-18,-18,-1,17,-9,-9,-2,-15,-9,-6,-7,-17
-17,-19,-2,17,-8,-10,-2,-15,-9,-6,-7,-18
-16,-19,-3,17,-7,-11,-3,-16,-10,-6,-7,-18
-16,-19,-3,17,-6,-11,-3,-16,-10,-7,-8,-19
-17,-19,-2,18,-8,-10,-3,-16,-10,-7,-8,-19
-19,-20,0,19,-10,-10,-3,-16,-10,-7,-8,-19
-20,-19,0,19,-10,-10,-3,-16,-10,-7,-8,-19
-20,-19,1,19,-11,-9,-3,-16,-10,-7,-8,-19
-21,-19,2,20,-12,-9,-2,-16,-10,-7,-7,-18
-22,-20,2,21,-12,-9,-2,-16,-10,-7,-7,-18
-22,-21,2,21,-12,-9,-3,-16,-11,-7,-8,-19
-23,-21,2,22,-13,-9,-3,-16,-11,-7,-8,-19
-23,-21,3,22,-13,-9,-3,-16,-11,-7,-7,-18
-22,-21,2,22,-13,-9,-3,-17,-12,-7,-8,-18
-21,-21,1,21,-12,-10,-3,-17,-13,-8,-8,-19
-21,-21,0,21,-11,-11,-4,-17,-13,-8,-9,-19
-22,-21,0,21,-11,-11,-4,-17,-13,-8,-9,-20
-22,-22,0,22,-11,-11,-4,-17,-13,-8,-9,-20
-22,-22,0,22,-11,-11,-4,-17,-13,-8,-9,-20
-22,-21,0,22,-11,-11,-4,-17,-13,-8,-9,-20
-22,-21,0,22,-11,-10,-4,-17,-13,-8,-9,-20
-21,-21,0,22,-11,-10,-4,-18,-13,-8,-9,-20
-22,-22,0,22,-11,-11,-4,-18,-13,-8,-9,-20
-22,-22,-1,22,-10,-12,-4,-18,-13,-8,-9,-20
-21,-22,-1,22,-10,-12,-4,-18,-13,-9,-9,-20
-21,-22,-1,22,-10,-12,-4,-18,-13,-9,-9,-20
-23,-23,-1,23,-11,-11,-4,-18,-13,-9,-9,-19
-23,-23,0,23,-11,-11,-5,-19,-14,-9,-9,-19
-23,-24,-1,24,-11,-12,-5,-19,-14,-9,-9,-19
-23,-24,-1,24,-12,-12,-5,-20,-15,-9,-9,-19
-23,-24,-1,24,-12,-12,-5,-20,-15,-9,-9,-19
-23,-24,-1,24,-11,-12,-6,-21,-15,-9,-9,-19
-22,-24,-2,23,-10,-12,-6,-21,-15,-9,-10,-19
-22,-24,-1,23,-10,-12,-6,-21,-15,-9,-10,-19
-22,-24,-1,23,-10,-12,-6,-21,-15,-9,-10,-19
-22,-24,-1,23,-10,-12,-5,-21,-15,-10,-10,-19
-22,-24,-1,23,-10,-12,-5,-22,-16,-10,-10,-19
-23,-24,-1,23,-11,-12,-5,-22,-16,-10,-10,-19
-24,-24,0,24,-12,-12,-5,-22,-15,-10,-10,-19
-25,-24,1,25,-13,-12,-5,-22,-15,-9,-10,-18
-25,-24,0,24,-12,-12,-5,-22,-15,-9,-10,-19
-25,-24,0,24,-12,-12,-5,-22,-15,-9,-10,-19
-24,-24,0,24,-11,-12,-5,-22,-15,-10,-10,-19
-25,-25,0,24,-12,-12,-5,-22,-15,-10,-10,-19
-26,-25,0,25,-13,-12,-5,-22,-15,-10,-10,-18
-26,-25,1,25,-13,-11,-5,-22,-15,-10,-10,-18
-26,-25,1,26,-13,-12,-5,-23,-15,-10,-10,-19
-26,-25,0,26,-13,-13,-5,-23,-15,-10,-10,-19
-26,-25,0,26,-13,-13,-5,-23,-15,-10,-10,-19
-26,-25,0,26,-12,-13,-5,-23,-15,-10,-10,-19
-26,-26,0,26,-13,-13,-5,-23,-15,-10,-10,-19
-28,-26,1,27,-14,-13,-5,-23,-15,-10,-10,-18
-28,-26,1,27,-15,-12,-5,-23,-15,-10,-10,-18
-27,-26,1,27,-14,-12,-5,-23,-15,-10,-10,-19
-26,-26,0,26,-13,-13,-5,-23,-15,-11,-10,-19
-25,-26,-1,26,-12,-14,-5,-23,-15,-11,-10,-19
-25,-26,-1,27,-12,-14,-5,-24,-15,-11,-10,-19
-26,-26,-1,27,-12,-14,-5,-24,-15,-11,-10,-19
-25,-26,-1,27,-12,-14,-5,-23,-15,-10,-10,-19
-25,-26,-1,26,-12,-14,-5,-23,-15,-10,-10,-18
-25,-26,-1,26,-12,-14,-5,-24,-15,-10,-10,-18
-27,-26,0,26,-13,-13,-5,-24,-15,-10,-10,-17
-27,-26,0,26,-14,-13,-5,-23,-15,-10,-10,-17
-27,-26,0,26,-14,-13,-5,-23,-15,-10,-9,-16
-26,-25,0,26,-14,-13,-5,-22,-15,-10,-9,-16
-26,-25,0,26,-14,-12,-5,-22,-15,-10,-9,-16
-26,-24,0,26,-14,-12,-5,-22,-14,-10,-9,-16
-26,-24,0,25,-13,-12,-5,-22,-14,-10,-9,-16
-25,-24,0,25,-13,-12,-5,-22,-14,-10,-9,-16
-25,-23,0,24,-13,-12,-5,-21,-14,-9,-9,-16
-25,-23,1,24,-13,-11,-5,-21,-14,-9,-9,-15
-25,-22,1,24,-13,-10,-4,-20,-13,-8,-8,-14
-25,-22,2,24,-14,-10,-3,-19,-12,-7,-8,-13
-25,-22,2,23,-14,-9,-2,-19,-11,-7,-7,-13
-25,-21,3,23,-15,-9,-2,-18,-11,-6,-7,-12
-25,-21,4,23,-15,-9,-1,-18,-11,-6,-6,-12
-25,-21,3,23,-14,-9,-1,-17,-11,-6,-6,-12
-24,-22,2,23,-13,-10,-1,-17,-11,-6,-6,-13
-23,-22,1,23,-12,-11,-2,-18,-11,-7,-7,-13
-22,-22,0,23,-12,-11,-2,-18,-11,-7,-7,-14
-23,-22,0,23,-12,-11,-2,-18,-11,-7,-7,-14
-24,-22,1,24,-13,-11,-3,-17,-10,-6,-7,-13
-24,-22,1,24,-13,-11,-4,-17,-10,-6,-6,-13
-24,-22,2,24,-13,-11,-5,-17,-10,-6,-6,-12
-24,-22,2,24,-13,-10,-6,-17,-10,-5,-5,-12
-24,-21,2,23,-13,-10,-8,-18,-10,-5,-5,-12
-22,-21,1,22,-12,-10,-9,-18,-10,-5,-5,-12
-21,-21,0,21,-11,-10,-10,-19,-10,-5,-5,-11
-20,-21,-1,21,-10,-10,-10,-19,-10,-5,-5,-11
-21,-21,0,21,-11,-10,-10,-20,-10,-5,-5,-11
-23,-22,0,22,-12,-11,-10,-20,-10,-6,-6,-11
-23,-22,0,23,-11,-12,-10,-21,-11,-7,-6,-12
-22,-22,-2,22,-10,-13,-10,-22,-12,-8,-7,-12
-21,-22,-3,22,-9,-13,-10,-22,-13,-8,-7,-13
-22,-23,-3,23,-9,-13,-10,-21,-13,-8,-7,-13
-23,-24,-2,24,-11,-13,-9,-21,-12,-8,-7,-13
-24,-25,-1,25,-12,-13,-9,-21,-12,-8,-8,-13
-24,-25,-2,25,-12,-13,-8,-21,-12,-8,-8,-13
-24,-26,-2,25,-11,-14,-9,-22,-12,-8,-8,-13
-24,-26,-3,25,-10,-15,-9,-22,-13,-8,-8,-13
-23,-27,-4,25,-9,-16,-10,-23,-13,-9,-9,-14
-24,-27,-4,26,-9,-16,-10,-23,-14,-9,-9,-14
-24,-27,-4,26,-10,-16,-10,-23,-14,-10,-10,-15
-25,-27,-4,27,-10,-16,-10,-24,-14,-10,-10,-15
-25,-28,-4,27,-11,-16,-10,-24,-15,-11,-11,-16
-26,-29,-4,28,-11,-17,-10,-24,-15,-12,-12,-16
-27,-30,-4,29,-11,-18,-9,-24,-16,-12,-13,-17
-28,-32,-4,30,-12,-18,-9,-25,-16,-13,-13,-17
-30,-33,-3,32,-13,-18,-8,-25,-17,-13,-14,-17
-33,-33,-1,33,-15,-17,-7,-25,-17,-14,-14,-17
-34,-32,0,33,-17,-16,-7,-25,-17,-14,-14,-18
-35,-32,1,34,-18,-15,-7,-25,-17,-14,-14,-18
-35,-33,1,34,-18,-15,-7,-25,-17,-14,-14,-18
-35,-33,1,33,-18,-15,-7,-25,-17,-14,-14,-18
-34,-32,1,32,-17,-15,-7,-25,-18,-14,-14,-18
-33,-32,0,32,-17,-16,-7,-26,-18,-14,-14,-18
-33,-33,0,33,-16,-16,-8,-26,-19,-15,-15,-18
-33,-34,0,34,-16,-17,-8,-26,-19,-15,-15,-18
-34,-35,-1,34,-16,-18,-9,-26,-19,-16,-16,-18
-35,-35,-1,35,-17,-18,-9,-26,-19,-16,-16,-18
-36,-35,0,36,-18,-18,-8,-25,-19,-16,-16,-18
-36,-35,0,36,-18,-18,-8,-25,-18,-15,-15,-18
-36,-35,0,36,-18,-18,-8,-25,-18,-15,-15,-18
-36,-35,0,36,-18,-17,-8,-25,-18,-15,-15,-17
-36,-35,0,36,-19,-17,-8,-24,-18,-15,-15,-17
-37,-35,1,36,-19,-17,-7,-24,-18,-15,-15,-17
-37,-35,1,37,-19,-17,-7,-24,-18,-15,-15,-18
-37,-35,1,37,-19,-17,-7,-24,-18,-16,-16,-19
-38,-36,1,37,-19,-17,-6,-23,-18,-16,-16,-20
-38,-37,1,37,-20,-18,-5,-21,-18,-16,-17,-21
-39,-38,1,38,-20,-18,-3,-18,-16,-16,-17,-21
-39,-38,1,38,-20,-18,0,-13,-14,-15,-17,-22
-39,-38,1,38,-21,-18,3,-7,-10,-13,-16,-22
-39,-36,3,38,-21,-16,7,0,-5,-10,-14,-21
-40,-33,5,37,-23,-14,10,7,1,-4,-10,-19
-38,-29,7,34,-23,-11,12,15,9,2,-5,-15
-33,-25,7,29,-20,-9,14,25,20,10,2,-11
-25,-20,4,23,-15,-8,15,36,33,19,11,-5
-16,-15,0,16,-9,-7,13,43,43,28,20,0
-7,-10,-3,9,-3,-6,9,44,52,36,29,8
1,-4,-5,2,2,-5,4,45,61,46,40,18
9,1,-7,-5,8,-3,-2,44,69,55,51,28
17,9,-7,-13,12,1,-9,39,75,64,63,40
23,19,-5,-20,14,7,-20,28,78,72,75,52
28,28,0,-28,14,14,-33,11,77,79,86,65
29,37,7,-33,11,22,-46,-10,72,83,94,77
25,45,19,-35,2,33,-58,-34,62,84,100,86
17,51,33,-34,-8,43,-67,-59,47,80,99,91
7,51,43,-29,-18,48,-73,-81,26,66,87,88
-4,41,46,-18,-26,45,-77,-101,-3,42,62,75
-18,26,44,-4,-31,35,-78,-120,-37,11,31,58
-30,10,39,10,-34,24,-78,-135,-70,-20,0,38
-39,-4,33,22,-36,14,-76,-145,-95,-44,-24,20
-44,-15,27,30,-36,5,-73,-147,-108,-60,-40,7
-48,-24,22,36,-35,-1,-69,-141,-110,-67,-48,-1
-50,-32,17,41,-34,-7,-63,-132,-106,-68,-52,-7
-51,-37,13,44,-33,-11,-56,-121,-99,-67,-53,-11
-51,-41,10,46,-32,-14,-49,-109,-90,-63,-52,-12
-52,-41,10,46,-31,-15,-43,-96,-80,-58,-48,-12
-51,-40,10,46,-31,-15,-37,-83,-71,-51,-43,-11
-50,-39,10,45,-30,-14,-32,-72,-61,-45,-38,-10
-48,-38,8,44,-28,-15,-28,-61,-51,-38,-33,-8
-46,-38,6,43,-27,-16,-24,-52,-43,-33,-29,-7
-45,-38,5,42,-26,-16,-20,-45,-36,-29,-26,-6
-43,-39,4,41,-24,-17,-16,-38,-31,-25,-23,-5
-41,-39,1,41,-22,-18,-14,-33,-27,-23,-22,-4
-40,-40,0,40,-20,-20,-12,-29,-24,-21,-21,-4
-40,-40,-1,40,-19,-20,-11,-26,-22,-19,-20,-4
-41,-40,0,41,-20,-20,-10,-24,-21,-18,-19,-4
-42,-41,0,42,-21,-20,-9,-23,-20,-18,-18,-5
-43,-42,0,42,-21,-21,-9,-22,-19,-17,-18,-5
-43,-42,0,43,-21,-21,-9,-22,-18,-17,-18,-5
-44,-43,1,43,-23,-20,-8,-21,-18,-17,-18,-5
-44,-43,1,44,-23,-20,-7,-21,-17,-17,-18,-5
-44,-44,0,44,-22,-21,-6,-20,-17,-17,-18,-5
-44,-44,-1,44,-21,-22,-6,-19,-16,-16,-18,-5
-44,-44,-1,44,-21,-22,-6,-19,-16,-16,-17,-5
-43,-44,-2,44,-20,-23,-7,-19,-15,-16,-17,-5
-43,-44,-2,44,-20,-23,-7,-19,-15,-16,-17,-5
-43,-44,-2,44,-21,-23,-7,-19,-15,-16,-16,-5
-43,-44,-2,44,-21,-23,-7,-19,-15,-16,-16,-5
-42,-45,-2,44,-20,-23,-7,-19,-15,-16,-16,-5
-41,-44,-3,42,-19,-23,-7,-18,-15,-16,-16,-5
-39,-42,-3,40,-18,-22,-6,-17,-14,-15,-15,-5
-37,-40,-3,39,-17,-21,-5,-16,-12,-14,-14,-4
-36,-38,-3,37,-17,-20,-4,-14,-11,-13,-13,-2
-35,-36,-2,35,-16,-19,-3,-13,-9,-12,-12,-1
-32,-33,-2,33,-15,-17,-2,-12,-8,-11,-11,0
-30,-31,-2,30,-14,-16,-1,-10,-7,-10,-10,0
-28,-29,-1,28,-13,-14,0,-9,-7,-9,-9,1
-26,-28,-2,27,-12,-14,0,-9,-6,-9,-9,1
-25,-26,-1,26,-12,-13,0,-8,-6,-8,-8,2
-24,-24,-1,24,-12,-12,1,-7,-5,-7,-7,3
-23,-23,-1,23,-11,-11,1,-7,-4,-7,-7,4
-21,-21,-1,21,-10,-11,1,-7,-4,-6,-7,4
-19,-21,-3,20,-8,-11,1,-7,-4,-6,-7,4
-17,-20,-3,18,-7,-11,1,-7,-3,-6,-7,4
-15,-18,-3,17,-6,-10,1,-6,-3,-6,-7,5
-15,-17,-2,16,-6,-9,2,-6,-2,-5,-6,5
-14,-16,-2,15,-6,-8,2,-5,-2,-5,-5,5
-14,-16,-2,15,-6,-8,2,-4,-1,-4,-5,6
-14,-15,-2,14,-6,-8,2,-3,0,-3,-4,6
-13,-14,-2,13,-6,-7,3,-3,0,-2,-3,7
-12,-13,-2,12,-5,-7,3,-2,1,-2,-3,8
-11,-12,-1,12,-5,-6,4,-2,1,-2,-3,8
-10,-12,-1,11,-5,-6,4,-1,2,-1,-2,9
-10,-11,0,10,-5,-5,4,-1,2,-1,-2,9
-9,-10,0,10,-4,-5,4,-1,2,-1,-1,9
-8,-10,-1,9,-4,-5,4,-1,2,-1,-1,9
-8,-9,-2,9,-3,-5,3,-1,2,-1,-1,9
-7,-9,-2,8,-3,-5,3,0,2,-1,-1,9
-6,-8,-2,7,-2,-5,3,0,3,-1,-1,9
-6,-7,-2,7,-2,-5,3,0,3,-1,-1,9
-5,-7,-2,6,-2,-4,3,0,3,-1,-1,9
-5,-6,-2,6,-2,-4,4,0,3,0,-1,10
-5,-6,-2,6,-2,-3,4,1,4,0,-1,10
-4,-6,-2,6,-1,-3,4,1,4,0,0,10
-3,-5,-2,5,0,-3,4,2,5,1,0,10
-2,-5,-2,4,0,-3,4,2,5,1,0,11
-2,-4,-2,3,0,-3,5,3,6,2,1,12
-1,-4,-2,2,1,-3,5,3,6,2,1,13
0,-3,-2,2,0,-2,5,3,7,2,1,13
-1,-3,-2,2,0,-2,5,3,7,2,1,14
-1,-2,-1,2,0,-1,5,4,8,3,2,14
-1,-2,-1,2,-1,-1,6,4,8,3,2,15
-1,-2,-1,1,0,-1,6,5,9,3,3,15
0,-2,-3,1,2,-2,5,5,9,3,3,15
1,-2,-4,0,2,-3,5,5,9,3,3,15
1,-2,-4,0,3,-3,5,5,9,4,3,15
2,-2,-5,0,4,-3,5,6,9,4,3,15
3,-2,-5,-1,4,-3,5,6,9,4,2,15
3,-2,-5,0,4,-3,5,6,9,4,2,14
2,-2,-5,0,4,-3,5,7,10,4,3,15
2,-2,-4,0,3,-2,5,8,11,5,3,15
1,-1,-3,0,3,-2,5,9,12,6,4,16
2,-1,-3,-1,3,-1,5,10,13,7,5,17
3,0,-3,-1,4,-1,5,10,14,7,6,17
4,0,-4,-2,5,-1,5,10,14,7,6,17
5,0,-4,-3,5,-1,5,10,14,7,6,17
6,1,-4,-3,5,-1,5,11,15,7,6,17
6,1,-4,-3,6,-1,5,11,15,8,7,18
5,1,-4,-3,5,-1,5,12,16,9,7,18
5,1,-4,-3,5,-1,5,13,17,10,8,19
5,2,-4,-3,5,0,5,14,19,11,9,20
5,3,-3,-4,4,0,5,16,20,12,10,20
6,3,-3,-4,5,0,5,17,21,13,11,21
7,4,-4,-5,6,0,4,17,22,13,11,21
8,4,-4,-6,7,0,4,17,22,13,12,22
9,5,-5,-7,7,0,3,17,23,14,12,22
11,5,-5,-8,8,0,3,18,24,14,13,22
12,6,-6,-9,9,0,3,18,25,14,13,23
14,6,-7,-10,10,0,2,19,26,15,13,23
14,7,-7,-10,11,0,2,20,27,16,13,23
13,7,-6,-10,10,1,2,21,28,17,15,24
13,7,-5,-10,10,1,2,22,29,18,16,25
13,7,-5,-10,9,2,1,22,30,19,17,26
13,8,-5,-11,9,2,1,23,30,20,18,27
15,9,-5,-12,10,2,1,23,31,20,19,28
17,12,-5,-15,11,3,1,24,32,21,19,29
20,14,-6,-17,13,4,1,24,33,22,20,29
23,16,-7,-19,15,4,1,25,35,23,21,30
24,17,-7,-20,16,5,1,26,36,24,23,30
26,18,-7,-22,16,6,0,26,37,25,24,31
28,20,-8,-24,18,7,0,27,37,26,25,32
30,22,-8,-26,19,7,0,27,38,27,26,34
31,24,-8,-27,20,8,1,28,38,27,26,35
32,25,-7,-28,19,8,1,28,39,28,27,36
32,26,-6,-28,19,9,1,28,40,28,27,37
32,27,-6,-29,19,10,1,29,41,29,28,37
33,28,-5,-30,20,11,1,29,41,30,28,38
34,29,-6,-31,21,12,1,30,42,30,29,39
36,29,-6,-32,22,12,1,30,42,31,29,39
38,30,-7,-34,24,12,0,29,42,31,29,39
40,31,-8,-35,24,12,0,29,42,31,29,40
39,32,-7,-35,23,13,0,30,42,31,30,41
37,33,-5,-35,21,14,1,30,42,32,30,42
38,34,-5,-35,22,14,0,29,42,31,30,42
39,34,-5,-36,23,14,0,28,41,30,30,41
39,34,-4,-36,22,15,0,28,40,30,30,41
36,34,-2,-35,20,16,2,28,40,31,30,41
34,33,-1,-34,18,16,3,28,40,31,29,41
33,34,0,-34,17,17,3,27,39,30,29,40
33,34,0,-33,17,17,4,26,37,29,28,39
33,33,0,-33,17,17,4,25,35,28,27,39
33,33,0,-33,17,16,4,24,34,27,26,38
32,33,0,-33,16,17,4,23,32,26,25,37
31,33,1,-31,15,17,5,22,31,25,24,36
30,32,1,-30,15,17,5,21,30,24,22,35
30,31,1,-30,15,16,6,20,28,23,21,34
29,30,0,-29,15,15,6,19,27,21,19,32
29,28,0,-28,14,14,6,18,25,20,18,31
28,28,0,-28,14,14,6,17,24,19,17,30
28,28,0,-28,14,14,7,16,23,18,16,30
27,27,0,-27,14,14,7,15,22,17,15,29
26,26,0,-26,13,13,7,14,20,16,14,28
24,24,0,-24,12,13,7,13,19,15,13,27
24,24,0,-24,12,13,8,13,18,14,12,26
25,24,0,-24,13,13,8,12,17,13,12,25
25,24,-1,-24,13,12,8,11,16,12,11,24
25,23,-1,-24,13,12,8,11,15,12,10,24
24,23,-1,-23,12,12,8,10,14,11,10,24
23,22,-1,-23,12,11,8,9,13,11,9,24
23,22,-1,-22,12,11,8,8,12,10,9,23
21,21,0,-21,12,10,8,8,12,10,8,22
20,21,0,-20,11,10,8,7,11,9,8,22
20,20,0,-20,11,10,8,7,11,9,7,21
21,20,-1,-20,11,10,8,7,10,9,7,21
22,20,-2,-20,12,9,8,7,10,8,6,20
22,20,-2,-20,12,9,8,7,10,8,6,20
22,20,-2,-20,12,9,7,6,9,7,5,19
21,20,-2,-20,12,10,7,6,9,7,5,19
20,20,-1,-19,11,10,7,6,9,7,5,19
19,19,-1,-19,11,9,7,6,9,7,5,19
20,19,-1,-19,11,9,7,6,9,6,5,19
20,19,-2,-19,12,9,7,6,9,6,5,19
21,19,-2,-19,12,9,7,6,9,5,5,19
21,19,-2,-19,11,9,7,6,8,5,5,19
20,19,-1,-19,11,9,8,6,8,5,5,19
20,19,-1,-19,11,8,8,6,8,5,5,19
20,18,-2,-19,12,8,8,6,8,5,5,19
20,18,-2,-19,12,8,8,6,8,5,5,18
21,18,-3,-19,13,7,7,6,8,5,5,18
22,18,-4,-20,14,7,7,6,8,5,4,18
22,18,-4,-20,13,7,7,6,8,5,4,18
21,18,-3,-19,12,8,7,6,8,6,5,18
20,18,-2,-19,11,8,6,6,8,6,5,18
20,18,-2,-19,11,8,6,6,8,6,5,18
20,18,-3,-19,12,8,6,5,8,5,5,18
21,18,-4,-19,13,7,5,5,8,5,5,17
21,19,-4,-20,13,8,5,5,8,5,5,17
20,19,-2,-19,11,9,6,6,8,5,5,17
18,18,0,-18,9,9,6,6,8,6,6,18
18,18,0,-17,9,9,6,6,8,6,6,18
19,18,-1,-18,10,8,6,6,7,5,5,17
20,18,-3,-19,12,8,5,5,7,5,5,17
20,18,-3,-19,12,8,5,5,7,5,5,17
20,18,-2,-19,12,8,6,5,7,5,5,18
20,18,-2,-19,12,8,6,5,7,6,5,18
20,18,-1,-19,12,8,6,5,7,6,5,18
21,18,-2,-19,13,7,5,5,7,5,4,18
22,18,-4,-19,14,7,5,5,7,5,4,18
21,18,-3,-19,13,7,6,5,7,5,4,18
20,18,-2,-19,11,8,6,6,8,6,4,19
19,18,-1,-19,11,9,6,6,8,6,5,20
19,18,-1,-19,11,9,6,6,8,6,5,20
19,18,-1,-19,11,9,6,6,8,5,5,20
19,18,-1,-19,11,9,7,6,8,5,5,20
20,18,-1,-19,11,9,7,6,8,5,5,20
20,18,-1,-19,11,9,6,6,7,4,5,19
21,18,-3,-19,12,8,6,6,7,4,4,18
22,18,-4,-19,13,7,5,6,7,3,4,18
21,18,-4,-20,13,7,5,7,7,4,4,18
20,18,-2,-20,12,8,6,7,8,5,5,18
20,18,-2,-20,12,8,7,8,8,5,5,19
19,18,-1,-20,11,9,7,8,8,6,5,19
19,18,-1,-19,10,9,7,8,8,6,5,19
19,18,-1,-19,10,9,7,8,8,6,5,19
19,18,-1,-19,10,9,7,8,8,6,4,19
19,19,0,-19,10,10,7,8,8,6,4,19
19,19,-1,-19,11,9,7,8,8,6,4,19
21,19,-2,-20,12,9,7,8,8,5,3,19
22,20,-2,-21,12,9,7,7,8,5,3,19
22,20,-2,-21,13,9,6,7,7,4,2,18
22,20,-1,-21,13,9,6,7,7,4,2,18
21,20,-1,-20,12,10,7,8,8,5,2,19
21,20,0,-20,11,10,7,8,8,5,2,19
21,20,-1,-20,12,10,7,8,8,5,2,19
21,20,-1,-20,11,10,7,8,8,5,2,19
20,19,-1,-20,11,10,7,8,8,5,2,19
20,19,-1,-20,10,10,7,8,8,5,2,18
20,20,-1,-20,10,10,7,8,9,5,1,18
21,20,-1,-21,11,9,7,8,9,5,1,18
22,20,-2,-21,12,9,7,8,9,5,1,18
23,21,-2,-22,13,9,7,8,9,5,1,18
23,21,-2,-22,12,9,7,8,9,6,1,18
21,21,-1,-21,11,10,8,9,10,6,2,19
19,21,0,-20,10,11,8,9,10,7,2,19
19,20,0,-19,10,11,8,10,10,7,2,20
19,20,1,-20,9,11,8,10,10,7,2,20
19,20,1,-20,9,11,8,10,10,7,2,20
19,20,0,-20,10,10,8,10,10,7,2,20
19,20,0,-19,9,10,8,10,11,7,2,20
19,20,0,-19,9,10,8,11,11,7,2,20
20,20,0,-19,10,10,8,11,10,7,2,20
20,20,0,-20,10,10,8,10,10,6,2,19
21,20,-1,-20,11,10,7,10,10,6,2,19
21,20,-1,-21,12,9,7,10,10,6,2,19
21,20,-1,-21,12,9,7,10,10,6,3,19
21,20,-1,-21,12,9,7,10,10,6,3,20
21,20,-1,-21,12,9,7,10,10,6,3,20
21,20,-1,-20,11,9,7,10,11,6,3,20
21,20,-1,-20,11,9,7,10,11,6,3,20
21,20,-2,-20,12,9,7,9,10,6,3,20
21,19,-3,-20,12,8,7,9,10,5,3,20
21,19,-2,-20,12,8,7,9,10,5,3,20
21,19,-2,-20,11,8,7,9,10,5,2,20
21,19,-2,-20,12,8,6,9,9,5,2,20
22,19,-3,-21,13,8,6,9,9,5,2,19
23,19,-4,-21,13,7,6,9,9,5,2,19
23,19,-4,-21,14,7,6,9,9,5,2,19
22,19,-3,-20,13,7,6,9,9,5,2,19
20,18,-2,-19,12,7,6,8,9,5,2,19
20,18,-3,-19,12,7,6,7,9,4,2,19
21,18,-4,-20,13,7,5,7,8,4,1,19
22,17,-4,-20,14,6,4,7,8,3,1,18
22,17,-4,-20,14,6,5,7,9,3,1,18
21,17,-3,-19,13,7,5,7,9,3,1,18
20,17,-2,-18,12,7,5,8,9,3,1,18
19,17,-2,-18,11,7,5,8,9,3,1,18
19,17,-2,-18,11,7,5,8,8,3,1,18
19,17,-2,-18,11,7,5,8,8,3,1,18
18,17,-1,-17,10,7,5,8,8,3,1,19
17,17,-1,-16,9,7,5,8,8,3,1,19
17,17,0,-16,9,7,5,8,8,4,1,19
17,17,-1,-17,10,7,5,8,8,4,2,19
18,17,-2,-17,11,7,4,7,8,4,2,18
19,17,-3,-18,11,7,4,7,7,3,1,18
20,17,-3,-18,12,7,4,7,7,3,1,18
20,17,-4,-18,13,6,4,7,7,3,1,18
21,17,-5,-19,14,6,4,6,7,3,1,17
22,17,-6,-19,14,5,3,6,7,3,1,17
21,16,-5,-18,13,6,3,6,7,3,1,17
19,16,-4,-18,12,6,3,6,7,3,2,17
19,16,-4,-17,11,6,3,6,7,3,2,17
19,15,-4,-17,11,6,4,6,6,3,2,17
19,15,-4,-17,11,6,4,6,6,3,2,17
19,16,-3,-17,11,7,5,7,6,4,2,18
18,16,-2,-16,10,7,5,7,6,4,2,18
17,16,-2,-16,10,7,5,7,6,4,2,19
18,16,-2,-17,10,6,4,7,6,4,2,19
19,17,-2,-18,11,7,4,7,6,4,2,19
18,17,-2,-18,11,7,4,7,6,4,2,19
18,16,-2,-17,11,7,3,7,6,3,1,19
18,16,-2,-17,11,7,3,7,6,3,1,18
18,16,-3,-17,11,7,3,6,6,3,1,18
19,16,-3,-17,11,7,3,6,6,3,1,18
19,16,-3,-17,11,7,3,6,6,3,1,18
18,15,-3,-16,10,6,3,6,6,3,1,18
17,15,-2,-16,10,6,3,6,6,3,1,18
17,15,-2,-16,10,6,3,6,5,3,1,18
17,15,-2,-16,10,6,3,6,5,3,1,17
17,15,-3,-16,10,6,3,6,5,3,1,17
17,14,-3,-16,10,6,3,6,5,3,1,17
17,14,-3,-15,10,6,3,6,5,3,1,17
16,14,-2,-15,9,6,3,7,5,3,2,18
17,14,-2,-16,10,6,3,6,5,3,2,18
18,15,-3,-17,10,6,2,6,4,3,2,18
18,15,-3,-17,10,6,2,6,4,3,3,18
17,15,-3,-16,10,6,2,6,4,3,5,18
17,14,-3,-16,9,6,2,6,5,3,6,18
17,14,-3,-16,9,6,2,6,5,3,7,18
17,15,-3,-16,10,6,2,6,5,3,8,17
18,15,-3,-16,10,6,2,6,5,2,8,17
18,15,-3,-16,10,6,2,6,5,2,9,18
18,14,-3,-16,10,6,2,6,5,2,9,18
19,14,-4,-16,11,6,2,6,5,2,9,18
18,14,-5,-16,11,5,2,6,5,2,9,18
17,14,-4,-15,10,5,2,6,5,2,9,18
16,14,-4,-15,10,6,2,6,5,2,10,19
17,14,-4,-15,10,6,2,6,4,2,10,19
17,13,-3,-15,10,6,2,5,4,2,10,19
16,13,-2,-15,9,6,2,5,4,2,10,19
16,13,-2,-15,9,6,2,5,4,3,10,19
18,14,-4,-16,11,5,2,5,4,2,10,19
20,14,-6,-17,13,4,2,4,3,2,9,18
20,14,-6,-17,13,4,2,4,3,1,9,18
18,13,-5,-16,11,5,2,4,3,1,10,19
17,14,-3,-15,9,6,2,5,4,2,10,19
17,14,-2,-15,9,6,2,5,4,2,10,19
17,15,-2,-16,9,6,3,5,4,2,10,19
17,15,-1,-16,9,7,3,6,5,3,11,20
17,15,-1,-16,9,8,4,7,6,4,12,21
18,16,-1,-17,10,9,5,8,7,4,13,21
19,17,-2,-18,10,9,5,9,7,4,13,21
20,18,-2,-19,11,9,6,9,8,4,14,22
21,19,-2,-20,11,9,6,9,8,4,14,22
21,20,-2,-20,12,9,6,9,8,4,14,22
22,20,-2,-20,12,9,6,9,8,5,14,22
21,19,-1,-20,11,9,7,10,8,5,14,22
20,19,-1,-19,10,9,7,10,9,5,14,22
19,18,-1,-18,10,9,8,10,9,5,14,22
19,17,-2,-18,10,8,8,10,9,5,14,22
20,17,-3,-19,12,8,7,10,8,5,14,22
22,18,-4,-20,13,7,6,9,8,6,14,23
23,18,-5,-20,14,7,5,9,8,6,14,23
23,18,-4,-20,14,7,4,9,9,7,15,23
23,19,-4,-21,14,8,3,9,9,7,15,24
24,19,-4,-22,14,8,2,9,10,8,16,24
24,20,-4,-22,14,8,1,9,10,8,16,24
25,20,-5,-22,15,8,0,8,10,8,17,24
24,20,-4,-22,14,8,0,8,10,9,17,24
24,19,-4,-22,14,8,0,7,10,9,16,24
24,19,-5,-21,14,7,-1,6,9,8,16,24
24,18,-6,-21,15,6,-1,5,8,7,15,23
24,18,-6,-21,15,6,-1,4,7,6,15,23
25,18,-7,-22,16,6,-1,3,6,5,15,22
25,18,-7,-22,16,6,-1,3,6,5,14,22
26,18,-8,-22,17,6,-1,3,5,5,14,21
26,18,-8,-22,17,6,-1,3,5,5,13,21
25,18,-8,-22,17,6,0,3,5,5,13,21
25,17,-8,-21,16,5,0,3,5,5,13,21
24,16,-8,-21,16,5,0,3,5,5,13,20
25,16,-8,-21,16,5,0,2,5,4,13,20
25,16,-9,-21,17,4,0,2,5,4,12,20
24,16,-8,-20,16,5,0,2,5,4,12,20
23,16,-7,-20,15,5,0,2,5,4,12,20
23,16,-7,-20,15,5,0,2,4,4,12,20
23,15,-8,-20,15,4,0,1,4,3,11,19
22,15,-8,-19,15,4,0,0,3,2,11,18
21,14,-8,-18,15,4,0,0,3,2,11,17
20,13,-7,-16,14,4,1,0,3,1,11,17
18,12,-6,-15,12,4,1,0,3,1,11,17
15,12,-4,-14,9,5,2,0,3,1,11,17
14,11,-3,-13,8,5,2,0,2,1,10,17
13,10,-3,-12,8,4,1,0,2,0,10,16
13,10,-3,-12,8,4,1,-1,1,0,9,15
13,10,-3,-12,8,4,1,-1,1,0,9,15
14,11,-3,-12,9,4,1,-1,1,-1,9,16
14,11,-4,-12,10,4,1,-2,1,-1,9,15
15,11,-4,-12,10,4,1,-2,1,-1,8,15
15,10,-4,-12,10,4,1,-2,1,-1,8,15
15,10,-4,-12,10,4,1,-2,1,-1,8,15
15,10,-4,-12,9,4,1,-2,1,-1,8,14
14,10,-3,-12,9,4,1,-2,1,-1,8,14
13,10,-3,-12,8,4,1,-2,1,-1,8,14
14,10,-3,-12,9,3,1,-3,1,-1,8,14
15,10,-4,-12,10,3,1,-3,0,-1,8,14
15,10,-4,-12,10,3,1,-3,0,-1,8,14
15,9,-5,-12,10,3,2,-3,0,-1,8,14
15,9,-6,-12,11,2,2,-3,0,-1,8,13
15,9,-5,-12,10,2,3,-2,0,0,8,13
12,9,-3,-11,8,3,4,0,1,0,8,13
11,8,-2,-10,7,3,6,2,2,0,8,13
10,8,-2,-10,7,3,9,6,4,1,8,12
9,8,-1,-9,5,4,12,11,7,2,8,12
7,9,0,-9,3,6,16,17,11,5,10,12
8,11,2,-10,2,8,20,25,17,9,13,14
11,14,3,-13,4,10,22,32,24,15,18,16
17,19,2,-18,7,11,23,40,33,21,24,20
23,24,1,-23,10,13,25,51,44,30,31,24
30,29,-1,-29,15,14,25,61,56,38,39,29
39,34,-5,-36,22,14,23,65,65,46,48,35
48,39,-8,-43,28,15,18,66,74,55,58,43
57,45,-12,-51,35,17,12,65,83,64,69,52
66,52,-14,-59,41,19,5,63,91,73,80,62
74,60,-13,-68,44,24,-4,56,96,81,91,73
80,70,-9,-75,45,31,-15,42,98,89,103,86
83,79,-3,-81,44,38,-28,23,97,95,113,99
81,88,6,-85,38,47,-41,0,90,98,120,110
75,95,20,-86,28,58,-52,-25,78,97,123,118
66,99,32,-83,17,66,-61,-49,60,90,118,120
54,94,39,-74,7,67,-67,-71,36,72,101,110
41,81,39,-62,1,61,-69,-91,4,45,74,91
29,64,34,-47,-2,50,-69,-108,-30,13,42,67
19,48,29,-34,-5,39,-68,-122,-60,-14,14,46
12,34,23,-23,-5,30,-66,-128,-80,-35,-7,29
7,24,17,-16,-5,22,-61,-126,-88,-46,-19,17
3,17,14,-11,-5,16,-56,-118,-86,-50,-24,9
0,12,11,-7,-5,12,-49,-107,-81,-50,-26,5
-1,8,9,-4,-5,9,-43,-95,-74,-47,-26,2
-1,7,8,-3,-4,8,-36,-83,-65,-42,-23,1
0,7,6,-4,-2,7,-30,-70,-56,-37,-20,2
3,8,5,-6,0,7,-25,-58,-47,-31,-15,3
4,9,5,-7,0,7,-19,-47,-36,-25,-10,4
6,9,3,-8,2,7,-15,-37,-27,-19,-5,5
8,9,1,-9,4,6,-11,-28,-20,-15,-2,5
10,9,0,-10,5,5,-7,-21,-14,-11,0,6
11,10,-1,-11,6,5,-4,-15,-9,-8,3,7
11,10,-1,-11,7,5,-2,-11,-6,-5,5,8
11,9,-2,-11,7,5,0,-7,-4,-3,6,8
11,9,-2,-10,7,4,0,-5,-2,-2,7,7
12,8,-4,-10,8,3,1,-4,-1,-2,7,6
12,7,-5,-10,9,2,1,-3,0,-2,7,5
12,7,-5,-10,9,2,2,-3,0,-2,7,5
12,7,-6,-10,9,2,2,-2,1,-2,7,4
13,7,-6,-10,9,2,2,-2,1,-2,6,4
12,7,-6,-10,9,2,2,-1,1,-1,6,4
11,7,-5,-9,8,2,3,0,2,-1,7,5
11,7,-4,-9,8,2,3,0,2,0,8,5
11,6,-5,-9,8,1,3,1,3,0,8,5
12,6,-6,-9,9,1,3,1,3,0,8,5
12,6,-6,-9,9,1,3,1,3,0,8,5
12,6,-6,-9,9,1,3,1,4,0,8,5
12,6,-6,-9,9,1,3,1,4,0,8,6
12,6,-6,-9,9,1,3,1,4,0,8,6
13,6,-6,-9,10,1,3,2,4,0,8,6
13,6,-6,-9,10,1,3,2,4,0,8,7
14,7,-6,-10,10,1,3,2,4,1,8,7
14,7,-6,-10,10,1,3,2,4,1,8,8
14,7,-6,-11,10,1,3,2,5,1,8,8
14,7,-6,-11,10,1,3,2,5,1,8,8
14,7,-7,-10,10,0,3,3,6,1,8,8
14,7,-8,-10,11,0,3,3,6,2,8,8
14,7,-8,-11,11,0,3,3,6,2,8,8
15,7,-8,-11,12,0,4,4,6,3,8,8
15,7,-8,-11,12,0,4,4,6,3,8,8
15,6,-8,-11,12,0,4,5,6,3,9,8
15,6,-8,-11,12,0,4,5,6,3,9,8
16,7,-8,-11,12,0,4,4,7,3,9,8
16,7,-8,-12,12,0,4,4,7,3,9,9
16,8,-7,-12,12,0,4,4,7,3,9,9
15,8,-7,-11,11,1,4,4,7,3,9,9
13,7,-6,-11,9,1,4,4,8,3,9,9
12,7,-5,-10,8,1,4,4,8,3,9,10
12,6,-5,-9,8,1,4,4,8,3,9,10
13,6,-6,-10,9,0,4,5,8,3,9,10
14,7,-6,-11,10,1,5,5,9,3,9,10
15,8,-6,-11,11,1,5,5,9,3,9,10
16,8,-7,-12,12,1,5,5,9,2,9,10
16,8,-8,-12,12,1,4,5,9,2,9,10
17,8,-8,-12,13,1,4,5,9,2,9,10
16,9,-7,-12,12,1,5,5,9,3,10,10
16,9,-6,-12,11,2,5,6,9,3,10,10
16,9,-7,-13,12,1,4,6,9,3,10,10
17,9,-7,-13,12,1,4,6,9,2,10,9
17,9,-7,-13,13,1,3,6,9,2,10,9
17,10,-7,-13,12,2,4,6,10,3,10,9
16,10,-6,-13,11,3,4,6,10,3,10,9
16,11,-6,-13,11,3,4,7,11,3,10,10
17,11,-6,-13,12,2,4,7,11,3,10,10
18,11,-7,-14,12,2,4,7,11,4,11,10
18,11,-7,-14,12,2,4,7,12,4,11,10
18,11,-7,-14,13,2,4,7,12,5,11,10
17,10,-7,-14,12,2,4,7,12,5,11,10
17,10,-6,-13,12,2,4,8,13,6,11,10
17,10,-7,-14,12,2,4,8,13,6,11,10
18,10,-7,-14,13,2,4,8,13,6,11,10
19,11,-7,-15,13,2,4,8,14,6,12,11
19,11,-8,-15,14,2,4,8,14,6,12,11
20,11,-8,-15,14,2,4,8,14,6,12,11
20,11,-9,-16,15,2,4,9,14,6,12,11
21,12,-9,-16,15,2,4,9,14,7,12,12
21,12,-9,-16,15,2,4,9,15,7,13,12
22,12,-9,-16,16,2,4,10,15,7,13,12
22,12,-9,-17,16,2,4,11,16,8,14,12
23,13,-9,-18,17,2,4,11,16,8,14,13
22,13,-9,-17,16,2,4,11,17,8,14,13
21,13,-8,-17,15,2,4,11,17,8,14,14
20,12,-8,-16,14,2,4,12,18,9,15,14
19,12,-7,-16,13,3,4,12,18,10,16,15
20,13,-8,-17,14,3,4,13,19,10,16,15
22,14,-8,-18,15,3,4,13,19,11,17,15
22,14,-7,-18,15,4,4,14,20,11,17,15
22,14,-8,-18,15,4,4,14,20,12,17,15
23,14,-8,-18,16,4,3,15,21,12,17,15
24,15,-9,-19,17,4,3,16,21,13,18,16
25,16,-10,-20,18,3,3,16,22,14,18,16
26,16,-10,-21,18,3,2,17,23,14,18,17
26,17,-9,-21,18,4,2,17,24,15,19,18
25,17,-7,-21,17,5,3,18,25,16,20,19
24,17,-7,-21,16,5,3,19,26,17,21,20
25,18,-7,-22,17,6,3,20,27,17,22,20
27,19,-8,-23,18,6,3,20,27,18,23,21
28,19,-8,-24,18,6,3,21,28,18,23,21
27,19,-7,-24,18,6,3,22,29,19,24,22
27,19,-7,-23,18,6,2,22,30,19,25,22
27,20,-7,-24,18,6,2,22,31,20,25,23
30,21,-9,-25,19,6,1,23,32,20,26,23
32,21,-10,-26,21,6,1,23,33,21,27,24
33,21,-11,-27,22,6,0,24,34,21,27,24
34,22,-11,-28,23,6,0,24,34,22,28,24
34,23,-11,-29,23,6,0,24,34,22,28,25
34,24,-11,-29,23,6,-1,25,34,22,29,25
35,24,-11,-29,23,6,-1,25,35,23,29,26
35,24,-11,-30,24,6,-1,25,35,23,30,26
37,25,-11,-31,24,7,-1,25,36,24,31,27
38,26,-11,-32,25,8,-1,25,36,24,32,27
37,26,-10,-32,24,9,-1,26,37,25,32,28
36,26,-10,-31,24,9,-1,26,37,26,33,28
36,26,-9,-31,23,9,-2,27,38,26,33,29
36,27,-9,-32,23,9,-2,27,38,27,34,29
37,27,-9,-32,24,9,-3,27,38,27,34,30
37,28,-9,-32,23,10,-3,27,38,28,34,30
37,28,-8,-32,23,10,-3,27,38,28,34,30
38,28,-9,-33,24,10,-4,26,38,28,34,30
39,28,-10,-33,25,10,-4,26,38,28,35,30
38,28,-9,-33,24,10,-4,26,38,28,35,31
37,28,-8,-32,23,11,-4,26,38,28,35,31
36,28,-8,-32,22,10,-4,26,38,28,35,31
36,29,-8,-32,22,10,-4,25,38,28,35,30
36,29,-7,-32,22,11,-4,24,37,28,35,30
35,28,-6,-31,21,11,-4,24,36,28,35,30
34,28,-6,-31,20,12,-4,23,35,28,34,30
33,28,-5,-30,20,12,-4,22,34,27,33,29
32,27,-4,-29,18,12,-4,21,33,27,32,28
31,27,-4,-29,18,11,-3,20,32,26,31,28
31,26,-5,-28,18,11,-3,18,30,24,30,27
29,25,-4,-27,17,10,-2,17,29,23,29,26
26,24,-3,-25,15,10,-2,16,27,22,28,25
25,22,-2,-23,14,10,-2,15,25,21,27,24
24,21,-2,-22,14,10,-2,14,24,20,25,22
24,21,-2,-22,14,10,-1,13,22,20,24,21
23,20,-2,-21,13,10,-1,12,21,19,23,20
22,20,-2,-20,13,9,0,11,19,18,22,19
21,19,-2,-19,12,9,0,9,18,17,20,18
20,18,-2,-19,12,8,0,8,16,15,19,17
19,17,-2,-18,11,8,0,7,14,14,18,17
17,16,-1,-16,10,7,0,6,13,13,17,16
16,14,-1,-15,9,7,0,5,12,12,16,15
15,13,-1,-14,8,6,0,4,11,11,15,13
14,12,0,-13,8,6,1,3,10,11,14,12
13,12,0,-12,7,5,1,3,9,10,13,12
12,11,0,-11,7,5,1,2,8,10,12,11
11,11,0,-10,6,5,1,2,7,9,12,11
11,10,0,-10,6,5,1,1,6,9,11,10
10,10,0,-10,6,5,1,1,5,8,11,10
9,10,0,-9,4,6,2,1,5,8,11,10
9,9,0,-9,4,6,2,0,4,7,10,9
10,9,-1,-9,5,4,2,0,3,6,9,8
9,8,-1,-8,5,3,2,0,3,6,9,7
8,7,-1,-7,4,3,3,0,3,5,8,7
7,6,-1,-6,4,3,3,-1,2,5,8,6
7,5,-1,-6,4,2,2,-1,1,4,7,6
7,5,-1,-6,4,2,2,-2,1,4,7,6
7,5,-1,-6,4,2,2,-2,1,3,7,6
6,6,0,-6,4,3,3,-2,1,3,7,6
6,6,0,-6,3,3,3,-2,1,3,7,6
7,6,0,-6,4,3,3,-2,1,3,7,5
9,6,-2,-7,6,3,2,-2,0,3,7,4
9,6,-2,-7,6,3,2,-2,0,2,7,4
7,6,-1,-6,4,3,3,-2,0,2,7,4
5,6,0,-6,3,4,3,-2,0,3,7,4
6,6,0,-6,3,4,3,-2,0,3,7,4
6,6,0,-6,3,4,4,-2,0,3,7,4
6,6,0,-6,3,3,4,-2,0,3,6,4
6,5,-1,-5,4,2,4,-2,0,3,6,3
7,5,-2,-6,5,2,4,-2,0,3,6,3
7,5,-1,-6,5,2,4,-2,0,3,6,3
7,5,-1,-6,5,3,4,-2,0,3,6,4
7,5,0,-6,4,3,3,-2,0,2,6,4
6,5,0,-6,4,3,3,-2,-1,2,6,4
6,5,0,-6,4,3,3,-2,-1,2,6,4
6,5,0,-6,4,3,3,-2,-1,2,6,4
7,5,0,-6,4,3,3,-2,-1,2,6,4
7,6,-1,-6,5,3,3,-2,-1,2,6,4
7,6,0,-6,4,3,3,-2,-1,2,6,4
6,5,0,-5,4,3,3,-2,-1,2,6,4
5,5,0,-5,3,3,3,-2,-1,2,6,4
5,5,0,-5,3,3,3,-3,-1,2,6,4
6,5,0,-5,3,2,3,-3,-1,2,6,4
5,5,-1,-5,3,2,3,-2,-1,2,6,4
5,4,0,-4,3,2,3,-2,0,2,6,4
4,4,0,-4,2,3,4,-2,0,2,6,5
4,4,1,-4,2,3,4,-2,-1,2,6,4
5,4,1,-5,2,3,3,-2,-1,2,5,4
6,5,0,-5,3,3,3,-2,0,2,6,5
6,5,0,-5,3,3,3,-2,0,2,6,5
6,5,0,-5,4,2,3,-2,0,2,6,5
5,5,0,-5,3,2,3,-2,0,2,6,5
5,5,0,-5,2,2,3,-2,0,2,6,5
5,5,0,-5,3,2,3,-2,0,1,5,4
7,5,-1,-6,4,1,3,-2,-1,1,5,4
7,4,-2,-6,5,1,3,-2,-1,1,5,4
6,4,-1,-5,4,1,3,-2,-1,1,5,5
4,4,1,-4,2,2,4,-1,-1,2,6,6
3,4,2,-3,1,3,5,-1,-1,2,6,6
2,4,2,-3,0,3,5,-1,-1,2,6,6
2,4,2,-3,0,2,5,-1,-1,2,5,6
2,4,2,-3,1,2,5,-1,-1,2,5,6
4,5,1,-4,2,2,5,-1,0,3,5,7
5,5,1,-5,3,2,5,-1,0,3,5,7
5,5,1,-5,3,2,5,-1,0,3,5,8
4,5,1,-4,2,3,5,-1,0,3,5,8
2,4,2,-3,1,3,5,-1,0,3,6,8
1,4,2,-3,0,2,5,-1,-1,2,6,8
2,4,1,-4,1,3,5,0,-1,2,6,9
4,6,1,-5,2,3,5,0,0,3,6,9
6,6,0,-6,3,3,5,0,0,3,6,10
6,5,0,-5,4,2,5,0,0,2,6,10
5,4,0,-4,3,2,5,0,0,2,6,10
3,4,1,-3,2,2,5,0,0,3,6,10
3,5,1,-4,2,3,5,0,0,3,6,10
4,6,1,-5,2,3,5,0,0,4,6,10
5,6,1,-5,2,3,5,0,0,4,6,10
3,6,2,-4,1,4,6,1,1,4,7,11
3,5,3,-4,0,4,6,1,1,4,7,11
3,5,4,-4,0,4,6,1,1,4,7,11
2,5,4,-3,0,4,6,1,1,4,7,11
2,5,4,-3,0,4,6,0,0,4,7,11
2,5,3,-3,1,3,6,0,0,4,7,10
3,5,2,-3,2,3,6,0,0,4,7,10
4,6,2,-4,2,3,6,0,0,4,7,10
5,6,1,-5,3,3,6,0,0,4,7,10
5,6,1,-5,3,3,6,0,0,4,7,10
5,6,0,-5,3,2,6,0,0,4,7,9
5,6,1,-5,3,3,6,0,0,4,7,9
5,6,1,-5,3,3,6,0,0,4,7,9
5,6,2,-5,3,3,6,0,1,4,7,9
5,6,2,-5,3,3,6,0,1,4,7,9
5,6,2,-5,3,3,6,0,0,4,7,9
5,6,1,-6,3,3,6,0,0,4,7,9
5,6,1,-6,3,3,6,0,0,4,7,9
4,6,2,-5,2,3,6,0,0,5,7,9
3,6,3,-5,1,4,6,1,0,5,7,10
3,6,4,-5,1,4,5,1,0,5,7,10
4,6,3,-5,1,4,5,1,0,5,7,10
6,6,1,-6,3,3,4,0,0,4,7,9
7,5,0,-6,5,2,4,0,0,3,6,8
6,4,-1,-5,4,1,4,0,-1,3,6,8
4,3,0,-3,2,2,4,0,-1,3,6,8
3,4,2,-3,1,3,5,0,0,3,6,8
3,5,2,-4,1,3,5,0,0,4,6,8
4,5,2,-4,2,3,5,0,0,4,6,8
5,5,1,-5,2,3,5,0,0,4,6,8
5,5,1,-5,3,3,5,0,0,4,6,8
5,5,0,-5,3,3,5,0,-1,4,6,8
5,5,0,-5,3,2,5,0,-1,5,6,8
5,5,0,-4,2,2,5,0,-1,6,6,8
4,4,0,-4,2,2,5,0,-1,6,6,7
5,4,0,-4,3,2,5,0,-1,6,6,7
6,4,0,-4,4,2,5,0,-1,6,6,7
6,4,-1,-5,5,1,4,0,-1,6,6,7
7,3,-3,-5,6,0,4,0,-1,6,6,7
7,3,-3,-4,6,0,4,0,-1,6,6,7
5,3,-1,-4,4,1,5,0,0,6,6,7
4,4,0,-4,3,1,5,0,0,6,6,7
4,4,0,-4,3,1,5,0,0,5,6,7
4,4,0,-4,3,1,4,-1,-1,5,5,7
5,4,0,-4,3,1,4,-1,-1,5,5,7
5,4,0,-4,3,2,4,-1,-2,5,5,6
5,5,1,-4,3,3,4,-1,-2,5,5,6
4,4,1,-4,2,2,4,-1,-2,5,5,6
4,4,1,-4,2,2,4,-1,-2,4,5,6
4,3,1,-4,2,1,4,-1,-2,4,5,6
3,3,1,-4,2,1,4,-1,-2,4,5,6
4,3,0,-4,2,1,4,-1,-2,4,4,6
4,3,0,-4,3,1,4,-1,-2,4,4,6
4,3,0,-4,3,2,5,-1,-2,4,5,5
5,4,0,-4,3,2,5,-1,-2,4,5,5
6,4,0,-5,4,2,4,-2,-2,3,4,5
7,4,-1,-6,5,1,4,-3,-3,3,4,5
6,5,0,-5,4,1,4,-3,-3,3,4,5
5,5,0,-5,3,1,4,-3,-3,3,4,5
5,5,0,-5,3,2,4,-3,-3,3,4,5
4,4,1,-4,2,2,4,-3,-3,3,4,5
3,4,1,-3,2,2,4,-3,-4,3,4,5
3,4,1,-3,2,2,4,-3,-4,3,4,5
3,4,2,-3,2,2,4,-3,-4,3,4,5
3,4,2,-3,2,3,5,-3,-4,3,4,5
3,4,2,-3,1,3,5,-2,-4,3,4,5
3,4,1,-4,2,3,5,-2,-4,3,3,5
4,4,1,-4,2,3,5,-3,-4,2,3,4
4,4,1,-4,2,3,4,-3,-5,2,3,4
4,3,1,-3,1,2,4,-3,-5,2,3,4
3,3,1,-3,1,2,4,-3,-5,2,3,4
4,3,1,-3,2,2,4,-3,-5,2,3,5
4,4,1,-3,2,2,4,-3,-5,2,3,5
4,4,1,-3,2,2,4,-3,-5,2,3,5
3,3,1,-3,2,1,4,-4,-5,2,2,4
3,3,1,-3,2,1,4,-4,-5,1,2,3
4,3,1,-3,2,2,4,-4,-5,1,2,3
3,3,1,-3,1,2,4,-4,-5,1,2,2
2,3,2,-2,0,2,4,-4,-6,1,2,2
2,3,3,-2,0,2,4,-4,-6,1,2,1
1,3,3,-2,0,2,4,-3,-6,1,2,1
1,2,2,-1,0,2,5,-3,-6,1,2,0
1,2,2,-1,0,2,5,-3,-6,1,2,0
2,3,2,-2,0,2,5,-3,-7,1,2,0
4,3,1,-3,1,2,5,-4,-7,1,2,-1
3,3,1,-3,1,2,5,-4,-7,1,2,-1
1,3,3,-2,0,2,5,-4,-7,1,2,-1
0,3,3,-1,-1,2,5,-4,-7,1,1,-2
1,2,2,-1,0,1,4,-4,-7,0,1,-3
1,3,2,-2,0,1,4,-4,-7,0,1,-4
2,3,2,-2,0,1,4,-4,-7,0,1,-4
2,3,1,-3,1,1,4,-4,-7,0,1,-5
2,3,1,-2,0,2,4,-4,-7,1,1,-5
1,3,3,-2,0,2,5,-4,-7,1,2,-4
1,3,3,-2,0,2,5,-4,-7,1,1,-4
2,3,2,-3,0,2,4,-4,-8,0,0,-5
2,3,1,-3,0,2,4,-4,-9,0,0,-5
2,3,1,-3,0,2,4,-4,-9,0,0,-5
2,3,1,-3,0,2,4,-4,-10,0,0,-5
2,3,1,-2,0,2,4,-4,-10,0,0,-5
2,3,1,-2,0,1,4,-4,-10,0,0,-5
2,3,1,-2,0,1,4,-4,-11,0,0,-5
2,3,1,-2,0,2,4,-4,-11,1,1,-5
2,4,2,-3,0,2,4,-4,-11,1,1,-5
3,4,1,-3,1,2,4,-4,-11,0,1,-5
3,4,1,-4,1,2,4,-4,-10,0,1,-6
2,5,2,-4,0,3,5,-4,-9,1,1,-6
2,5,3,-4,0,4,5,-3,-8,1,2,-5
2,6,4,-4,0,4,5,-3,-7,2,2,-5
3,7,4,-5,0,4,6,-2,-6,2,3,-5
4,7,3,-5,1,4,6,-2,-5,2,3,-5
5,7,3,-6,1,5,7,-1,-5,3,3,-5
4,8,4,-6,1,6,8,0,-4,3,4,-4
4,9,4,-7,0,7,8,0,-4,4,4,-4
4,9,4,-7,0,7,9,1,-4,4,4,-4
4,9,4,-7,0,6,9,1,-3,4,4,-4
4,8,3,-7,1,5,9,1,-3,4,4,-4
4,6,2,-6,1,4,8,1,-3,3,3,-5
3,5,2,-5,1,3,8,0,-3,3,3,-5
4,6,2,-5,1,3,7,0,-3,3,3,-5
4,6,2,-5,1,4,7,0,-3,3,3,-5
5,7,2,-6,2,4,6,0,-3,3,3,-5
5,7,2,-6,2,4,5,0,-3,4,3,-5
5,8,2,-7,2,4,4,0,-3,4,4,-4
6,8,2,-7,2,5,3,0,-2,5,5,-4
6,9,3,-8,2,5,1,0,-2,6,6,-3
6,9,3,-8,2,5,1,-1,-2,6,6,-3
6,9,3,-7,1,6,0,-1,-2,6,6,-3
6,9,3,-7,2,5,0,-1,-2,6,5,-3
7,9,2,-7,3,5,0,-2,-3,5,5,-4
7,8,1,-7,3,4,0,-2,-4,5,4,-4
7,8,1,-7,3,4,0,-3,-4,4,4,-4
6,7,1,-7,2,4,0,-3,-5,4,4,-5
5,6,1,-6,2,3,0,-3,-5,3,3,-5
5,5,0,-5,2,2,0,-3,-5,2,3,-6
5,5,0,-5,2,2,1,-3,-5,2,2,-7
6,5,0,-5,2,2,1,-3,-5,2,2,-7
6,4,-1,-5,3,1,1,-4,-6,1,2,-7
6,4,-2,-5,4,1,1,-4,-6,1,1,-8
6,3,-1,-5,3,0,1,-5,-6,0,1,-8
6,3,-2,-5,4,0,0,-5,-7,0,0,-9
7,3,-3,-5,5,-1,0,-6,-8,-1,0,-10
7,2,-4,-4,5,-1,0,-6,-8,-1,0,-11
5,1,-3,-2,3,-1,0,-6,-8,-1,-1,-11
1,0,0,0,0,0,1,-6,-8,-1,-1,-11
-1,0,1,1,-2,0,2,-6,-9,-2,-2,-12
-2,-1,2,1,-2,0,3,-6,-10,-2,-3,-12
-2,-1,1,1,-2,-1,3,-6,-11,-3,-3,-13
-2,-2,0,1,-1,-1,3,-6,-11,-3,-4,-14
-3,-2,0,2,-2,-1,3,-6,-12,-3,-4,-15
-5,-2,2,3,-4,0,4,-6,-12,-3,-3,-15
-5,-2,2,3,-4,0,4,-7,-12,-3,-4,-15
-2,-2,0,2,-2,-1,3,-8,-13,-4,-5,-16
-1,-3,0,2,-1,-2,2,-9,-13,-5,-5,-16
-3,-4,0,3,-2,-2,3,-9,-13,-5,-5,-16
-4,-4,1,4,-3,-2,3,-9,-13,-4,-5,-16
-5,-4,2,4,-3,-2,3,-8,-13,-4,-5,-16
-5,-3,1,4,-3,-2,3,-8,-13,-4,-6,-16
-4,-2,1,3,-2,-2,3,-8,-13,-4,-6,-16
-3,-2,1,2,-2,-1,4,-8,-13,-4,-5,-16
-2,-1,0,2,-1,-1,4,-8,-13,-4,-5,-16
-1,-2,0,1,0,-2,4,-8,-13,-4,-5,-16
-2,-2,-1,2,0,-2,4,-8,-13,-4,-5,-16
-4,-3,0,3,-2,-2,5,-7,-13,-3,-5,-15
-4,-2,1,3,-3,-1,6,-7,-13,-3,-4,-15
-4,-2,1,3,-2,-1,6,-7,-13,-3,-4,-15
-3,-2,0,3,-2,-2,6,-6,-13,-3,-4,-16
-3,-3,0,3,-3,-2,7,-5,-13,-3,-5,-17
-5,-3,1,4,-4,-2,9,-3,-12,-3,-5,-18
-6,-4,2,5,-5,-2,11,1,-10,-2,-6,-19
-5,-5,1,5,-4,-2,14,6,-7,-2,-6,-19
-5,-4,1,5,-3,-2,18,13,-2,0,-5,-19
-4,-2,3,3,-4,0,21,19,3,4,-2,-18
-3,0,4,1,-4,1,23,26,10,10,2,-15
0,4,4,-2,-2,3,24,33,18,17,8,-12
7,9,2,-8,2,4,25,43,29,25,16,-7
14,14,0,-14,7,6,26,54,42,35,26,0
22,20,-1,-21,12,7,25,61,53,44,36,7
29,25,-3,-27,16,9,21,62,61,53,46,16
37,31,-6,-34,22,11,15,61,69,61,56,26
46,38,-7,-42,26,15,8,58,75,70,67,37
53,47,-6,-50,30,20,0,51,80,78,79,50
59,57,-3,-58,31,27,-11,39,81,86,90,63
62,67,4,-65,28,35,-23,21,78,92,100,76
60,77,17,-69,21,47,-34,0,71,95,107,88
54,86,33,-70,10,59,-43,-23,59,94,110,97
45,89,46,-67,-1,67,-51,-46,40,85,103,97
33,84,53,-58,-10,68,-55,-67,13,64,83,85
19,73,55,-46,-18,64,-57,-87,-20,35,54,65
6,58,54,-33,-24,56,-58,-106,-54,5,23,42
-5,43,49,-19,-27,46,-58,-119,-83,-21,-3,21
-13,31,44,-9,-29,37,-55,-123,-100,-39,-21,6
-17,21,39,-2,-28,30,-51,-121,-106,-48,-32,-4
-20,13,33,3,-27,23,-46,-114,-105,-52,-38,-12
-20,7,27,7,-24,16,-41,-105,-100,-53,-41,-18
-19,2,22,8,-21,11,-37,-96,-94,-53,-42,-22
-18,-1,17,9,-18,7,-32,-85,-86,-50,-41,-24
-16,-2,15,9,-16,5,-27,-74,-77,-45,-38,-24
-14,-1,13,8,-14,5,-22,-62,-67,-39,-33,-23
-12,-1,12,7,-12,5,-17,-51,-57,-32,-28,-22
-11,-1,10,6,-11,4,-12,-41,-49,-26,-23,-20
-10,-1,9,6,-9,3,-8,-33,-41,-21,-19,-19
-7,-1,6,4,-7,2,-5,-26,-35,-18,-16,-18
-4,-1,3,3,-4,0,-2,-20,-30,-15,-14,-17
-3,-1,2,2,-3,0,0,-15,-25,-12,-12,-15
-5,-1,4,3,-5,1,3,-11,-21,-9,-9,-14
-6,-2,4,4,-6,0,4,-7,-19,-7,-8,-14
-7,-3,4,5,-6,0,5,-5,-17,-6,-7,-14
-6,-2,4,4,-6,1,5,-4,-16,-5,-7,-14
-6,-2,4,4,-5,1,6,-4,-16,-5,-7,-14
-5,-2,3,3,-4,1,6,-4,-15,-5,-7,-14
-4,-1,3,3,-4,1,6,-3,-15,-5,-7,-14
-4,-1,3,3,-4,1,6,-3,-15,-5,-6,-14
-3,-2,2,2,-3,0,6,-2,-15,-5,-6,-14
-2,-2,1,2,-2,-1,6,-2,-15,-5,-6,-14
-2,-2,0,2,-1,-1,6,-1,-14,-5,-6,-14
-2,-2,0,2,-2,-1,6,-1,-14,-5,-6,-14
-3,-3,1,3,-3,-1,6,0,-13,-4,-6,-14
-4,-3,1,3,-3,-1,6,0,-13,-4,-6,-14
-3,-2,1,2,-3,-1,6,0,-13,-4,-6,-14
-2,-1,1,2,-2,0,7,0,-13,-4,-5,-14
-2,-2,1,2,-1,-1,7,0,-13,-4,-5,-15
-1,-2,0,2,0,-2,7,0,-13,-5,-6,-15
0,-2,-2,1,0,-3,7,0,-13,-5,-6,-16
0,-2,-2,1,0,-3,7,0,-13,-5,-6,-16
-1,-2,-1,1,-1,-2,7,0,-13,-4,-6,-16
-2,-2,0,1,-1,-2,8,0,-12,-4,-6,-16
-1,-2,0,1,-1,-2,8,1,-12,-3,-5,-15
0,-2,-1,1,0,-2,8,1,-12,-3,-5,-15
0,-1,-2,0,1,-2,8,1,-12,-2,-5,-15
0,-1,-1,0,0,-1,8,1,-12,-2,-4,-15
0,0,0,1,-1,-1,8,2,-11,-1,-4,-14
-1,0,0,1,-1,-1,8,2,-11,-1,-4,-14
0,-1,-1,1,0,-2,8,2,-11,-2,-4,-15
0,-1,-2,1,0,-3,7,2,-11,-2,-5,-15
0,-2,-2,1,0,-3,7,2,-11,-2,-5,-15
-1,-2,-1,2,-1,-2,8,2,-11,-2,-5,-15
-3,-2,0,2,-2,-1,8,3,-11,-1,-4,-14
-4,-2,1,3,-3,-1,8,3,-11,-1,-4,-14
-3,-2,0,2,-2,-1,8,3,-11,-1,-4,-14
-2,-2,0,2,-1,-1,8,3,-10,-1,-4,-14
-2,-2,0,2,-1,-1,8,3,-10,-1,-3,-14
-1,-2,0,2,-1,-2,8,3,-10,-1,-3,-14
-1,-3,-1,2,0,-3,7,3,-10,-2,-4,-14
0,-3,-2,1,0,-3,7,3,-11,-2,-4,-14
0,-3,-3,0,1,-3,7,3,-11,-2,-4,-14
1,-2,-2,0,1,-3,7,3,-10,-1,-3,-14
0,-1,-1,0,0,-2,8,4,-10,-1,-3,-14
0,-1,0,0,0,-2,8,4,-9,-1,-2,-13
-1,-1,0,1,-1,-2,8,5,-9,0,-2,-13
-1,-1,0,1,-1,-2,8,5,-8,0,-2,-13
0,-2,-1,1,0,-2,8,5,-8,0,-2,-13
0,-2,-2,1,1,-3,8,5,-8,0,-2,-13
0,-1,-1,1,0,-2,8,6,-8,0,-2,-12
0,-1,0,0,0,-1,8,6,-7,0,-1,-12
0,-1,0,0,0,-1,7,6,-7,0,-1,-13
0,-1,0,0,0,-2,7,6,-7,0,-1,-13
1,-1,-2,0,1,-3,7,6,-7,0,-1,-12
2,-1,-3,0,2,-3,7,6,-7,0,-1,-12
3,-1,-3,-1,3,-3,7,6,-7,0,-1,-12
3,-1,-3,-1,3,-3,7,6,-7,1,0,-12
2,-1,-2,0,2,-2,7,7,-6,1,0,-11
1,-2,-2,0,1,-3,7,7,-6,1,0,-11
1,-2,-3,0,1,-3,6,7,-6,1,0,-11
2,-2,-3,-1,2,-4,6,7,-6,1,0,-11
4,-1,-4,-2,4,-4,6,7,-5,1,0,-11
4,-1,-5,-2,4,-3,6,7,-4,1,0,-11
3,-1,-4,-2,3,-3,6,8,-2,2,0,-11
2,-1,-3,-1,2,-2,6,8,-1,2,1,-10
3,0,-3,-1,2,-2,6,9,0,3,1,-10
4,0,-3,-2,3,-2,6,9,2,3,1,-9
5,0,-4,-3,3,-2,6,9,3,4,2,-9
5,0,-4,-3,4,-2,6,9,3,4,2,-9
6,0,-5,-4,5,-2,6,9,3,4,2,-9
7,1,-6,-4,5,-2,6,10,4,4,2,-8
6,1,-5,-4,5,-2,6,10,5,5,3,-7
6,1,-4,-4,4,-1,6,11,6,5,4,-7
6,1,-4,-4,4,-2,5,11,7,6,4,-7
6,1,-4,-4,4,-2,5,11,8,6,4,-7
6,1,-4,-4,4,-2,5,12,8,7,4,-6
6,2,-4,-4,5,-1,5,12,9,8,5,-6
7,2,-4,-5,5,-1,4,12,9,8,5,-6
7,2,-5,-5,6,-2,4,13,10,8,6,-6
8,3,-5,-6,6,-1,3,14,11,9,6,-6
8,4,-5,-7,6,0,3,15,12,9,7,-5
9,5,-4,-8,6,0,2,15,13,10,8,-4
10,5,-4,-8,7,0,2,16,14,10,8,-4
11,5,-4,-8,7,0,1,16,15,11,9,-3
11,5,-5,-8,8,0,1,17,16,11,9,-3
12,6,-5,-9,9,-1,1,17,16,12,10,-3
13,7,-6,-10,10,-1,1,18,17,12,10,-3
15,7,-8,-11,11,-1,0,18,17,13,11,-2
16,7,-8,-12,12,-1,0,18,18,13,11,-1
15,7,-7,-11,10,0,0,20,20,15,13,0
14,8,-6,-12,9,0,0,21,22,16,14,1
15,10,-5,-13,9,1,0,21,23,17,15,2
15,11,-4,-13,9,2,0,21,24,17,16,3
15,11,-4,-13,9,2,-1,21,24,18,16,3
16,12,-4,-14,9,3,-1,21,24,18,17,3
16,12,-4,-14,10,3,-1,22,25,19,17,4
17,12,-5,-14,10,2,-2,22,25,19,18,4
19,12,-7,-15,12,2,-2,22,25,19,18,4
21,13,-8,-17,13,2,-3,22,26,19,18,5
21,14,-7,-18,13,2,-3,22,26,19,19,5
21,14,-6,-18,13,3,-3,22,27,20,19,6
21,15,-5,-18,13,4,-3,22,27,20,19,7
21,15,-5,-19,13,4,-3,22,27,20,19,7
21,16,-5,-18,12,5,-3,22,27,20,20,7
19,16,-3,-17,11,6,-2,23,28,21,21,8
18,16,-2,-17,10,6,-2,23,29,22,21,9
19,16,-3,-17,11,6,-3,23,28,22,21,9
20,16,-4,-18,12,5,-3,22,28,21,21,8
20,16,-5,-18,12,5,-4,22,28,21,21,8
21,16,-5,-19,13,5,-4,21,28,21,21,8
21,16,-5,-19,13,5,-4,21,27,21,21,8
21,16,-5,-19,12,5,-3,20,27,21,20,8
19,16,-4,-18,11,5,-3,20,26,20,20,8
19,16,-4,-17,11,5,-3,19,25,20,19,8
19,17,-4,-18,11,6,-3,19,24,19,19,7
20,17,-4,-18,11,6,-2,18,23,19,18,7
19,16,-4,-17,10,6,-2,17,22,18,18,6
17,14,-3,-16,9,5,-1,17,21,18,17,5
15,13,-2,-14,8,5,0,16,19,17,16,4
13,12,-2,-13,7,5,0,15,18,16,14,3
12,11,-1,-12,6,5,0,14,17,15,13,2
10,11,0,-11,5,6,1,13,15,14,12,2
10,11,0,-10,5,5,1,11,13,13,11,0
9,10,0,-10,5,5,1,10,11,11,9,-1
8,9,0,-9,4,5,1,9,10,10,8,-2
7,8,0,-8,3,5,2,8,9,9,7,-3
7,8,0,-7,2,5,3,7,8,8,6,-4
6,7,0,-6,2,4,3,6,7,7,5,-5
4,6,1,-5,1,4,4,6,6,6,4,-6
3,5,1,-4,0,3,4,5,5,6,3,-6
2,4,1,-3,0,3,4,4,3,5,2,-7
2,4,0,-3,0,2,4,3,1,3,1,-8
2,3,0,-2,0,1,4,2,0,2,0,-9
2,3,0,-2,0,1,4,1,-1,1,-1,-10
2,2,0,-2,0,1,4,1,-1,0,-2,-11
2,2,0,-2,0,1,4,0,-2,0,-3,-12
0,1,0,-1,0,0,5,0,-3,-1,-3,-12
-1,0,1,0,-2,1,6,0,-3,-1,-3,-12
-2,0,1,1,-2,1,6,0,-3,-1,-3,-12
-1,0,0,1,-1,0,6,-1,-4,-1,-4,-13
-1,-1,0,1,-1,0,7,-1,-5,-2,-4,-13
-2,-1,1,2,-2,0,7,-2,-5,-2,-5,-14
-3,-1,1,2,-3,0,7,-2,-5,-3,-5,-14
-4,-1,2,3,-4,0,7,-2,-5,-3,-5,-14
-4,-1,3,3,-4,0,7,-2,-5,-3,-5,-14
-4,-2,2,3,-4,0,7,-2,-6,-3,-5,-14
-4,-2,2,3,-3,0,7,-2,-6,-4,-6,-14
-4,-2,2,3,-3,0,7,-2,-7,-4,-6,-14
-4,-1,2,3,-3,0,7,-2,-7,-4,-6,-15
-3,-2,1,3,-2,0,7,-2,-8,-4,-7,-15
-3,-3,0,3,-2,-1,7,-3,-9,-5,-7,-16
-2,-3,0,2,-2,-2,7,-3,-9,-5,-7,-16
-2,-3,0,2,-1,-2,7,-4,-9,-5,-8,-16
-3,-3,0,2,-1,-2,7,-4,-9,-5,-8,-16
-3,-3,0,3,-2,-2,7,-4,-9,-5,-8,-16
-4,-3,1,3,-2,-1,7,-3,-9,-5,-8,-16
-4,-3,1,4,-3,-1,7,-3,-9,-5,-7,-16
-3,-3,1,4,-3,-1,7,-3,-9,-5,-7,-16
-3,-3,1,4,-2,-1,7,-3,-9,-5,-7,-16
-4,-3,1,4,-3,-1,8,-2,-9,-5,-7,-15
-4,-3,2,4,-4,-1,8,-2,-9,-5,-7,-15
-3,-2,1,3,-3,-1,8,-3,-9,-5,-7,-16
-3,-2,0,2,-2,-1,7,-3,-10,-6,-8,-16
-3,-3,0,3,-2,-1,7,-3,-10,-7,-8,-17
-3,-3,0,3,-2,-1,7,-3,-10,-6,-8,-19
-2,-2,0,2,-2,-1,7,-4,-10,-6,-8,-20
-2,-2,0,2,-2,-1,7,-4,-10,-6,-8,-21
-2,-2,1,2,-2,-1,7,-4,-10,-6,-8,-22
-2,-2,1,2,-2,-1,8,-4,-10,-6,-8,-23
-3,-3,1,2,-2,-1,8,-4,-10,-6,-8,-23
-3,-3,1,3,-2,-1,8,-4,-10,-6,-8,-24
-3,-3,1,3,-2,-1,8,-4,-10,-6,-8,-24
-3,-3,1,3,-2,-1,8,-4,-10,-6,-8,-24
-4,-4,1,4,-2,-2,8,-4,-10,-7,-8,-24
-4,-4,1,4,-3,-2,8,-4,-10,-7,-8,-24
-4,-3,1,4,-3,-2,8,-4,-10,-6,-8,-24
-4,-3,2,4,-3,-1,8,-3,-10,-6,-8,-24
-3,-3,1,4,-3,-1,8,-3,-10,-6,-8,-24
-3,-3,1,3,-2,-1,7,-3,-10,-6,-8,-24
-4,-3,1,3,-3,-1,7,-3,-10,-6,-8,-24
-5,-3,2,3,-3,0,8,-3,-10,-6,-8,-23
-4,-3,1,3,-3,-1,8,-3,-10,-6,-8,-23
-4,-3,1,3,-2,-1,8,-3,-11,-7,-8,-23
-3,-3,1,2,-2,-2,8,-3,-11,-7,-8,-23
-3,-3,1,2,-2,-2,8,-3,-11,-7,-8,-23
-4,-3,1,3,-2,-2,8,-3,-11,-7,-8,-23
-4,-3,1,3,-2,-2,8,-2,-11,-7,-8,-23
-4,-3,1,3,-2,-1,8,-2,-10,-6,-8,-22
-4,-2,2,3,-3,-1,8,-1,-10,-6,-8,-22
-5,-2,3,4,-4,0,8,-1,-9,-5,-8,-21
-6,-2,3,4,-5,0,8,0,-8,-5,-7,-21
-6,-2,3,4,-4,0,8,0,-8,-4,-7,-21
-5,-2,3,4,-4,0,9,0,-7,-4,-7,-20
-4,-2,3,4,-3,0,9,0,-7,-4,-7,-20
-4,-2,2,3,-3,0,8,0,-7,-4,-7,-20
-4,-2,2,3,-3,0,8,0,-7,-4,-7,-21
-4,-2,2,3,-3,0,8,0,-8,-4,-7,-21
-3,-2,1,2,-2,0,8,0,-8,-5,-7,-21
-2,-2,1,2,-2,0,8,0,-8,-5,-7,-21
-3,-2,2,3,-3,0,8,0,-7,-4,-6,-21
-4,-2,2,3,-3,0,9,0,-7,-4,-6,-21
-3,-1,3,2,-3,0,9,0,-7,-4,-6,-21
-3,-1,3,2,-3,0,9,0,-7,-4,-6,-20
-4,-1,3,3,-3,0,8,0,-7,-4,-6,-20
-5,-2,3,3,-4,0,8,0,-7,-4,-6,-20
-6,-2,4,4,-5,1,9,0,-6,-4,-6,-20
-5,-1,4,3,-4,1,9,0,-6,-4,-6,-19
-3,-1,3,2,-3,1,9,0,-6,-4,-6,-19
-3,-1,2,2,-2,0,9,0,-6,-4,-6,-19
-2,-1,1,2,-1,0,9,0,-6,-4,-6,-20
-1,0,1,1,-1,0,9,0,-6,-4,-5,-20
-1,1,2,0,-1,0,9,0,-6,-4,-5,-20
-1,1,2,0,-2,1,9,0,-6,-4,-5,-19
-1,1,2,0,-1,0,9,0,-6,-4,-5,-19
0,0,1,0,-1,0,9,0,-6,-4,-5,-19
0,0,1,0,0,0,9,0,-6,-4,-5,-19
0,0,0,0,0,0,9,0,-6,-4,-5,-19
0,0,1,0,-1,0,9,0,-6,-3,-5,-18
-1,0,1,1,-1,0,9,0,-6,-3,-5,-18
-2,-1,1,1,-1,0,9,0,-6,-4,-5,-18
-2,-1,1,2,-1,0,9,0,-6,-4,-5,-18
-2,0,1,1,-1,0,9,0,-6,-4,-5,-18
0,0,0,0,0,-1,8,0,-7,-5,-6,-19
2,0,-1,-1,1,-1,7,0,-7,-5,-7,-20
1,0,0,0,1,-1,7,0,-7,-5,-7,-20
0,-1,0,0,0,-1,7,0,-7,-5,-7,-20
0,-1,-1,0,0,-2,7,0,-7,-5,-7,-20
0,-1,-1,0,1,-2,7,0,-7,-5,-7,-21
0,0,0,0,0,-2,7,0,-7,-5,-6,-20
-1,0,0,1,0,-1,7,0,-7,-5,-6,-20
-1,0,1,1,-1,0,7,0,-7,-5,-6,-20
-1,-1,1,1,-1,0,8,0,-7,-5,-6,-20
-1,-1,0,1,-1,-1,8,0,-7,-5,-6,-20
-1,-1,0,1,-1,-1,8,0,-8,-5,-7,-20
0,-1,0,0,0,-1,8,0,-8,-5,-7,-20
-1,-1,0,1,-1,-1,8,0,-8,-5,-7,-20
-1,-1,0,1,0,-1,8,0,-8,-5,-7,-20
0,-1,0,1,0,-1,8,0,-8,-6,-8,-20
0,-1,0,1,1,-1,8,0,-8,-6,-8,-19
1,-1,0,1,1,-1,8,0,-8,-6,-8,-19
1,-1,0,0,0,-1,8,0,-8,-6,-8,-18
0,-1,0,0,0,-1,8,-1,-8,-6,-8,-18
1,-1,-1,0,1,-2,7,-1,-8,-7,-8,-18
1,-1,-2,0,2,-2,7,-1,-9,-7,-8,-19
1,-1,-3,0,2,-3,7,-1,-9,-7,-8,-19
1,-1,-2,0,2,-3,7,-1,-10,-7,-8,-19
0,-2,-2,1,1,-3,7,-1,-10,-7,-8,-19
-1,-3,-1,2,0,-3,7,-1,-10,-7,-8,-19
-3,-3,0,3,-1,-2,7,-1,-10,-7,-8,-19
-3,-3,0,2,-1,-1,7,-1,-10,-7,-8,-18
-1,-1,0,1,0,-1,7,-1,-10,-7,-8,-18
0,-1,-1,0,1,-1,7,-1,-10,-7,-8,-18
0,-1,-1,0,1,-1,7,-1,-10,-7,-8,-18
2,-1,-3,0,2,-2,7,-1,-10,-7,-8,-18
3,-1,-4,0,3,-2,7,-2,-10,-7,-9,-18
2,-1,-3,0,3,-2,7,-2,-10,-7,-9,-18
1,-2,-2,0,2,-2,7,-2,-10,-7,-9,-18
0,-3,-2,1,1,-2,7,-2,-11,-8,-9,-19
-2,-4,-1,2,0,-2,7,-2,-11,-8,-8,-19
-1,-4,-2,2,0,-3,7,-2,-11,-7,-8,-19
-1,-4,-2,2,1,-3,7,-2,-12,-7,-8,-19
-2,-4,-1,2,0,-2,7,-1,-12,-7,-8,-19
-2,-4,-1,3,0,-2,8,-1,-11,-7,-8,-19
-2,-4,-1,3,0,-3,8,-1,-11,-7,-8,-19
0,-3,-2,1,1,-3,8,-1,-11,-7,-8,-19
0,-3,-2,0,1,-3,8,-1,-11,-7,-8,-18
0,-3,-2,1,1,-3,8,-1,-12,-7,-8,-18
0,-3,-2,1,1,-3,8,-1,-12,-7,-8,-19
0,-3,-2,2,1,-3,8,-1,-12,-6,-8,-18
-1,-3,-2,2,0,-3,8,0,-12,-6,-8,-18
-1,-3,-2,2,0,-3,8,-1,-12,-7,-8,-18
-1,-4,-2,2,0,-3,7,-1,-12,-7,-9,-18
-2,-5,-1,3,0,-3,7,-2,-13,-8,-9,-19
-4,-6,-1,5,-1,-3,6,-2,-13,-8,-10,-20
-5,-7,-1,6,-1,-4,6,-3,-14,-9,-10,-20
-5,-8,-3,6,0,-6,5,-3,-14,-9,-11,-21
-5,-9,-4,7,0,-7,4,-4,-15,-9,-11,-21
-5,-10,-4,7,-1,-7,4,-4,-15,-10,-12,-22
-6,-10,-4,8,-1,-7,4,-4,-16,-10,-12,-22
-6,-10,-4,8,-1,-7,4,-4,-16,-10,-13,-22
-7,-10,-3,8,-2,-7,4,-4,-16,-10,-13,-22
-8,-10,-1,9,-3,-6,4,-3,-15,-10,-12,-21
-8,-10,-1,9,-3,-5,5,-3,-15,-9,-12,-21
-7,-10,-2,9,-3,-6,5,-3,-15,-9,-12,-21
-8,-10,-2,9,-3,-6,5,-3,-15,-9,-12,-21
-9,-10,-1,10,-4,-5,5,-3,-15,-9,-12,-20
-8,-10,-1,10,-4,-6,5,-3,-15,-10,-12,-20
-7,-11,-3,9,-2,-7,5,-3,-16,-10,-13,-21
-7,-11,-4,9,-1,-7,4,-3,-16,-11,-13,-21
-7,-11,-4,9,-1,-7,4,-4,-16,-10,-13,-21
-7,-11,-3,9,-2,-7,4,-4,-15,-10,-13,-21
-8,-10,-2,9,-3,-6,5,-4,-15,-9,-12,-20
-8,-10,-1,8,-3,-6,5,-4,-15,-9,-12,-19
-8,-9,-1,9,-4,-5,5,-4,-15,-8,-12,-19
-9,-9,0,9,-4,-5,5,-3,-15,-8,-12,-19
-8,-9,0,9,-3,-5,5,-3,-15,-8,-12,-19
-8,-9,0,9,-3,-5,5,-3,-15,-8,-12,-19
-7,-9,0,9,-3,-5,5,-3,-15,-8,-12,-18
-7,-9,-1,9,-3,-5,5,-2,-14,-8,-12,-18
-7,-9,-1,9,-3,-5,6,-2,-13,-8,-12,-18
-7,-8,0,8,-3,-5,6,-1,-11,-7,-11,-18
-6,-7,0,7,-3,-4,7,0,-10,-7,-11,-17
-4,-5,0,5,-2,-4,7,0,-8,-6,-10,-17
-3,-4,-1,4,-1,-3,7,1,-7,-6,-9,-16
-2,-3,0,3,-1,-2,8,2,-6,-5,-8,-15
-3,-1,1,2,-2,0,9,3,-5,-4,-8,-14
-3,-1,2,2,-2,0,9,3,-4,-3,-8,-13
-3,-1,2,2,-2,0,9,3,-4,-3,-8,-13
-3,-2,1,2,-1,-1,9,4,-4,-4,-8,-14
-3,-3,1,2,-2,-1,9,4,-4,-4,-8,-14
-4,-3,1,3,-2,-1,9,4,-3,-4,-8,-14
-4,-3,0,3,-2,-2,9,4,-3,-4,-8,-14
-2,-3,0,3,-1,-2,8,3,-3,-4,-8,-14
-2,-3,0,3,-1,-2,7,3,-3,-4,-8,-13
-3,-3,1,3,-2,-1,7,4,-2,-3,-7,-13
-3,-3,1,3,-2,-1,7,4,-1,-2,-6,-12
-1,-2,0,1,0,-1,6,4,-1,-2,-6,-12
1,-1,-2,0,1,-2,5,4,-1,-2,-5,-11
2,0,-3,-1,2,-2,4,4,0,-2,-5,-11
2,0,-2,-1,2,-1,4,4,0,-1,-4,-11
1,0,-1,0,2,-1,4,4,0,-1,-4,-10
2,0,-1,0,2,-1,4,3,0,-1,-4,-10
2,0,-2,-1,3,-1,4,2,-1,-2,-5,-11
3,0,-3,-1,3,-2,3,2,-2,-2,-6,-11
4,0,-4,-2,4,-2,3,2,-2,-3,-6,-12
4,0,-4,-2,3,-2,4,2,-2,-3,-6,-12
3,0,-3,-1,2,-2,5,2,-2,-3,-6,-11
1,-1,-3,0,1,-2,5,2,-2,-3,-6,-11
1,-2,-4,0,2,-3,5,1,-2,-3,-7,-12
2,-2,-5,0,3,-3,5,1,-2,-4,-8,-12
2,-2,-5,0,3,-3,5,1,-2,-4,-7,-12
1,-3,-4,0,2,-3,5,1,-2,-4,-7,-12
0,-3,-3,1,1,-3,6,2,-2,-4,-7,-12
0,-4,-4,2,1,-4,5,1,-2,-4,-7,-13
1,-4,-5,2,2,-5,5,0,-3,-5,-8,-13
1,-4,-5,2,2,-5,5,0,-4,-6,-9,-14
0,-4,-3,2,1,-4,6,0,-4,-6,-9,-14
-1,-4,-2,3,1,-4,6,0,-5,-7,-10,-14
-1,-5,-2,4,1,-4,7,0,-5,-8,-11,-15
-2,-6,-2,4,0,-5,7,0,-5,-8,-11,-15
-3,-6,-2,5,0,-5,7,-1,-6,-9,-12,-16
-4,-7,-2,5,0,-5,7,-1,-6,-9,-12,-16
-5,-7,-1,6,-1,-5,8,-1,-7,-9,-12,-16
-7,-8,0,7,-3,-4,8,-1,-7,-9,-12,-16
-8,-8,0,8,-3,-5,8,-2,-7,-9,-12,-16
-7,-9,-1,8,-3,-5,8,-2,-8,-10,-12,-17
-7,-9,-1,8,-2,-6,7,-3,-8,-10,-13,-17
-6,-9,-1,8,-2,-6,7,-3,-8,-10,-13,-17
-6,-8,-1,7,-2,-5,7,-2,-8,-10,-13,-17
-6,-8,-2,7,-2,-6,7,-2,-8,-10,-12,-17
-6,-8,-3,7,-1,-6,7,-2,-8,-10,-12,-17
-6,-8,-2,7,-2,-6,8,-2,-8,-9,-12,-17
-7,-8,0,8,-3,-5,8,-1,-8,-9,-12,-16
-7,-8,0,8,-3,-5,9,-1,-7,-9,-12,-16
-6,-8,-1,7,-3,-5,9,-1,-7,-9,-12,-16
-6,-8,0,7,-3,-5,9,-1,-7,-8,-12,-16
-7,-8,0,8,-3,-5,9,-1,-7,-8,-12,-16
-7,-8,0,8,-3,-5,9,-1,-7,-8,-12,-16
-7,-8,0,8,-3,-5,9,-1,-7,-8,-12,-16
-6,-8,-2,7,-1,-6,9,-1,-8,-9,-13,-17
-6,-9,-3,8,-1,-7,9,-1,-8,-10,-14,-18
-7,-9,-2,9,-2,-7,11,1,-7,-10,-15,-19
-8,-10,-2,9,-3,-6,14,5,-5,-9,-14,-19
-8,-10,-1,9,-3,-6,17,10,-2,-7,-14,-19
-9,-9,0,10,-5,-5,21,16,2,-5,-12,-18
-10,-8,2,9,-6,-3,24,23,7,-1,-9,-17
-8,-5,4,6,-6,-1,26,30,14,3,-5,-15
-4,0,3,2,-3,0,28,37,21,9,0,-12
2,4,2,-3,0,2,29,47,32,18,7,-7
8,9,0,-9,4,4,31,58,45,28,16,-1
16,14,-2,-15,9,5,30,66,57,37,25,5
25,19,-5,-22,15,6,25,68,66,45,35,13
34,25,-9,-29,21,7,19,68,74,54,45,23
42,31,-10,-37,26,9,13,67,82,64,57,33
49,40,-9,-45,29,15,5,62,88,73,69,46
55,50,-6,-53,31,22,-5,51,90,81,81,59
61,60,-1,-60,31,29,-18,34,89,87,91,72
62,71,8,-66,27,39,-30,12,83,91,99,84
57,80,23,-68,17,51,-41,-11,73,92,104,94
49,86,36,-67,6,60,-50,-35,57,86,102,98
39,83,44,-61,-2,63,-56,-57,34,70,87,91
26,72,47,-49,-10,58,-60,-77,3,44,61,73
12,56,44,-34,-16,49,-61,-96,-31,13,30,50
0,40,40,-20,-19,39,-60,-111,-64,-17,0,27
-8,27,35,-9,-21,30,-58,-119,-87,-39,-22,9
-13,17,29,-1,-21,22,-54,-119,-97,-52,-36,-3
-16,9,24,3,-20,16,-49,-113,-97,-58,-43,-12
-16,3,19,7,-18,10,-44,-105,-93,-59,-47,-18
-17,-2,16,10,-17,6,-38,-94,-86,-58,-48,-22
-19,-5,14,12,-17,3,-32,-83,-78,-55,-47,-24
-19,-7,12,13,-16,2,-27,-71,-69,-50,-44,-24
-16,-6,10,11,-13,1,-22,-59,-60,-44,-39,-22
-13,-5,8,8,-10,1,-17,-48,-50,-37,-33,-20
-10,-4,6,7,-8,1,-12,-37,-40,-31,-28,-18
-8,-3,4,6,-6,0,-7,-28,-32,-26,-24,-16
-8,-3,4,6,-6,0,-3,-21,-25,-21,-21,-15
-7,-3,4,6,-6,0,0,-15,-20,-18,-18,-13
-6,-4,2,5,-4,-1,2,-9,-16,-15,-17,-12
-4,-4,1,4,-2,-2,4,-5,-13,-13,-16,-12
-3,-4,0,4,-1,-2,5,-3,-11,-12,-15,-11
-3,-4,-1,4,0,-3,6,-1,-10,-11,-14,-11
-4,-4,0,5,-2,-3,7,0,-8,-10,-13,-10
-6,-5,0,6,-3,-3,8,1,-7,-9,-12,-9
-5,-5,0,5,-2,-3,8,1,-7,-9,-12,-10
-3,-4,-1,4,-1,-4,8,1,-6,-9,-12,-10
-3,-4,-1,4,-1,-4,8,2,-6,-8,-12,-10
-4,-4,0,4,-2,-3,9,4,-5,-8,-12,-10
-6,-4,1,5,-3,-3,10,5,-4,-7,-12,-9
-6,-5,1,6,-4,-3,10,5,-4,-7,-11,-9
-5,-5,0,5,-3,-4,9,5,-4,-7,-12,-9
-3,-5,-2,4,0,-5,9,4,-4,-8,-12,-10
-2,-5,-3,4,0,-5,9,4,-4,-8,-12,-10
-3,-5,-2,4,0,-5,9,5,-3,-7,-12,-9
-4,-5,-1,5,-1,-4,10,5,-3,-7,-11,-9
-4,-5,0,4,-1,-4,10,6,-2,-7,-11,-9
-4,-5,-1,4,-1,-4,10,6,-2,-7,-11,-9
-4,-5,-1,4,-1,-4,10,6,-2,-7,-11,-8
-3,-4,-1,4,-1,-4,10,7,-2,-6,-11,-8
-3,-4,0,4,-2,-3,10,7,-1,-6,-10,-7
-3,-3,0,4,-2,-3,10,8,-1,-6,-10,-7
-3,-3,0,4,-1,-3,10,8,0,-6,-10,-7
-3,-3,0,4,-1,-3,10,8,0,-6,-10,-7
-4,-3,0,4,-1,-2,10,9,0,-6,-10,-6
-4,-3,0,4,-1,-2,10,9,0,-6,-9,-6
-2,-3,-1,3,0,-3,10,9,0,-6,-9,-6
-1,-3,-3,2,1,-4,10,9,0,-6,-9,-6
-1,-4,-3,3,1,-4,10,9,0,-5,-9,-6
-2,-4,-2,4,0,-4,10,10,1,-5,-9,-5
-4,-4,0,5,-2,-3,11,10,1,-4,-8,-5
-5,-4,0,5,-2,-2,11,10,2,-4,-8,-5
-3,-4,-1,4,-1,-3,11,10,2,-4,-8,-5
-2,-4,-1,3,0,-3,11,10,2,-4,-7,-5
-2,-4,-1,3,0,-2,11,10,2,-4,-7,-4
-2,-4,-2,3,0,-3,11,10,2,-4,-6,-4
-2,-4,-2,3,0,-3,12,11,2,-4,-6,-4
-2,-3,-2,3,0,-3,12,11,2,-4,-6,-4
-2,-3,-2,3,0,-3,12,11,2,-4,-6,-4
-2,-3,-3,3,0,-3,12,11,2,-4,-6,-4
-1,-3,-3,2,1,-4,12,11,2,-4,-6,-4
-1,-3,-3,2,1,-4,12,11,3,-4,-6,-4
0,-2,-3,1,1,-3,12,11,3,-4,-6,-4
0,-2,-3,1,2,-3,12,11,3,-4,-6,-4
0,-2,-3,1,2,-3,12,11,3,-4,-6,-4
1,-2,-4,1,2,-4,12,11,3,-4,-6,-4
2,-2,-5,0,3,-4,11,11,3,-4,-6,-4
3,-2,-6,0,4,-5,11,11,3,-4,-7,-4
3,-2,-6,0,4,-4,11,11,4,-3,-7,-4
2,-2,-5,0,3,-3,12,11,4,-3,-6,-3
1,-2,-3,0,2,-3,12,12,5,-3,-5,-3
1,-2,-3,0,2,-3,12,12,5,-3,-5,-3
2,-1,-4,0,3,-3,13,12,5,-2,-5,-2
3,-1,-4,0,3,-3,13,12,6,-2,-5,-2
2,-1,-3,0,2,-3,13,13,6,-1,-4,-2
1,-1,-2,0,1,-2,13,13,6,0,-4,-1
0,-1,-2,0,1,-2,13,13,7,0,-4,-1
0,-2,-3,0,2,-3,12,13,7,0,-4,-1
0,-2,-4,1,2,-4,12,13,7,0,-4,-1
0,-2,-4,1,2,-4,12,13,7,0,-4,-1
2,-1,-4,0,2,-4,12,13,8,1,-3,-1
3,0,-4,-1,3,-3,12,14,8,1,-3,-1
4,0,-4,-1,4,-2,12,14,8,1,-2,-1
5,0,-5,-2,4,-3,12,14,8,1,-2,-1
5,0,-5,-2,4,-3,12,14,8,1,-2,0
5,0,-5,-2,4,-2,13,15,9,2,-1,0
5,1,-5,-3,4,-2,13,16,10,3,0,1
6,1,-5,-3,5,-2,13,16,11,4,0,1
7,1,-6,-3,6,-3,12,16,11,4,0,1
7,1,-6,-3,6,-3,12,16,11,4,0,1
6,1,-5,-3,5,-3,12,16,12,4,1,1
6,1,-5,-3,5,-2,12,17,13,4,1,2
8,2,-5,-5,6,-2,12,17,13,5,1,2
9,3,-6,-6,7,-1,12,17,14,5,2,2
8,3,-5,-6,7,-1,12,18,15,6,3,3
9,3,-5,-6,7,-1,11,19,16,7,4,4
9,4,-5,-6,7,-1,11,19,17,7,5,4
10,4,-5,-6,7,-1,11,20,17,8,5,5
10,4,-6,-6,8,-1,11,20,18,8,6,5
11,4,-6,-7,8,-1,11,21,18,8,6,5
12,4,-6,-8,8,-1,10,21,19,9,6,5
13,5,-7,-9,10,-1,10,21,19,9,6,6
14,6,-8,-10,10,-1,10,22,21,10,7,7
14,7,-7,-11,10,0,10,23,22,12,8,8
14,8,-6,-11,10,0,10,24,23,13,10,10
14,8,-6,-11,10,1,9,24,24,13,11,11
15,9,-6,-11,10,1,9,24,25,14,12,11
16,9,-8,-12,12,0,8,24,25,14,13,12
19,10,-10,-14,14,0,7,24,25,14,14,12
21,11,-11,-16,15,0,7,25,26,14,15,13
20,11,-10,-16,15,1,7,26,28,16,16,15
20,12,-8,-16,14,1,7,27,29,17,18,16
19,12,-7,-16,13,2,7,27,31,18,19,18
19,13,-6,-16,12,2,7,28,32,19,20,19
19,13,-5,-16,12,2,7,28,32,20,21,20
18,13,-5,-15,11,3,7,29,33,21,21,21
18,13,-5,-15,11,3,7,29,33,21,22,21
18,13,-5,-15,11,3,7,29,34,22,22,22
19,13,-6,-16,12,3,6,29,34,22,23,22
21,14,-7,-18,13,3,5,29,34,22,23,22
22,15,-7,-18,14,4,5,29,35,22,24,23
22,16,-6,-19,13,4,5,29,35,23,25,24
23,17,-6,-20,14,4,4,29,35,24,25,25
24,17,-8,-20,15,4,4,28,35,24,25,25
24,17,-7,-20,15,4,4,28,35,24,26,25
22,17,-6,-19,13,5,5,28,36,24,26,26
22,17,-6,-19,13,5,4,28,36,24,26,26
23,16,-7,-19,15,4,3,28,35,24,25,25
24,16,-8,-20,16,3,2,27,34,23,25,25
24,16,-8,-20,16,4,2,26,34,24,26,25
23,16,-6,-19,15,4,3,26,35,24,26,26
22,17,-5,-19,14,5,3,26,34,24,26,26
22,17,-5,-19,13,5,3,25,33,24,25,25
21,17,-5,-19,12,5,3,25,32,23,25,25
20,17,-4,-18,12,5,3,24,31,22,24,24
20,16,-5,-18,12,5,3,23,30,21,23,24
19,16,-4,-17,11,5,3,22,29,20,22,23
18,15,-3,-16,10,5,4,20,28,19,21,22
17,14,-3,-15,10,5,4,19,26,18,19,21
16,13,-3,-14,9,4,4,17,24,17,18,20
15,12,-3,-13,9,4,4,16,22,15,17,18
14,11,-4,-12,9,3,4,14,20,14,16,17
13,10,-4,-11,8,3,5,13,19,12,15,16
12,10,-3,-10,7,3,5,13,17,12,14,15
11,9,-3,-9,6,3,6,12,16,11,13,15
8,8,-1,-8,4,3,6,12,15,11,12,14
6,7,0,-6,2,3,7,10,14,10,11,13
5,5,0,-5,2,2,7,9,12,8,9,12
5,5,-1,-4,2,1,7,7,10,7,8,11
5,5,-1,-5,2,1,7,6,9,5,7,10
5,4,-1,-5,2,1,7,5,8,4,6,9
4,3,-2,-4,3,0,7,5,7,3,5,9
4,2,-2,-3,3,0,7,4,6,3,4,8
3,2,-2,-2,2,0,7,4,5,2,4,8
2,1,-2,-1,1,0,7,3,5,2,3,8
2,0,-2,-1,1,-1,7,2,4,1,2,8
1,0,-1,0,0,-1,7,1,3,1,2,7
0,-1,0,0,0,-1,7,0,2,0,1,7
-1,-1,0,1,0,-1,7,0,1,0,1,7
-1,-1,0,1,0,-1,6,0,1,0,0,6
-2,-1,0,2,0,-1,6,-1,1,-1,0,6
-2,-2,-1,2,0,-1,6,-1,1,-1,0,5
-1,-2,-1,2,0,-2,6,-1,0,-2,-1,5
0,-2,-2,2,0,-2,6,-2,0,-2,-1,4
0,-3,-2,2,0,-3,6,-2,-1,-3,-2,4
0,-3,-2,2,0,-3,6,-3,-1,-3,-2,4
-1,-3,-2,2,0,-3,6,-3,-2,-4,-3,3
-2,-3,-1,3,-1,-3,6,-3,-2,-4,-3,3
-4,-3,0,4,-2,-2,6,-3,-1,-3,-2,3
-4,-3,0,4,-3,-1,7,-3,-1,-3,-2,3
-4,-3,0,4,-3,-2,7,-3,-1,-3,-3,3
-4,-4,0,5,-3,-2,8,-3,-2,-3,-3,2
-4,-5,-1,5,-2,-3,8,-3,-2,-3,-3,2
-3,-4,-1,4,-1,-3,8,-4,-2,-3,-3,2
-3,-4,-1,4,-1,-3,8,-4,-2,-3,-3,2
-4,-4,-1,4,-1,-3,8,-4,-2,-3,-3,2
-4,-4,-1,4,-1,-3,8,-4,-2,-3,-3,2
-3,-4,-2,4,-1,-3,8,-4,-2,-4,-3,2
-2,-4,-3,3,0,-4,7,-4,-2,-4,-3,1
0,-5,-5,2,2,-5,7,-5,-3,-5,-4,0
0,-5,-5,2,2,-5,7,-5,-3,-5,-4,0
-2,-5,-3,3,1,-5,7,-5,-3,-5,-4,1
-2,-5,-3,4,0,-5,7,-5,-3,-5,-4,1
-3,-5,-3,4,0,-5,7,-6,-3,-5,-4,1
-4,-6,-2,5,-1,-5,7,-6,-3,-5,-4,1
-5,-6,-1,5,-2,-4,7,-6,-2,-4,-4,1
-6,-6,0,6,-3,-4,8,-6,-2,-4,-4,1
-6,-6,0,6,-3,-3,8,-6,-2,-4,-4,1
-5,-5,-1,5,-2,-3,9,-6,-2,-4,-3,1
-3,-4,-2,4,-1,-3,10,-6,-2,-4,-3,1
-3,-4,-1,3,-1,-3,10,-5,-2,-4,-3,1
-3,-4,-1,3,-1,-3,10,-5,-2,-4,-3,2
-4,-4,-1,4,-1,-4,10,-5,-2,-4,-3,2
-3,-4,-2,4,-1,-4,10,-5,-2,-4,-3,2
-3,-4,-2,3,0,-4,10,-6,-3,-4,-3,2
-3,-4,-2,3,0,-4,10,-6,-3,-4,-3,2
-3,-5,-2,4,0,-4,10,-6,-3,-4,-3,1
-4,-5,-1,5,-1,-4,10,-6,-3,-4,-3,1
-4,-5,-1,5,-2,-4,10,-6,-3,-4,-3,1
-4,-5,-1,5,-1,-4,10,-6,-3,-4,-3,1
-4,-5,-1,4,-1,-4,10,-6,-3,-4,-3,0
-4,-5,-1,4,-1,-4,10,-6,-3,-4,-3,1
-3,-4,-2,4,-1,-3,10,-6,-3,-5,-3,1
-2,-4,-3,3,0,-4,10,-7,-3,-5,-4,0
-2,-5,-3,4,0,-4,10,-7,-3,-5,-4,0
-3,-5,-2,4,0,-3,10,-7,-3,-5,-3,0
-4,-4,-1,4,-1,-3,11,-7,-3,-4,-3,0
-5,-4,0,4,-2,-3,11,-6,-3,-4,-3,0
-4,-4,0,4,-1,-3,11,-6,-3,-4,-3,0
-4,-4,0,4,-1,-3,11,-6,-2,-4,-3,0
-5,-4,0,4,-2,-3,11,-5,-2,-4,-2,0
-5,-4,0,5,-2,-3,11,-5,-2,-4,-2,0
-4,-4,0,4,-2,-3,11,-5,-2,-4,-2,0
-4,-5,-1,4,-1,-3,11,-6,-2,-4,-2,0
-4,-5,-1,4,-1,-4,11,-6,-2,-4,-2,0
-5,-5,0,4,-2,-3,12,-5,-2,-4,-2,0
-5,-4,0,4,-3,-3,12,-5,-2,-4,-2,0
-3,-3,0,3,-2,-2,12,-5,-2,-4,-2,0
-2,-3,-1,2,-1,-2,11,-5,-2,-4,-2,1
-3,-3,0,3,-1,-2,11,-5,-2,-4,-2,1
-4,-3,1,4,-2,-2,12,-5,-1,-3,-2,2
-5,-4,1,4,-3,-2,12,-5,-1,-3,-2,2
-4,-4,0,4,-2,-3,12,-5,-1,-3,-2,1
-3,-4,-1,4,0,-3,12,-5,-2,-4,-2,1
-3,-4,-1,3,0,-3,12,-4,-2,-4,-2,1
-2,-4,-1,3,0,-3,12,-4,-2,-4,-2,1
-2,-3,-1,2,0,-3,11,-4,-2,-4,-2,1
-1,-3,-2,3,0,-3,11,-4,-2,-4,-2,1
-1,-3,-2,3,0,-3,11,-4,-2,-4,-2,0
-2,-3,-2,3,0,-3,11,-5,-2,-4,-2,0
-2,-3,-1,3,-1,-3,11,-5,-1,-4,-2,1
-3,-2,0,3,-1,-2,11,-4,-1,-4,-1,1
-3,-1,1,2,-2,-1,11,-4,0,-4,-1,2
-3,-1,1,2,-2,-1,11,-4,0,-4,-1,2
-2,-2,0,2,-1,-1,10,-4,0,-4,-1,1
-1,-2,0,2,-1,-1,10,-4,-1,-3,-1,1
-1,-1,0,1,-1,-1,10,-4,0,-3,-1,1
-1,-1,0,1,0,-1,11,-4,0,-2,-1,1
0,-1,-1,1,0,-2,11,-4,0,-2,-1,1
0,-1,-1,1,1,-2,11,-4,0,-2,-1,1
0,-2,-2,1,1,-3,11,-4,0,-3,-1,1
0,-2,-2,1,2,-3,10,-4,0,-3,-1,1
0,-2,-3,1,2,-3,10,-4,0,-3,-1,1
0,-2,-3,1,2,-3,10,-5,0,-3,-1,1
-1,-2,-2,2,0,-2,10,-5,0,-3,0,1
-2,-2,0,2,-1,-2,10,-5,0,-2,0,1
-2,-2,0,2,-1,-2,10,-5,0,-2,0,1
-2,-2,0,2,-1,-2,9,-4,-1,-2,0,1
-2,-3,-1,3,0,-2,9,-4,-1,-2,-1,1
-2,-4,-1,4,0,-3,9,-4,-1,-2,-1,1
-3,-4,-1,4,-1,-3,9,-5,-1,-2,-1,1
-4,-4,-1,4,-1,-2,9,-5,-1,-2,-1,1
-3,-4,-1,4,-1,-2,9,-5,-1,-2,-1,1
-1,-3,-2,2,0,-2,9,-5,-1,-3,-1,1
0,-2,-2,1,1,-2,9,-5,-1,-3,-1,0
0,-2,-2,1,1,-3,9,-5,-1,-3,-1,0
0,-2,-2,2,1,-3,9,-5,-1,-3,-1,0
-2,-3,-1,3,0,-2,9,-5,-1,-3,-1,0
-3,-3,0,4,-1,-2,9,-5,-1,-3,-1,0
-4,-2,0,4,-2,-1,9,-5,-1,-3,0,0
-4,-2,1,3,-2,-1,9,-5,-1,-3,0,0
-4,-3,0,3,-2,-2,9,-5,-2,-3,-1,0
-4,-3,0,4,-2,-2,9,-5,-2,-4,-1,0
-3,-3,0,3,-1,-2,9,-5,-2,-4,-1,0
-2,-2,0,3,-1,-2,8,-6,-2,-4,-1,0
-1,-2,0,2,-1,-2,8,-6,-3,-4,-1,0
-1,-2,0,2,-1,-2,8,-6,-3,-4,-1,0
-2,-2,0,2,-1,-2,8,-6,-3,-4,-1,0
-3,-3,0,3,-1,-2,8,-7,-3,-5,-1,0
-3,-3,-1,3,-1,-2,8,-7,-3,-5,-2,-1
-2,-3,-1,2,0,-2,8,-8,-4,-6,-2,-1
-2,-3,0,2,0,-2,8,-8,-4,-5,-2,-1
-3,-3,0,3,-2,-2,8,-8,-4,-5,-2,-1
-2,-3,0,3,-1,-2,8,-8,-4,-5,-3,-1
-2,-3,-1,3,0,-3,8,-8,-5,-6,-3,-1
-1,-3,-2,3,0,-3,7,-8,-5,-6,-3,-2
0,-3,-3,2,1,-4,7,-8,-5,-6,-3,-2
0,-3,-3,1,2,-4,6,-8,-5,-6,-3,-2
-1,-3,-2,2,1,-3,7,-8,-4,-6,-3,-2
-3,-3,0,3,-1,-2,7,-7,-4,-5,-2,-1
-4,-3,1,3,-3,-1,8,-7,-3,-5,-2,-1
-3,-2,1,3,-2,-1,7,-8,-4,-6,-3,-2
-1,-1,0,2,-1,-1,7,-9,-4,-6,-3,-2
0,-1,-1,1,0,-2,7,-9,-4,-7,-4,-2
-1,-2,-1,1,0,-2,7,-8,-4,-7,-4,-2
-1,-2,-1,2,0,-2,7,-8,-4,-6,-4,-2
-1,-3,-1,2,0,-2,7,-8,-4,-7,-4,-2
-2,-3,-1,2,0,-3,7,-8,-4,-7,-4,-2
-2,-4,-1,3,0,-3,7,-8,-4,-6,-4,-2
-2,-4,-1,3,0,-3,7,-8,-4,-6,-4,-3
-3,-4,-1,3,0,-3,7,-8,-4,-6,-4,-3
-3,-4,0,4,-1,-3,7,-8,-4,-6,-4,-2
-3,-4,0,4,-1,-3,7,-8,-4,-6,-4,-2
-3,-4,-1,3,-1,-3,7,-8,-4,-6,-4,-2
-2,-4,-1,3,0,-3,6,-8,-5,-6,-4,-2
-2,-4,-1,3,0,-3,6,-8,-5,-6,-4,-2
-2,-4,-1,3,0,-3,6,-8,-4,-6,-4,-2
-2,-4,-1,3,-1,-3,6,-8,-4,-6,-4,-2
-2,-4,-1,2,0,-3,6,-9,-5,-7,-4,-2
0,-3,-3,1,1,-4,5,-9,-5,-7,-5,-3
0,-3,-3,1,1,-3,5,-9,-5,-7,-5,-3
-2,-3,-1,2,0,-3,5,-9,-5,-7,-4,-2
-3,-4,0,3,-2,-2,5,-8,-5,-7,-4,-2
-3,-4,-1,3,-2,-2,4,-8,-5,-7,-4,-2
-3,-4,-1,3,-1,-2,4,-8,-5,-7,-4,-2
-3,-3,0,3,-1,-2,4,-8,-4,-6,-4,-2
-3,-3,0,3,-1,-2,3,-8,-4,-6,-4,-2
-2,-4,-1,3,0,-3,2,-8,-4,-6,-4,-3
-2,-4,-2,3,0,-3,1,-8,-4,-6,-4,-3
-2,-4,-2,3,0,-3,1,-8,-4,-6,-4,-3
-3,-4,-1,4,-1,-3,1,-8,-4,-6,-4,-2
-3,-4,-1,4,-1,-3,0,-8,-5,-6,-4,-2
-3,-4,-2,4,-1,-3,0,-8,-5,-7,-4,-2
-2,-4,-3,3,0,-4,-1,-9,-6,-7,-5,-3
-1,-4,-3,3,0,-4,-1,-9,-6,-7,-5,-3
-1,-4,-2,3,0,-3,-1,-8,-5,-7,-5,-2
-2,-4,-1,3,-1,-3,0,-8,-5,-6,-4,-2
-1,-4,-1,2,0,-3,-1,-8,-5,-6,-5,-3
-1,-4,-2,2,0,-3,-2,-9,-6,-7,-5,-3
-2,-5,-3,3,0,-4,-2,-9,-6,-7,-5,-3
-2,-4,-2,3,0,-3,-2,-8,-5,-7,-5,-3
-1,-4,-2,3,0,-3,-2,-8,-4,-6,-4,-2
0,-3,-3,2,1,-4,-2,-8,-4,-6,-4,-2
1,-3,-3,1,2,-4,-3,-8,-4,-6,-4,-2
0,-2,-2,1,1,-2,-3,-7,-4,-6,-4,-2
0,-2,-1,1,0,-1,-2,-6,-3,-5,-3,-1
1,0,-1,0,1,0,-2,-6,-2,-5,-3,-1
2,1,0,-2,1,0,-2,-5,-2,-4,-2,0
1,2,1,-2,0,1,-2,-4,-1,-3,-1,0
1,2,1,-2,0,2,-1,-3,0,-2,0,1
1,2,1,-2,0,2,-1,-3,0,-1,0,1
1,2,1,-2,0,2,-1,-2,0,-1,0,1
1,2,1,-2,0,2,0,-2,0,-1,0,1
1,2,0,-2,0,1,-1,-2,0,-1,0,1
1,1,0,-1,0,1,-1,-2,0,-2,0,0
1,1,-1,-1,0,0,-2,-2,-1,-2,-1,0
2,0,-2,-1,1,-1,-4,-2,-1,-2,-1,0
3,0,-2,-1,2,-1,-5,-2,-1,-2,-1,0
3,0,-3,-1,2,-1,-6,-2,-1,-1,-1,0
3,1,-2,-1,2,-1,-7,-2,0,-1,0,0
3,1,-2,-2,2,0,-8,-2,0,0,0,0
3,1,-2,-2,2,-1,-8,-2,1,0,0,1
4,1,-2,-3,3,-1,-9,-3,1,0,0,2
5,2,-2,-4,3,0,-9,-3,1,0,0,2
6,3,-2,-5,4,0,-10,-4,1,0,1,2
7,3,-3,-5,5,0,-10,-4,0,0,1,2
7,2,-4,-5,6,-1,-10,-5,0,0,0,1
7,2,-5,-4,6,-2,-10,-6,-1,-1,0,1
6,2,-5,-4,6,-2,-10,-6,-1,-1,0,0
6,2,-4,-4,6,-1,-10,-7,-1,-2,0,0
6,1,-4,-4,6,-2,-10,-7,-2,-2,-1,0
5,1,-4,-3,5,-2,-10,-7,-2,-2,-1,0
4,0,-4,-2,4,-2,-10,-7,-2,-2,-1,0
3,0,-3,-1,3,-2,-10,-6,-2,-2,-1,0
2,-1,-3,-1,2,-2,-11,-6,-2,-2,-1,0
2,-2,-4,0,3,-3,-12,-7,-3,-3,-1,0
2,-3,-4,0,3,-4,-12,-7,-3,-4,-2,-1
2,-3,-4,0,3,-4,-13,-7,-3,-4,-2,-1
2,-4,-5,0,4,-5,-13,-7,-4,-5,-3,-1
3,-4,-6,0,5,-5,-13,-8,-5,-6,-3,-2
4,-3,-7,-1,6,-6,-13,-8,-5,-7,-4,-2
2,-4,-6,0,4,-6,-13,-8,-6,-7,-4,-3
0,-4,-4,2,2,-5,-12,-8,-6,-6,-4,-3
-3,-4,-2,3,0,-4,-12,-7,-6,-6,-4,-2
-4,-4,-1,4,-2,-3,-12,-7,-6,-6,-4,-2
-5,-5,0,5,-3,-3,-12,-6,-6,-6,-5,-3
-5,-5,0,5,-3,-3,-12,-7,-7,-7,-5,-3
-6,-6,0,6,-3,-3,-12,-7,-7,-7,-6,-4
-7,-6,1,6,-4,-3,-12,-8,-7,-8,-6,-4
-7,-6,0,6,-3,-4,-12,-8,-8,-8,-6,-4
-5,-6,-1,6,-2,-4,-13,-9,-8,-9,-7,-5
-4,-6,-2,6,-1,-5,-14,-9,-9,-9,-7,-5
-5,-6,-1,6,-2,-5,-15,-9,-10,-10,-7,-6
-6,-7,0,7,-2,-4,-15,-9,-9,-9,-7,-6
-6,-7,0,6,-3,-4,-15,-8,-9,-9,-7,-6
-6,-6,1,6,-3,-3,-15,-8,-9,-9,-7,-6
-6,-6,1,6,-4,-3,-15,-7,-9,-9,-7,-6
-7,-6,2,6,-4,-2,-15,-7,-8,-8,-7,-6
-8,-6,2,6,-5,-2,-15,-7,-8,-8,-7,-6
-8,-6,1,6,-5,-2,-16,-7,-8,-8,-7,-6
-8,-7,0,7,-4,-3,-16,-7,-9,-9,-7,-6
-8,-8,0,7,-4,-4,-17,-7,-9,-9,-7,-6
-8,-8,0,8,-4,-4,-17,-7,-9,-9,-8,-7
-8,-8,0,8,-4,-4,-16,-6,-9,-9,-8,-7
-9,-7,2,8,-5,-3,-15,-5,-8,-9,-8,-7
-10,-7,2,8,-6,-3,-14,-4,-8,-9,-8,-7
-9,-7,1,8,-5,-3,-12,-1,-7,-9,-8,-8
-9,-7,1,8,-5,-4,-10,2,-6,-8,-9,-9
-9,-7,2,9,-6,-3,-7,8,-3,-7,-8,-9
-10,-6,4,9,-8,-2,-4,14,2,-3,-6,-8
-11,-5,6,8,-9,0,-1,21,9,1,-2,-6
-9,-2,7,5,-8,3,1,29,16,6,2,-4
-4,2,6,0,-5,4,3,37,25,13,8,0
4,7,3,-6,1,5,4,48,36,21,15,4
13,13,1,-13,6,6,4,57,48,30,24,10
20,18,-1,-19,11,7,1,61,58,39,33,17
28,24,-4,-26,16,9,-4,62,67,48,44,26
37,30,-7,-33,22,10,-11,62,75,58,55,36
45,37,-8,-41,27,13,-19,58,82,67,66,46
52,45,-7,-49,30,18,-28,50,86,75,77,58
58,55,-4,-57,31,25,-41,34,87,82,88,71
61,64,3,-63,29,33,-54,14,84,87,98,83
59,73,14,-66,22,43,-67,-9,76,89,104,93
54,81,28,-67,12,54,-77,-34,62,87,106,100
45,83,38,-64,3,60,-85,-57,43,78,98,99
33,76,43,-54,-5,59,-90,-78,17,57,78,86
19,61,42,-40,-12,51,-93,-97,-15,28,48,65
5,44,39,-24,-17,41,-94,-113,-49,-2,17,42
-6,29,35,-11,-20,31,-93,-125,-77,-28,-8,22
-14,16,30,-1,-21,23,-91,-129,-93,-46,-27,7
-18,6,24,6,-21,15,-87,-125,-98,-55,-37,-3
-20,0,19,10,-20,9,-83,-117,-96,-58,-41,-10
-20,-4,15,12,-18,5,-78,-106,-90,-57,-43,-15
-19,-7,12,13,-16,2,-72,-94,-82,-54,-42,-17
-18,-8,11,13,-15,1,-67,-81,-73,-50,-39,-18
-17,-7,10,12,-14,1,-62,-69,-64,-44,-35,-17
-16,-6,9,11,-12,1,-58,-58,-54,-37,-30,-16
-14,-6,8,10,-10,0,-53,-47,-45,-31,-25,-14
-12,-6,6,9,-9,0,-49,-37,-36,-26,-21,-13
-11,-5,6,8,-8,0,-46,-29,-29,-22,-18,-11
-10,-5,6,7,-8,0,-43,-22,-23,-18,-15,-9
-9,-4,4,7,-7,0,-40,-16,-19,-15,-13,-8
-7,-5,2,6,-5,-1,-39,-12,-16,-13,-12,-8
-7,-5,1,6,-4,-2,-38,-9,-14,-11,-11,-7
-7,-6,1,7,-4,-3,-37,-7,-12,-10,-10,-7
-7,-6,0,7,-4,-3,-37,-6,-11,-10,-9,-7
-7,-7,0,7,-3,-4,-36,-5,-10,-9,-9,-7
-7,-7,0,7,-3,-4,-36,-5,-9,-9,-8,-6
-7,-7,0,7,-4,-4,-35,-4,-9,-8,-8,-6
-7,-7,0,7,-4,-3,-35,-4,-8,-8,-8,-5
-7,-6,1,7,-4,-3,-34,-3,-8,-8,-8,-5
-8,-6,1,7,-5,-3,-34,-2,-8,-8,-7,-5
-8,-7,1,7,-4,-3,-33,-2,-8,-8,-7,-5
-7,-7,0,7,-3,-4,-33,-1,-8,-8,-7,-5
-7,-7,0,7,-3,-5,-33,-1,-7,-8,-7,-5
-6,-7,0,7,-3,-5,-33,-1,-7,-7,-7,-5
-5,-7,0,6,-2,-5,-33,-1,-7,-7,-7,-5
-5,-6,-1,6,-2,-4,-33,0,-7,-7,-7,-5
-5,-6,-1,5,-1,-4,-33,0,-6,-7,-7,-5
-4,-7,-2,5,-1,-5,-33,0,-6,-6,-7,-4
-3,-7,-3,5,0,-5,-33,0,-6,-6,-7,-5
-3,-7,-4,4,1,-6,-32,0,-6,-6,-7,-5
-4,-7,-2,5,-1,-5,-31,1,-5,-5,-7,-5
-6,-7,0,6,-2,-4,-30,1,-4,-5,-6,-4
-5,-6,0,5,-2,-4,-30,1,-4,-5,-6,-4
-4,-6,-1,5,-2,-4,-30,1,-4,-5,-6,-4
-4,-6,-1,5,-2,-4,-29,2,-4,-5,-6,-4
-5,-6,-1,6,-2,-4,-29,2,-4,-5,-6,-4
-5,-6,-1,6,-2,-4,-29,2,-3,-5,-6,-3
-5,-6,-1,6,-2,-4,-28,3,-3,-4,-5,-3
-5,-5,-1,5,-2,-3,-28,3,-3,-4,-5,-3
-4,-5,-1,5,-1,-4,-29,3,-3,-4,-5,-3
-3,-6,-2,4,0,-4,-29,2,-4,-5,-6,-3
-2,-6,-2,4,0,-4,-29,3,-3,-5,-6,-3
-2,-5,-2,4,0,-4,-28,4,-3,-4,-5,-3
-3,-5,-1,4,-1,-3,-28,5,-3,-4,-5,-3
-4,-5,0,4,-2,-3,-27,5,-3,-4,-5,-3
-4,-5,-1,4,-1,-4,-27,6,-3,-4,-6,-3
-3,-5,-1,4,0,-4,-26,6,-2,-4,-6,-2
-3,-5,-1,4,0,-3,-25,7,-2,-3,-5,-2
-2,-5,-2,4,0,-4,-25,7,-2,-3,-5,-2
-2,-6,-2,4,0,-4,-24,7,-2,-3,-5,-2
-2,-5,-2,3,0,-4,-24,7,-2,-3,-5,-2
-2,-5,-1,3,0,-4,-23,8,-1,-2,-4,-1
-2,-4,-1,3,-1,-4,-23,8,-1,-2,-4,-1
-2,-4,-1,3,0,-4,-23,8,-1,-2,-4,-1
-2,-4,-2,3,0,-4,-23,8,-1,-2,-4,-1
-1,-4,-2,3,0,-4,-22,8,-1,-2,-4,-1
-2,-5,-2,4,-1,-3,-22,9,0,-1,-4,0
-3,-5,-1,4,-1,-3,-21,9,0,-1,-4,0
-3,-5,-1,4,-1,-3,-21,10,1,-1,-4,0
-3,-5,-1,4,-2,-3,-20,10,1,-1,-3,0
-2,-4,-1,3,-1,-3,-19,11,2,0,-3,0
-1,-4,-2,2,0,-4,-19,11,2,0,-3,0
0,-3,-3,2,1,-4,-18,10,2,-1,-3,0
0,-4,-2,2,1,-4,-18,10,2,-1,-3,0
-1,-4,-2,3,0,-3,-18,10,3,-1,-3,0
-1,-4,-1,3,0,-3,-17,11,4,0,-2,1
0,-3,-1,2,0,-3,-17,11,4,0,-2,1
0,-3,-2,1,1,-3,-17,11,5,0,-2,1
1,-2,-2,1,1,-3,-17,11,5,0,-2,1
0,-2,-1,1,1,-2,-16,12,5,0,-2,1
0,-2,-2,1,1,-3,-16,12,5,0,-2,1
0,-3,-2,1,2,-3,-15,12,5,0,-2,1
0,-3,-2,1,2,-3,-15,13,6,0,-1,2
1,-2,-3,1,2,-3,-14,13,6,1,-1,2
1,-2,-3,1,2,-3,-14,14,7,1,-1,3
1,-2,-3,1,1,-3,-13,14,7,2,0,3
0,-2,-2,1,1,-2,-13,15,8,2,0,3
0,-2,-1,1,0,-2,-12,15,8,2,0,4
0,-2,-1,1,0,-2,-12,16,9,3,1,4
1,-1,-1,0,1,-2,-12,16,10,3,1,4
2,-1,-2,0,2,-2,-12,17,11,4,2,5
3,0,-3,-1,3,-2,-12,17,11,4,2,5
4,0,-3,-1,4,-1,-12,18,12,4,2,5
4,0,-3,-2,4,-1,-12,18,12,4,2,5
4,0,-2,-2,4,-1,-12,19,13,5,3,5
4,1,-2,-3,4,-1,-12,20,13,6,3,6
5,2,-2,-4,4,-1,-12,21,14,6,4,6
6,2,-3,-4,5,-1,-12,21,14,7,4,6
7,2,-3,-4,5,-1,-11,22,15,7,4,7
7,2,-4,-4,6,-1,-11,22,16,7,5,7
7,3,-4,-5,6,0,-11,23,17,8,5,8
7,3,-4,-5,6,0,-11,24,18,9,6,8
8,4,-4,-6,7,0,-11,25,19,9,7,9
8,4,-4,-6,7,0,-11,25,20,10,8,9
8,4,-3,-6,6,0,-11,26,21,11,9,10
8,5,-2,-6,6,1,-10,27,22,12,10,11
8,6,-2,-7,6,1,-10,28,23,13,11,12
10,6,-3,-8,6,1,-10,28,24,13,11,12
11,7,-3,-9,7,1,-10,28,24,14,12,13
12,7,-4,-9,8,1,-10,29,25,15,13,14
13,8,-4,-10,8,1,-10,29,26,16,13,14
14,9,-4,-12,9,1,-11,29,26,16,14,15
15,9,-5,-12,10,1,-11,30,27,17,14,15
15,9,-4,-12,10,1,-11,31,28,17,14,16
16,9,-5,-13,11,1,-11,31,28,18,15,17
17,10,-6,-14,12,1,-11,31,29,18,16,17
18,10,-6,-14,12,1,-11,31,29,19,16,18
18,11,-6,-14,12,2,-11,32,30,19,17,18
18,11,-5,-14,11,2,-10,32,31,20,18,19
17,11,-5,-15,11,3,-10,32,31,21,19,19
18,13,-4,-16,11,4,-10,32,32,21,19,20
19,14,-4,-17,12,4,-11,32,32,22,19,20
20,14,-5,-17,12,4,-11,32,32,22,19,20
20,15,-5,-17,12,4,-11,32,32,22,19,21
20,15,-4,-17,12,4,-11,32,32,22,20,21
20,15,-3,-17,12,5,-10,33,33,23,20,22
20,15,-3,-18,12,5,-10,33,33,23,21,22
20,15,-4,-18,12,5,-10,32,33,24,21,22
20,16,-4,-18,12,5,-10,32,33,24,21,23
21,16,-4,-18,12,5,-10,32,33,24,21,23
21,16,-4,-19,12,5,-10,32,33,24,21,23
20,16,-3,-18,12,5,-10,31,33,24,21,23
20,16,-3,-18,11,5,-10,31,32,23,20,23
19,16,-2,-18,11,6,-10,30,31,23,20,23
18,15,-2,-17,10,6,-10,29,30,22,19,22
19,15,-3,-17,11,6,-10,27,27,20,18,21
19,14,-4,-16,11,5,-10,25,25,19,17,20
17,13,-3,-15,10,5,-9,24,24,18,16,19
15,13,-2,-14,8,5,-8,23,23,17,15,19
13,12,-1,-13,7,5,-8,22,22,17,14,18
12,12,0,-12,6,5,-7,21,21,16,13,17
10,11,1,-11,4,5,-7,21,20,15,12,16
8,11,3,-9,3,6,-6,20,19,14,12,16
7,10,3,-8,2,6,-5,19,17,13,10,15
7,9,2,-8,2,5,-4,17,15,11,9,13
6,8,2,-7,2,5,-4,16,13,10,7,12
5,7,2,-6,1,4,-3,15,12,9,6,11
4,6,3,-5,0,4,-3,14,11,8,5,10
4,6,3,-5,0,3,-3,13,10,7,4,9
3,4,3,-4,0,2,-3,11,8,6,3,8
2,3,3,-3,0,2,-3,10,7,5,2,7
0,2,3,-2,-1,2,-3,9,6,4,1,6
0,2,3,-1,-2,2,-3,8,4,3,0,5
-1,1,3,0,-2,2,-3,7,3,2,-1,4
-1,1,3,0,-2,1,-2,6,2,1,-2,3
-2,0,3,0,-3,1,-2,6,1,1,-3,3
-2,-1,2,1,-3,0,-2,6,1,1,-3,2
-2,-1,2,1,-3,0,-2,5,0,0,-4,2
-1,-2,1,1,-2,-1,-2,5,0,0,-4,1
0,-2,0,1,0,-2,-2,4,-1,-1,-5,0
-1,-2,0,1,0,-2,-2,3,-2,-1,-6,0
-3,-3,0,3,-2,-1,-1,3,-2,-2,-6,0
-3,-3,1,3,-3,-1,-1,2,-2,-2,-6,0
-3,-3,1,3,-3,-1,-1,2,-2,-2,-6,0
-3,-3,1,2,-3,-1,-1,3,-2,-2,-6,0
-3,-2,1,2,-3,-1,-1,3,-2,-2,-6,0
-3,-2,1,2,-3,-1,-1,2,-3,-2,-7,0
-3,-2,1,2,-2,-1,-1,2,-3,-2,-7,0
-3,-2,1,2,-2,-1,-1,2,-4,-2,-7,0
-4,-2,1,3,-3,-1,0,2,-4,-2,-7,0
-5,-3,2,4,-3,-1,0,2,-4,-2,-7,0
-4,-3,1,4,-2,-2,-1,1,-4,-3,-8,0
-3,-3,0,3,-2,-2,-1,1,-5,-4,-8,-1
-3,-3,0,3,-1,-2,-1,0,-5,-5,-8,-1
-3,-3,0,3,-1,-2,-1,0,-5,-5,-8,-1
-3,-3,1,3,-2,-2,-1,0,-5,-5,-8,0
-3,-3,1,3,-2,-1,-1,1,-5,-5,-8,0
-3,-3,0,3,-1,-1,-1,0,-5,-5,-8,0
-2,-3,0,2,-1,-1,0,0,-5,-5,-8,0
-3,-3,0,3,-2,-1,0,0,-4,-4,-8,0
-4,-3,1,3,-3,-1,0,1,-4,-4,-8,0
-5,-3,2,3,-3,-1,0,1,-4,-4,-8,0
-4,-3,1,4,-3,-2,0,1,-4,-5,-8,0
-3,-4,-1,4,-1,-4,0,0,-5,-5,-8,0
-3,-4,-1,4,-1,-4,0,0,-5,-5,-8,0
-3,-4,0,4,-2,-3,0,1,-5,-4,-7,0
-3,-4,0,4,-2,-2,0,1,-5,-4,-7,1
-3,-4,0,4,-2,-2,0,1,-5,-4,-8,1
-3,-4,0,3,-1,-2,0,0,-5,-4,-8,1
-3,-4,0,3,-2,-2,0,0,-5,-4,-8,1
-3,-3,0,3,-2,-2,0,0,-5,-4,-8,1
-3,-3,0,3,-2,-2,0,0,-5,-4,-8,1
-4,-3,1,4,-3,-1,0,1,-4,-4,-7,1
-5,-3,2,4,-4,-1,0,1,-4,-3,-7,1
-5,-3,1,4,-3,-1,0,1,-4,-3,-7,1
-4,-4,1,4,-3,-2,0,1,-4,-4,-7,1
-5,-4,1,4,-3,-2,0,1,-4,-4,-7,1
-5,-5,0,4,-3,-2,0,1,-4,-4,-7,1
-4,-5,0,4,-3,-2,0,1,-4,-4,-7,1
-5,-5,1,4,-3,-2,1,2,-4,-4,-7,1
-6,-5,1,5,-4,-2,2,2,-4,-4,-7,1
-6,-5,1,5,-4,-2,2,2,-4,-5,-7,1
-7,-5,1,6,-4,-2,2,2,-4,-5,-7,1
-7,-5,1,6,-4,-2,2,2,-3,-4,-7,1
-7,-5,1,6,-4,-2,2,2,-3,-4,-7,2
-6,-5,1,5,-3,-2,2,2,-3,-3,-7,2
-5,-4,0,5,-2,-2,2,2,-4,-3,-7,1
-5,-4,1,5,-2,-1,2,2,-4,-3,-7,1
-6,-4,2,5,-3,-1,2,2,-4,-3,-7,2
-6,-4,2,5,-3,-1,2,2,-4,-4,-7,2
-6,-4,1,5,-3,-2,2,2,-4,-4,-8,1
-6,-4,1,5,-3,-1,2,2,-4,-4,-8,1
-6,-4,2,5,-4,-1,2,2,-4,-4,-8,1
-7,-4,3,5,-5,-1,2,2,-4,-4,-7,1
-7,-4,3,6,-5,-1,3,3,-4,-3,-7,1
-7,-4,3,6,-5,-1,3,3,-4,-3,-6,1
-7,-4,3,5,-5,0,3,3,-4,-3,-6,1
-6,-3,3,5,-5,0,3,3,-3,-3,-6,1
-6,-3,3,5,-5,0,3,3,-3,-3,-6,1
-6,-3,2,5,-4,0,3,3,-3,-3,-6,1
-6,-3,2,5,-4,0,3,2,-3,-3,-6,1
-5,-3,2,4,-4,0,3,2,-3,-3,-6,1
-5,-3,2,4,-4,0,3,2,-3,-4,-6,1
-5,-3,2,4,-4,0,3,2,-3,-4,-7,1
-5,-3,2,4,-4,0,3,2,-3,-4,-7,1
-5,-3,1,4,-3,-1,3,2,-3,-4,-7,1
-5,-3,1,4,-3,-1,3,2,-3,-4,-7,1
-4,-3,1,4,-3,-1,3,1,-3,-4,-7,1
-4,-3,0,3,-2,-1,3,1,-3,-4,-7,1
-3,-3,0,3,-2,-1,3,0,-3,-4,-8,1
-3,-3,0,3,-2,-1,3,0,-3,-4,-7,1
-3,-3,0,3,-2,-1,3,0,-3,-4,-7,1
-3,-2,0,3,-2,-1,3,0,-3,-3,-7,1
-2,-2,0,2,-1,-1,3,0,-3,-3,-7,1
-2,-2,0,3,-1,-1,3,0,-3,-3,-7,1
-4,-2,1,3,-3,-1,3,1,-3,-3,-6,1
-4,-2,1,3,-3,0,3,1,-3,-3,-6,1
-4,-2,2,3,-4,0,3,1,-3,-3,-6,1
-4,-2,2,3,-4,0,3,1,-2,-3,-6,1
-4,-2,2,3,-4,0,4,1,-2,-3,-6,2
-4,-1,2,3,-4,0,4,1,-2,-3,-6,2
-4,-2,2,3,-4,0,4,1,-2,-3,-6,2
-5,-2,3,4,-4,0,4,1,-1,-3,-6,2
-6,-2,3,4,-5,0,4,1,-1,-3,-6,2
-6,-2,3,4,-4,0,4,1,-1,-3,-7,1
-5,-2,1,3,-4,0,3,1,-2,-3,-7,1
-4,-2,0,3,-3,-1,3,1,-2,-4,-8,0
-3,-2,0,3,-3,-1,3,1,-2,-4,-8,0
-4,-2,1,3,-3,-1,4,1,-2,-3,-7,0
-4,-2,2,3,-4,-1,4,1,-1,-3,-7,0
-5,-2,2,3,-4,-1,4,0,-1,-3,-7,0
-4,-2,2,3,-3,-1,4,0,-1,-3,-7,0
-4,-2,1,2,-3,-1,4,0,-2,-3,-7,0
-4,-3,0,2,-2,-1,3,0,-2,-4,-8,0
-4,-3,0,3,-2,-2,3,-1,-2,-4,-8,0
-5,-3,1,4,-3,-2,3,-1,-2,-4,-8,0
-6,-3,1,4,-4,-1,3,-1,-2,-4,-8,0
-5,-3,1,4,-3,-1,3,-1,-2,-4,-8,0
-3,-2,0,3,-2,-1,3,-1,-2,-4,-8,0
-3,-3,0,3,-1,-1,3,-1,-2,-4,-8,-1
-3,-3,0,3,-2,-1,3,-1,-2,-4,-8,-1
-3,-3,0,3,-2,-1,3,-1,-2,-4,-8,-1
-3,-3,0,3,-2,-1,3,0,-2,-4,-8,-1
-4,-2,1,3,-3,-1,4,0,-1,-4,-8,0
-5,-2,1,4,-4,-1,4,0,-1,-4,-8,0
-4,-3,1,4,-3,-2,4,-1,-2,-4,-9,-1
-4,-3,0,4,-2,-2,4,-1,-2,-4,-9,-1
-3,-4,0,4,-2,-2,4,-1,-2,-4,-9,-1
-2,-3,-1,3,-1,-2,4,-1,-2,-4,-9,-1
-3,-3,0,3,-2,-2,4,-1,-2,-4,-9,-1
-6,-3,2,4,-4,-1,5,0,-1,-4,-8,-1
-6,-3,1,5,-4,-2,5,0,-1,-4,-8,-1
-5,-3,0,4,-2,-3,4,-1,-2,-5,-9,-1
-4,-3,-1,3,-1,-3,4,-1,-2,-5,-9,-1
-3,-4,-2,3,-1,-3,4,-1,-2,-5,-9,-1
-3,-5,-3,4,0,-4,4,-1,-2,-6,-10,-1
-2,-5,-3,4,0,-4,4,-1,-2,-6,-10,-2
-2,-5,-3,3,0,-4,4,-1,-2,-6,-10,-2
-3,-4,-2,3,0,-3,4,-1,-2,-5,-10,-1
-3,-4,-2,3,-1,-3,4,-2,-2,-5,-10,-1
-3,-3,-2,3,-1,-3,4,-2,-2,-5,-10,-1
-3,-3,-2,3,-1,-3,4,-2,-2,-5,-10,-1
-3,-3,-2,3,0,-3,4,-2,-2,-5,-10,-1
-2,-4,-3,3,0,-3,4,-2,-2,-6,-10,-2
-2,-4,-3,3,0,-3,4,-2,-2,-6,-10,-2
-2,-4,-2,3,-1,-2,4,-2,-2,-6,-9,-2
-2,-4,-2,3,-1,-2,4,-2,-3,-6,-8,-2
-2,-4,-2,3,0,-3,4,-3,-3,-6,-7,-2
-2,-5,-3,3,0,-4,4,-3,-3,-6,-7,-2
-3,-5,-3,4,0,-4,4,-3,-3,-6,-7,-2
-3,-5,-2,4,-1,-4,4,-3,-3,-6,-6,-2
-2,-4,-2,3,0,-3,4,-3,-3,-6,-6,-3
-1,-4,-3,2,1,-4,4,-3,-3,-6,-6,-3
-1,-4,-3,2,0,-4,5,-3,-3,-6,-6,-3
-3,-4,-1,4,-1,-3,5,-3,-3,-6,-6,-3
-5,-4,0,5,-3,-3,5,-4,-3,-6,-6,-3
-4,-4,-1,4,-2,-3,5,-4,-3,-6,-6,-3
-3,-4,-2,4,0,-4,5,-4,-3,-6,-5,-3
-2,-4,-3,3,0,-4,5,-5,-3,-6,-5,-3
-3,-5,-2,4,0,-3,5,-5,-3,-6,-5,-3
-5,-5,-1,6,-2,-3,5,-5,-3,-7,-5,-3
-6,-5,0,6,-3,-3,5,-5,-3,-7,-5,-3
-3,-4,-1,4,-1,-3,5,-5,-3,-6,-5,-3
-1,-2,-1,2,0,-3,5,-5,-3,-6,-5,-3
-1,-2,-1,2,0,-3,5,-5,-3,-6,-5,-3
-1,-3,-2,2,0,-3,5,-6,-4,-7,-6,-3
0,-3,-3,2,0,-3,4,-6,-4,-7,-6,-3
0,-3,-3,2,0,-3,5,-5,-3,-7,-6,-3
-1,-3,-2,3,0,-3,5,-5,-3,-7,-6,-3
-2,-3,-2,3,0,-3,6,-5,-3,-7,-6,-3
-2,-3,-2,3,0,-3,6,-5,-3,-7,-6,-3
-2,-3,-2,3,0,-3,6,-5,-3,-7,-6,-3
-2,-4,-2,3,0,-3,6,-6,-3,-8,-6,-3
-2,-4,-3,3,0,-4,5,-6,-3,-8,-6,-3
-2,-4,-2,3,0,-3,5,-6,-3,-7,-6,-3
-3,-3,-1,4,-1,-2,6,-6,-3,-7,-5,-2
-4,-4,0,4,-2,-2,6,-6,-3,-6,-5,-2
-5,-4,0,5,-3,-1,6,-5,-3,-6,-5,-1
-6,-4,0,5,-3,-1,6,-5,-2,-5,-5,-1
-5,-4,0,4,-2,-2,5,-5,-3,-6,-6,-2
-3,-4,-1,4,-1,-3,5,-6,-3,-6,-6,-2
-2,-4,-2,3,0,-3,5,-6,-4,-7,-6,-3
-2,-4,-2,3,0,-3,5,-6,-4,-7,-6,-3
-1,-4,-3,3,0,-3,5,-6,-4,-7,-7,-3
-1,-4,-3,2,1,-4,4,-6,-4,-7,-7,-4
-1,-4,-4,2,1,-4,4,-6,-4,-7,-7,-4
-1,-4,-4,3,1,-4,4,-6,-4,-7,-7,-4
-2,-4,-3,3,0,-4,4,-6,-4,-7,-7,-4
-2,-4,-2,3,0,-3,4,-6,-3,-7,-7,-4
-3,-5,-1,4,-1,-3,4,-6,-3,-7,-7,-3
-4,-5,0,4,-2,-3,5,-6,-3,-7,-7,-3
-4,-4,0,4,-3,-2,5,-5,-3,-7,-7,-3
-4,-4,0,4,-2,-1,5,-5,-3,-6,-7,-3
-3,-4,-1,3,-1,-2,5,-5,-3,-6,-7,-3
-3,-4,-1,3,-1,-2,5,-5,-3,-6,-7,-2
-2,-4,-1,3,0,-2,4,-6,-3,-6,-7,-2
-2,-3,-1,2,0,-2,4,-6,-4,-6,-7,-2
-2,-3,-1,2,0,-2,4,-6,-4,-6,-7,-2
-1,-3,-1,2,0,-2,4,-6,-4,-6,-7,-2
-1,-3,-1,2,0,-2,4,-5,-3,-6,-7,-2
-1,-3,-1,2,0,-2,5,-5,-3,-6,-7,-2
-1,-3,-1,2,0,-2,5,-4,-2,-6,-7,-2
-1,-2,0,2,-1,-1,6,-4,-2,-6,-6,-2
-1,-2,0,2,-1,-1,7,-4,-2,-6,-6,-2
-1,-1,0,1,-1,0,7,-4,-2,-6,-6,-2
0,0,0,0,-1,0,8,-3,-2,-6,-6,-2
0,0,0,0,0,0,8,-3,-2,-5,-5,-2
1,1,0,0,0,0,8,-2,-1,-5,-5,-1
2,2,0,-1,0,0,9,-2,-1,-5,-5,-1
2,2,0,-2,0,1,9,-1,0,-5,-4,-1
2,3,0,-2,0,1,10,0,0,-4,-4,0
2,2,0,-2,0,1,10,0,0,-4,-3,0
1,2,0,-2,0,1,11,0,1,-3,-3,0
2,2,0,-2,1,1,11,0,0,-3,-3,0
2,2,0,-2,1,1,10,0,0,-4,-3,0
3,2,-1,-2,2,0,10,0,0,-4,-3,0
3,1,-1,-2,2,0,10,-1,0,-4,-3,0
3,1,0,-2,1,0,9,-1,0,-4,-3,0
2,2,1,-2,0,0,9,-1,0,-3,-2,0
2,2,0,-2,0,0,9,-1,0,-3,-2,0
3,2,0,-2,1,0,8,-1,0,-3,-2,0
3,2,0,-2,2,1,7,0,1,-3,-2,1
3,3,0,-2,2,1,6,0,1,-2,-2,2
3,3,0,-3,2,1,5,-1,1,-2,-2,2
3,3,0,-3,2,1,4,-1,1,-2,-1,3
4,3,0,-4,3,1,4,-1,1,-1,-1,3
6,4,-2,-5,5,0,3,-2,1,-1,-1,3
8,3,-4,-5,6,-1,2,-2,0,-2,-2,2
8,3,-5,-5,6,-1,2,-3,0,-2,-2,2
7,2,-5,-4,6,-2,2,-3,-1,-3,-2,1
7,2,-6,-4,7,-2,3,-3,-1,-3,-2,1
7,1,-7,-4,7,-3,3,-3,-1,-3,-1,1
7,1,-6,-4,7,-3,3,-4,-1,-3,-1,1
7,1,-6,-4,6,-3,3,-4,-1,-3,-1,1
7,1,-6,-3,6,-3,3,-3,-1,-3,-1,1
7,0,-7,-3,6,-3,3,-3,-1,-4,-1,1
7,0,-7,-4,7,-3,3,-3,-1,-4,-1,1
7,0,-7,-4,7,-3,3,-3,-1,-4,0,1
6,0,-6,-3,6,-2,4,-3,-1,-5,0,1
5,-1,-6,-2,6,-3,4,-3,-2,-5,0,0
6,-1,-7,-2,7,-4,4,-4,-3,-6,-1,0
6,-1,-7,-2,6,-4,4,-4,-3,-7,-1,0
4,-1,-6,-1,5,-4,4,-4,-3,-7,-1,0
2,-2,-4,0,3,-3,5,-4,-3,-7,-1,0
0,-2,-2,2,1,-3,6,-4,-4,-7,-1,0
-1,-3,-1,3,0,-2,7,-4,-4,-7,-1,0
-2,-3,-1,3,0,-3,7,-5,-5,-8,-2,-1
-2,-4,-2,3,0,-3,6,-5,-6,-9,-3,-2
-3,-5,-1,3,-1,-3,6,-5,-6,-9,-3,-3
-4,-5,0,4,-2,-3,7,-5,-7,-9,-3,-3
-5,-5,0,4,-2,-3,7,-5,-7,-10,-3,-3
-5,-5,0,5,-2,-3,7,-5,-7,-10,-3,-3
-5,-5,-1,5,-2,-3,7,-6,-7,-10,-3,-3
-4,-5,-1,4,-1,-3,7,-6,-7,-10,-3,-3
-4,-6,-1,4,-1,-3,7,-6,-7,-10,-3,-3
-4,-6,-1,4,-1,-3,7,-6,-7,-10,-3,-3
-5,-5,0,4,-2,-2,7,-6,-7,-10,-3,-3
-5,-5,1,5,-3,-1,8,-6,-7,-9,-3,-3
-5,-5,0,5,-3,-2,8,-6,-7,-9,-3,-3
-4,-5,0,4,-2,-3,8,-6,-7,-9,-4,-3
-4,-6,-1,4,-2,-3,8,-6,-7,-9,-4,-3
-5,-5,0,4,-2,-3,8,-6,-7,-9,-4,-2
-4,-5,0,4,-2,-3,8,-6,-7,-10,-4,-3
-4,-5,-1,4,-2,-3,8,-6,-8,-11,-4,-3
-5,-6,-1,5,-2,-3,8,-5,-8,-11,-4,-4
-5,-6,-1,5,-2,-3,9,-4,-8,-11,-4,-4
-6,-7,0,6,-3,-3,10,-2,-8,-11,-4,-4
-6,-7,0,6,-3,-4,12,0,-7,-11,-4,-4
-7,-8,-1,7,-3,-4,15,4,-5,-10,-4,-5
-8,-8,0,7,-3,-4,18,10,-2,-9,-3,-5
-9,-7,2,7,-5,-3,22,17,3,-5,-1,-4
-8,-4,3,5,-5,0,26,24,9,0,2,-2
-4,0,4,1,-3,2,28,31,17,5,7,0
2,4,3,-3,0,4,29,40,26,13,13,4
9,9,0,-9,4,5,30,51,38,22,21,9
17,14,-3,-16,10,5,30,60,49,30,29,15
25,18,-7,-22,16,5,27,64,58,38,37,22
33,23,-10,-28,22,6,21,64,67,47,47,31
41,29,-12,-35,27,9,16,63,75,56,58,41
49,37,-13,-43,31,12,9,59,83,65,70,52
57,45,-11,-51,34,18,0,50,87,74,81,65
64,55,-8,-60,36,24,-11,35,88,81,93,78
68,66,-2,-67,35,31,-25,15,85,86,102,90
67,75,8,-71,29,42,-38,-8,76,87,107,100
60,83,22,-72,19,52,-48,-33,62,84,108,106
50,83,33,-67,8,58,-55,-56,42,73,99,104
36,75,39,-56,-1,57,-58,-77,15,51,78,90
21,61,40,-41,-9,50,-59,-96,-17,22,49,70
6,44,37,-25,-15,41,-59,-113,-51,-8,18,47
-5,28,34,-12,-19,31,-58,-125,-78,-33,-7,27
-11,17,29,-3,-20,23,-55,-128,-93,-49,-24,12
-14,9,24,2,-19,16,-51,-123,-97,-57,-33,2
-15,3,19,6,-18,10,-46,-115,-95,-59,-38,-4
-17,-2,15,10,-17,5,-40,-104,-89,-59,-39,-9
-18,-6,12,12,-15,2,-34,-92,-81,-56,-39,-12
-17,-8,9,12,-13,0,-28,-80,-72,-52,-36,-13
-15,-9,7,12,-11,-1,-23,-69,-63,-47,-32,-12
-13,-9,6,11,-9,-1,-18,-57,-54,-41,-27,-11
-12,-8,5,10,-8,-2,-14,-46,-44,-34,-22,-9
-11,-8,3,9,-7,-2,-10,-37,-36,-29,-18,-8
-11,-8,3,9,-7,-2,-5,-29,-29,-25,-15,-6
-10,-8,2,8,-7,-2,-1,-22,-23,-21,-12,-5
-8,-7,1,7,-5,-3,2,-16,-19,-18,-10,-4
-7,-7,0,6,-3,-3,5,-11,-15,-16,-8,-3
-7,-8,-1,6,-2,-4,6,-9,-13,-14,-7,-3
-7,-9,-2,7,-2,-5,6,-7,-12,-14,-7,-4
-9,-10,-1,9,-3,-5,7,-5,-10,-13,-6,-4
-9,-10,-1,10,-4,-5,7,-3,-9,-12,-6,-4
-8,-10,-2,9,-3,-6,7,-3,-9,-11,-6,-4
-7,-10,-3,8,-2,-6,7,-3,-8,-11,-6,-4
-6,-9,-3,7,-2,-6,8,-2,-8,-11,-6,-5
-6,-9,-3,7,-2,-6,8,-1,-8,-11,-6,-5
-7,-9,-2,8,-2,-5,9,0,-7,-10,-5,-5
-7,-9,-2,8,-2,-5,9,0,-7,-10,-5,-5
-7,-9,-2,8,-2,-5,9,0,-6,-9,-5,-5
-7,-9,-2,8,-2,-6,9,0,-6,-9,-5,-5
-7,-9,-3,8,-2,-6,9,0,-7,-10,-6,-5
-7,-9,-2,8,-3,-5,9,0,-6,-10,-6,-5
-6,-9,-2,7,-2,-5,9,0,-6,-9,-5,-5
-5,-9,-3,6,-1,-5,9,0,-5,-9,-5,-5
-6,-9,-3,6,-2,-5,9,0,-5,-9,-5,-5
-6,-8,-2,7,-2,-4,9,1,-5,-9,-5,-5
-6,-8,-2,7,-1,-5,9,1,-5,-9,-5,-5
-5,-8,-3,7,-1,-6,9,1,-4,-9,-5,-5
-6,-8,-2,7,-2,-6,9,2,-4,-9,-4,-5
-7,-9,-2,8,-3,-5,9,3,-3,-8,-4,-5
-7,-9,-1,8,-3,-5,9,3,-3,-8,-3,-5
-7,-9,-1,8,-3,-5,9,3,-2,-8,-3,-5
-7,-9,-1,8,-3,-5,9,3,-2,-9,-3,-5
-6,-9,-2,8,-2,-5,9,3,-2,-9,-3,-5
-6,-9,-2,7,-2,-5,9,3,-2,-9,-3,-5
-6,-8,-1,7,-1,-4,9,3,-2,-9,-3,-5
-5,-7,-1,6,-1,-4,9,3,-2,-9,-3,-5
-4,-7,-2,5,-1,-4,9,3,-2,-9,-3,-5
-4,-7,-2,5,-1,-4,9,3,-2,-9,-3,-5
-3,-7,-2,4,-1,-4,9,3,-1,-8,-3,-5
-3,-7,-2,4,0,-4,9,3,-1,-8,-3,-5
-4,-7,-3,5,0,-5,9,4,-1,-8,-3,-5
-3,-8,-4,5,0,-6,8,4,-1,-8,-4,-6
-3,-8,-4,6,0,-6,8,4,-1,-8,-4,-6
-4,-8,-3,6,0,-5,8,4,-1,-8,-3,-5
-4,-8,-3,6,0,-5,8,4,-1,-7,-3,-5
-3,-8,-4,5,0,-6,8,4,-1,-7,-3,-5
-2,-7,-4,5,0,-5,8,4,0,-7,-3,-5
-2,-7,-4,5,0,-5,8,5,0,-7,-3,-5
-2,-7,-5,5,1,-6,8,5,0,-7,-2,-5
-2,-7,-5,5,1,-6,8,5,0,-7,-1,-5
-2,-6,-4,4,1,-5,8,5,0,-7,0,-5
-2,-6,-4,4,1,-5,8,5,0,-6,1,-5
-2,-6,-4,3,1,-5,8,5,0,-6,1,-5
-2,-6,-4,3,1,-5,8,6,0,-6,2,-5
-2,-6,-4,3,1,-5,8,6,0,-6,3,-5
-1,-5,-4,3,1,-4,8,7,1,-6,4,-4
-1,-5,-3,3,0,-4,8,7,1,-6,5,-4
-1,-5,-3,3,0,-4,8,7,2,-5,5,-4
-1,-5,-3,3,0,-4,8,7,2,-5,5,-4
-1,-5,-3,3,0,-4,8,8,2,-5,6,-3
-1,-5,-2,3,0,-4,8,8,3,-4,6,-3
-1,-5,-2,3,0,-4,8,9,3,-4,6,-3
-1,-5,-3,2,1,-4,7,9,3,-4,6,-3
-1,-5,-3,2,0,-4,7,9,3,-4,6,-3
-1,-5,-2,3,0,-4,7,9,4,-4,6,-3
-1,-5,-3,3,0,-4,6,9,4,-4,6,-4
-1,-5,-4,3,1,-5,6,8,3,-5,5,-4
0,-6,-5,3,2,-5,5,8,3,-5,5,-5
2,-5,-6,1,4,-5,5,9,4,-4,6,-4
4,-3,-6,0,5,-5,6,10,5,-3,7,-3
4,-3,-6,-1,5,-4,6,11,6,-3,7,-3
3,-3,-5,-1,4,-4,6,12,7,-3,8,-2
2,-3,-4,0,3,-3,6,12,8,-2,8,-2
2,-2,-3,0,2,-3,6,13,9,-2,9,-1
1,-2,-3,0,2,-2,6,13,9,-1,10,-1
1,-2,-2,0,1,-2,6,13,10,0,10,0
1,-1,-2,0,1,-1,6,14,10,0,10,0
2,-1,-2,0,2,-2,5,14,10,0,10,0
4,-1,-4,-1,4,-2,5,14,10,0,10,0
5,-1,-5,-2,5,-3,5,14,11,0,10,0
5,-1,-5,-2,5,-3,5,15,11,1,10,0
5,0,-5,-2,5,-3,5,15,12,1,11,0
6,0,-5,-3,5,-3,5,16,12,2,11,0
7,0,-6,-4,6,-3,4,16,13,2,12,0
7,0,-6,-4,6,-2,4,17,14,3,12,0
6,0,-5,-4,5,-2,4,18,15,4,13,1
5,0,-4,-4,5,-1,4,19,16,5,13,2
6,1,-3,-4,5,0,4,20,17,5,14,2
6,1,-4,-4,5,0,4,20,18,6,14,3
7,2,-4,-5,6,-1,4,21,19,7,15,3
8,2,-5,-5,6,-1,3,21,20,7,16,3
9,2,-5,-6,7,-1,3,22,21,8,16,4
11,3,-6,-7,8,-1,2,22,22,8,17,4
13,4,-7,-8,10,-1,2,23,23,9,17,5
14,5,-8,-9,11,-1,1,24,24,10,18,5
15,6,-9,-10,12,-1,1,24,25,10,18,6
16,6,-9,-11,12,-1,1,25,26,11,19,7
16,7,-8,-12,12,0,1,25,27,11,19,7
16,8,-8,-12,12,0,1,26,27,11,20,8
17,8,-7,-13,12,1,1,26,28,12,21,8
16,8,-7,-12,12,1,1,27,28,12,22,9
16,9,-6,-12,11,1,1,28,29,13,22,10
16,9,-6,-13,11,2,0,28,30,14,23,11
18,9,-8,-13,13,1,-1,28,31,14,23,11
18,9,-8,-14,13,1,-1,29,32,15,24,12
19,10,-8,-14,13,1,-1,29,33,16,24,13
19,11,-7,-15,14,2,-1,29,34,16,25,13
19,12,-6,-15,13,2,-1,29,34,17,25,13
19,12,-6,-16,12,3,-1,29,35,17,26,14
19,13,-6,-16,13,3,-1,29,35,17,26,14
20,13,-6,-16,13,3,-2,29,35,17,26,15
20,13,-6,-16,13,3,-2,29,36,18,27,15
19,12,-6,-15,12,3,-2,29,36,18,27,16
18,12,-5,-15,12,3,-2,29,37,19,27,16
18,12,-5,-16,12,3,-2,29,37,19,27,16
19,13,-6,-17,13,3,-2,29,37,19,27,16
20,13,-6,-17,13,3,-2,29,36,19,27,16
19,13,-5,-16,11,4,-2,29,36,19,27,16
17,13,-3,-15,10,5,-2,29,37,19,27,16
17,13,-3,-15,9,5,-2,28,36,19,26,16
17,13,-3,-15,10,5,-3,27,35,18,25,15
17,13,-3,-15,10,5,-3,26,34,18,25,14
16,13,-3,-15,9,5,-2,25,33,17,24,14
15,13,-2,-14,8,5,-2,24,32,17,24,13
14,12,-1,-13,7,5,-2,23,31,16,24,13
12,11,0,-12,6,5,-1,22,30,15,23,12
11,11,0,-11,5,5,-1,21,28,14,22,11
9,10,2,-10,3,6,0,20,27,13,21,11
7,10,3,-8,2,6,0,19,26,12,19,10
6,9,3,-7,1,6,0,18,25,11,18,9
4,8,4,-6,0,6,1,17,24,10,17,8
3,8,4,-5,0,6,1,16,22,9,16,7
3,7,4,-5,0,5,1,15,20,8,14,5
3,6,4,-4,0,4,1,13,18,6,13,4
3,5,3,-3,0,3,1,12,17,4,11,2
2,4,3,-3,0,3,1,11,15,3,10,1
1,4,3,-2,-1,3,2,10,14,2,10,0
0,3,4,-1,-2,3,2,9,14,2,9,0
-1,2,4,0,-2,3,2,8,13,1,8,0
-1,2,4,0,-3,3,2,7,12,1,7,-1
-2,1,4,0,-3,2,2,6,10,0,6,-2
-3,1,4,1,-4,2,2,6,9,-1,6,-3
-4,0,5,2,-5,2,2,5,8,-2,5,-3
-4,0,5,2,-5,2,2,5,7,-2,5,-4
-4,0,5,2,-5,2,2,5,7,-3,4,-4
-5,-1,5,3,-5,2,2,4,7,-3,4,-5
-5,-1,4,3,-5,1,2,4,6,-4,3,-5
-4,-1,4,3,-4,1,2,3,6,-4,3,-6
-4,-1,3,3,-4,1,2,2,5,-4,2,-6
-4,-1,3,3,-4,1,2,1,5,-4,2,-6
-5,-1,4,3,-4,1,2,1,5,-4,1,-7
-5,-1,4,3,-5,1,2,1,4,-5,1,-7
-6,-1,4,3,-5,1,2,0,4,-5,0,-7
-6,-1,4,3,-5,0,2,0,4,-6,0,-8
-6,-2,4,3,-5,0,2,0,4,-7,0,-8
-6,-3,4,4,-5,0,2,-1,4,-7,0,-8
-6,-3,4,4,-5,0,2,-1,4,-7,0,-8
-5,-3,3,4,-5,0,2,-2,3,-7,0,-8
-4,-3,2,4,-3,-1,2,-2,3,-7,0,-8
-4,-3,1,4,-3,-1,2,-2,3,-7,0,-8
-5,-3,2,4,-3,-1,3,-1,3,-7,0,-8
-5,-3,3,4,-4,-1,3,-1,3,-7,0,-8
-5,-3,2,4,-3,-1,2,-2,3,-7,0,-8
-4,-3,2,3,-3,-1,2,-2,2,-7,0,-8
-5,-3,3,4,-4,0,2,-2,3,-7,0,-8
-7,-3,5,5,-6,0,2,-2,3,-7,0,-8
-8,-3,5,6,-6,0,2,-2,2,-7,0,-8
-9,-4,5,6,-7,0,2,-2,2,-7,0,-8
-9,-4,5,6,-7,0,2,-2,2,-7,0,-8
-7,-4,3,5,-5,-1,2,-2,2,-7,0,-8
-4,-4,2,4,-3,-1,1,-2,2,-8,0,-8
-3,-3,2,3,-2,-1,1,-2,2,-8,0,-8
-4,-3,2,3,-3,0,2,-2,2,-8,0,-8
-4,-3,2,3,-2,-1,2,-2,2,-8,0,-8
-4,-3,1,3,-2,-1,2,-2,2,-8,0,-8
-6,-3,2,4,-4,0,3,-1,2,-8,0,-8
-7,-3,4,5,-5,0,3,-1,2,-7,0,-7
-8,-4,4,5,-6,0,3,-1,2,-7,0,-7
-7,-5,4,6,-5,0,3,-1,2,-8,0,-8
-7,-6,4,6,-5,0,2,-2,2,-8,-1,-8
-7,-6,3,6,-5,-1,2,-2,2,-9,-1,-9
-5,-5,2,5,-3,-1,2,-2,2,-9,-1,-9
-3,-4,1,4,-2,-2,2,-2,2,-9,-1,-10
-3,-3,1,3,-2,-2,2,-2,2,-8,-1,-10
-5,-3,2,4,-4,-1,2,-2,2,-8,-1,-10
-6,-3,3,4,-5,0,3,-1,2,-8,-1,-9
-7,-3,5,4,-6,0,3,-1,2,-8,0,-9
-7,-3,5,4,-6,1,3,-1,2,-8,0,-8
-7,-3,5,5,-6,0,3,-1,2,-8,0,-8
-7,-4,5,5,-6,0,4,0,3,-8,0,-8
-7,-3,5,5,-6,0,4,0,3,-8,0,-8
-7,-3,4,5,-5,0,3,-1,2,-8,0,-8
-7,-3,3,5,-5,0,3,-1,2,-8,0,-8
-6,-3,3,4,-5,0,3,-1,2,-8,0,-8
-6,-2,4,4,-6,0,3,-1,2,-8,0,-8
-6,-2,4,4,-6,0,3,-1,2,-8,0,-8
-7,-3,5,5,-6,1,3,-1,2,-8,0,-8
-7,-3,5,5,-6,1,3,-1,2,-8,0,-8
-7,-3,5,5,-6,1,4,0,3,-7,0,-8
-7,-3,5,5,-6,1,4,0,3,-7,0,-8
-5,-2,4,4,-5,0,4,0,3,-7,0,-8
-4,-2,4,3,-5,0,3,0,3,-7,0,-8
-4,-2,4,3,-4,0,3,-1,3,-7,0,-9
-4,-2,3,3,-4,0,3,-1,3,-7,0,-9
-4,-2,3,4,-3,0,3,-1,3,-7,0,-9
-5,-2,3,4,-3,0,3,-1,3,-7,0,-8
-5,-2,3,4,-3,0,3,-1,3,-7,0,-8
-5,-2,3,4,-3,0,3,-1,3,-7,0,-7
-6,-2,4,4,-5,0,3,-1,3,-6,0,-7
-7,-3,4,5,-6,0,3,-1,3,-6,0,-8
-8,-3,4,6,-6,0,3,-1,4,-6,0,-8
-7,-3,4,5,-6,0,4,-1,4,-6,0,-8
-7,-2,4,5,-6,0,4,-1,4,-6,0,-8
-6,-2,4,4,-5,0,4,-1,4,-6,0,-8
-5,-2,3,4,-4,0,3,-1,4,-6,0,-9
-4,-2,2,3,-3,0,3,-2,4,-7,0,-9
-3,-2,2,3,-3,0,3,-2,4,-7,0,-9
-3,-2,3,2,-3,0,3,-2,4,-7,0,-9
-3,-2,3,2,-3,0,3,-2,4,-7,0,-9
-3,-1,3,2,-3,0,3,-2,4,-7,0,-9
-4,-1,3,2,-4,0,3,-2,4,-7,0,-9
-5,-1,4,3,-5,0,3,-2,4,-7,0,-9
-5,-1,4,4,-5,0,3,-2,4,-7,0,-9
-4,-1,2,3,-4,0,3,-2,4,-7,0,-9
-4,-1,2,3,-4,0,3,-2,4,-7,0,-9
-5,-1,4,3,-5,0,3,-2,5,-6,0,-9
-6,-1,5,3,-6,1,3,-2,5,-6,1,-9
-7,-2,5,3,-6,1,3,-2,5,-6,1,-9
-7,-2,5,3,-6,1,3,-2,5,-6,1,-9
-7,-2,5,4,-6,1,3,-2,4,-6,1,-9
-7,-1,6,4,-7,1,3,-2,4,-6,1,-8
-8,-1,6,4,-7,1,4,-2,4,-6,1,-8
-7,-1,6,4,-6,1,3,-2,4,-6,0,-8
-6,-1,5,3,-5,1,3,-3,4,-7,0,-9
-5,-1,4,3,-4,0,3,-3,4,-8,0,-9
-4,-2,3,3,-3,0,3,-3,4,-8,0,-9
-4,-2,3,3,-3,0,3,-3,4,-8,0,-9
-3,-2,2,2,-2,-1,3,-3,4,-8,0,-9
-3,-2,2,2,-2,-1,3,-3,4,-8,0,-9
-3,-2,2,2,-2,-1,3,-3,4,-8,0,-9
-4,-2,3,2,-3,0,3,-3,4,-7,0,-9
-5,-2,3,3,-4,0,3,-3,4,-7,0,-9
-5,-3,2,4,-3,-1,3,-4,4,-8,-1,-10
-4,-4,1,4,-3,-2,2,-4,3,-8,-1,-10
-4,-4,1,4,-2,-3,2,-4,3,-8,-1,-10
-4,-4,1,4,-3,-2,2,-4,3,-8,-1,-10
-5,-3,2,4,-4,-1,2,-4,3,-8,-1,-10
-5,-3,2,4,-4,-1,2,-4,3,-7,-1,-10
-6,-4,1,4,-4,-1,2,-4,3,-7,-1,-10
-6,-4,1,4,-3,-2,2,-4,3,-8,-2,-10
-5,-5,1,4,-3,-2,2,-5,3,-8,-2,-10
-5,-5,1,4,-3,-2,2,-5,3,-8,-2,-10
-5,-5,1,4,-3,-2,2,-5,3,-8,-2,-10
-5,-5,1,4,-3,-2,2,-5,2,-8,-2,-10
-5,-4,1,4,-3,-2,2,-5,2,-8,-2,-10
-4,-3,1,3,-3,-2,2,-6,2,-8,-2,-10
-3,-3,0,2,-2,-2,2,-6,2,-8,-3,-11
-3,-4,-1,2,-1,-3,2,-7,1,-9,-3,-11
-3,-4,-1,3,-1,-3,2,-7,1,-9,-3,-11
-3,-4,0,3,-1,-3,2,-7,1,-9,-3,-11
-3,-4,0,3,-1,-3,2,-7,1,-9,-3,-11
-4,-4,0,4,-2,-3,2,-7,1,-9,-3,-11
-5,-4,1,4,-2,-2,2,-7,1,-9,-3,-11
-5,-4,1,4,-3,-2,2,-7,1,-9,-3,-11
-5,-5,1,4,-3,-2,2,-7,1,-9,-3,-11
-5,-5,1,4,-3,-2,2,-7,1,-9,-3,-11
-5,-4,1,5,-3,-2,2,-7,1,-9,-3,-11
-5,-4,1,5,-3,-2,2,-6,1,-9,-3,-11
-5,-4,1,5,-3,-2,2,-6,1,-9,-3,-11
-5,-4,2,4,-4,-1,2,-5,1,-9,-3,-11
-5,-4,2,4,-4,-1,2,-5,1,-9,-3,-11
-5,-4,1,4,-3,-2,2,-5,1,-9,-3,-11
-5,-5,1,4,-3,-2,2,-5,1,-9,-3,-11
-6,-5,1,5,-4,-2,2,-5,1,-9,-3,-11
-7,-6,1,6,-4,-2,2,-5,1,-9,-4,-11
-7,-6,1,6,-4,-2,2,-5,1,-9,-4,-11
-6,-5,1,5,-4,-2,2,-5,1,-9,-4,-11
-5,-5,1,5,-3,-2,2,-5,1,-9,-4,-11
-5,-5,1,4,-3,-2,2,-5,0,-9,-4,-12
-4,-5,0,4,-2,-2,1,-5,0,-9,-4,-12
-4,-5,0,4,-2,-3,1,-5,0,-10,-4,-12
-4,-5,0,4,-2,-3,1,-5,0,-10,-4,-12
-5,-5,0,4,-2,-3,1,-5,0,-10,-4,-12
-4,-5,0,4,-2,-3,1,-5,0,-10,-4,-12
-3,-5,0,3,-1,-4,1,-5,0,-10,-4,-12
-4,-5,0,4,-1,-4,1,-5,0,-10,-4,-12
-5,-5,0,5,-2,-3,2,-5,0,-10,-4,-12
-6,-5,2,5,-3,-2,2,-5,1,-10,-4,-12
-7,-5,3,6,-4,-2,2,-5,1,-10,-4,-12
-7,-5,3,6,-5,-2,2,-6,1,-10,-4,-12
-7,-5,2,6,-4,-2,2,-6,0,-10,-4,-12
-6,-5,1,6,-3,-2,2,-6,0,-10,-4,-13
-5,-5,0,5,-3,-2,2,-6,0,-10,-4,-13
-5,-4,0,5,-2,-3,1,-6,0,-10,-4,-13
-5,-5,0,5,-2,-3,1,-6,-1,-10,-5,-13
-5,-5,0,5,-3,-3,1,-7,-1,-10,-5,-14
-5,-5,0,5,-2,-3,1,-7,-1,-10,-6,-14
-4,-5,0,4,-1,-4,0,-7,-1,-11,-6,-14
-4,-5,0,4,-2,-3,0,-7,-1,-11,-6,-14
-4,-5,0,4,-2,-2,1,-7,0,-10,-5,-14
-4,-4,1,3,-2,-2,1,-6,0,-9,-5,-13
-4,-3,1,3,-3,-1,2,-6,0,-9,-4,-13
-4,-2,2,3,-3,-1,2,-6,0,-8,-4,-13
-4,-2,1,2,-2,-1,3,-5,1,-8,-4,-13
-2,-2,0,1,-1,-2,3,-5,1,-8,-4,-13
-1,0,0,0,0,-1,3,-4,2,-7,-3,-12
0,0,1,0,0,0,3,-4,2,-7,-3,-12
0,1,1,0,0,0,3,-4,2,-7,-3,-12
0,0,1,0,0,0,4,-4,2,-7,-3,-12
0,0,2,0,-1,0,4,-3,2,-7,-3,-12
-1,0,3,0,-2,1,5,-3,3,-6,-3,-12
-1,0,2,0,-1,0,5,-3,3,-6,-3,-12
-1,0,1,0,-1,0,4,-3,2,-7,-3,-12
-1,-1,1,0,-1,-1,4,-3,2,-7,-3,-12
-3,-1,2,1,-2,0,4,-3,3,-6,-2,-11
-3,0,2,1,-2,0,4,-3,4,-6,-1,-10
-2,0,2,0,-2,1,3,-3,5,-5,-1,-9
0,1,2,-1,-1,1,2,-3,5,-5,0,-9
1,1,1,-2,0,1,0,-3,6,-5,0,-8
2,2,1,-2,1,1,-1,-3,6,-4,0,-8
2,3,2,-3,1,1,-1,-3,6,-4,0,-7
1,3,2,-3,0,2,-2,-3,6,-4,1,-6
1,4,2,-3,0,2,-2,-4,5,-4,0,-6
2,4,1,-3,1,1,-3,-5,4,-5,0,-7
2,3,0,-3,1,1,-3,-6,4,-5,0,-7
1,3,1,-3,0,1,-2,-6,3,-5,-1,-7
0,2,1,-2,0,1,-2,-6,3,-5,-1,-7
0,1,2,-1,0,1,-1,-6,3,-5,-1,-7
0,1,1,-1,0,0,-1,-6,3,-6,-2,-8
0,0,0,-1,0,0,-1,-6,2,-6,-2,-8
1,0,-1,-1,1,-1,-1,-6,2,-7,-3,-9
1,0,-2,-1,1,-2,-1,-7,2,-7,-3,-9
0,-1,-2,0,1,-2,-1,-7,2,-7,-3,-9
0,-2,-2,0,1,-3,-1,-8,1,-8,-4,-10
0,-3,-3,1,1,-4,-2,-8,1,-9,-5,-11
-1,-4,-2,2,0,-4,-1,-8,0,-9,-5,-11
-2,-5,-2,3,0,-4,-1,-8,0,-9,-5,-11
-2,-5,-2,3,0,-4,0,-8,0,-9,-5,-11
-3,-5,-1,4,0,-4,0,-8,0,-9,-6,-11
-6,-5,0,5,-3,-3,0,-8,0,-9,-6,-11
-8,-6,1,7,-5,-3,1,-8,-1,-9,-7,-12
-9,-7,1,8,-5,-3,1,-9,-1,-10,-7,-12
-10,-7,2,8,-6,-3,1,-9,-1,-10,-7,-13
-9,-7,2,8,-5,-3,1,-9,-1,-10,-7,-13
-8,-7,1,7,-4,-3,1,-9,-2,-10,-8,-14
-8,-7,1,7,-4,-4,1,-10,-2,-11,-9,-14
-8,-8,0,7,-4,-4,1,-11,-2,-11,-9,-14
-8,-8,0,7,-4,-4,1,-11,-2,-11,-10,-15
-8,-8,0,7,-4,-4,1,-11,-2,-11,-10,-15
-9,-8,0,8,-4,-4,1,-11,-3,-11,-10,-15
-9,-9,1,9,-5,-4,1,-11,-3,-11,-9,-15
-10,-9,1,9,-5,-4,1,-11,-3,-11,-9,-15
-9,-8,0,9,-4,-5,0,-11,-3,-11,-10,-15
-7,-8,0,8,-3,-5,0,-12,-4,-11,-10,-16
-7,-7,0,7,-3,-5,0,-12,-4,-11,-10,-16
-7,-7,0,7,-4,-4,0,-12,-3,-11,-10,-15
-8,-8,0,7,-4,-4,1,-12,-3,-10,-9,-15
-8,-8,0,8,-4,-5,1,-12,-3,-10,-9,-15
-8,-8,0,8,-3,-5,1,-12,-3,-11,-9,-15
-7,-8,0,8,-3,-5,1,-12,-3,-11,-10,-16
-8,-8,0,8,-3,-5,2,-11,-3,-11,-10,-16
-9,-9,0,9,-4,-5,3,-11,-3,-11,-10,-16
-10,-10,1,10,-5,-5,5,-9,-2,-11,-10,-16
-11,-10,1,11,-6,-5,7,-6,0,-10,-10,-16
-11,-10,2,10,-6,-5,9,-2,1,-9,-10,-17
-11,-9,2,9,-6,-4,12,3,5,-7,-9,-17
-10,-8,2,8,-6,-3,14,9,10,-4,-7,-17
-8,-6,2,6,-5,-2,17,16,16,0,-4,-15
-6,-3,3,4,-4,-1,19,22,23,5,1,-13
-4,0,4,2,-4,1,21,30,32,12,7,-9
0,3,2,-1,-1,2,22,41,44,21,15,-4
8,8,0,-7,4,3,23,51,56,30,24,2
16,14,-3,-15,9,5,22,57,67,39,34,11
26,19,-6,-23,16,6,17,58,76,48,45,21
35,26,-8,-31,22,8,11,57,84,57,56,31
43,34,-8,-38,26,12,4,53,90,65,67,43
48,43,-5,-45,27,17,-4,45,94,74,79,56
52,52,0,-52,27,25,-15,32,95,81,90,70
53,63,9,-58,23,35,-26,14,91,87,100,83
50,73,22,-62,15,47,-36,-8,83,89,107,94
43,81,37,-63,4,59,-45,-32,68,85,106,100
34,83,48,-59,-6,65,-52,-55,46,72,94,95
22,76,54,-49,-16,64,-56,-76,17,49,70,80
7,63,57,-36,-24,59,-58,-96,-16,20,41,59
-5,49,55,-22,-30,51,-58,-113,-49,-9,12,37
-15,35,51,-10,-32,42,-57,-124,-74,-33,-11,17
-22,24,45,-1,-33,34,-54,-126,-87,-48,-27,3
-25,14,39,6,-32,26,-50,-122,-90,-55,-36,-7
-27,6,32,10,-30,18,-45,-115,-88,-59,-41,-14
-26,0,26,12,-26,12,-41,-107,-83,-60,-44,-20
-24,-3,21,13,-23,8,-36,-97,-77,-58,-44,-23
-23,-5,18,14,-20,5,-32,-87,-69,-55,-43,-24
-22,-6,16,14,-18,4,-27,-76,-59,-50,-39,-24
-20,-6,13,13,-16,3,-23,-64,-49,-44,-34,-23
-17,-6,11,11,-13,2,-18,-54,-40,-37,-30,-22
-15,-5,9,10,-11,1,-14,-45,-32,-32,-26,-21
-14,-5,8,10,-10,0,-10,-36,-25,-26,-22,-19
-13,-5,7,9,-10,0,-6,-29,-18,-22,-18,-17
-12,-5,5,8,-9,0,-3,-23,-13,-18,-15,-16
-11,-6,4,8,-7,-2,-1,-19,-9,-16,-13,-15
-11,-7,4,8,-7,-3,0,-15,-7,-14,-12,-14
-11,-7,4,9,-7,-3,1,-12,-5,-13,-11,-14
-11,-7,4,9,-7,-3,2,-10,-3,-12,-11,-15
-11,-7,3,8,-6,-3,2,-10,-2,-11,-11,-15
-10,-7,2,8,-6,-3,2,-9,-2,-11,-11,-15
-9,-7,2,7,-6,-3,2,-9,-1,-11,-11,-15
-9,-7,2,7,-6,-3,3,-9,-1,-11,-11,-15
-8,-7,1,7,-5,-3,3,-8,-1,-11,-11,-15
-8,-7,1,7,-4,-4,3,-8,-1,-11,-10,-15
-8,-7,1,7,-4,-4,3,-7,0,-10,-10,-16
-8,-7,1,7,-4,-4,3,-6,0,-10,-10,-16
-8,-7,1,7,-4,-4,3,-5,0,-9,-10,-15
-9,-7,1,7,-4,-4,3,-5,1,-9,-10,-15
-9,-7,2,8,-5,-3,4,-5,1,-8,-9,-14
-10,-7,2,8,-6,-3,4,-5,1,-8,-9,-14
-9,-7,2,7,-5,-3,4,-5,2,-8,-9,-14
-9,-7,2,7,-5,-3,4,-5,2,-8,-9,-14
-9,-7,2,8,-5,-3,4,-4,2,-8,-9,-14
-8,-7,2,7,-4,-3,4,-4,2,-8,-9,-13
-8,-6,1,7,-4,-3,4,-4,3,-8,-8,-13
-8,-6,1,7,-4,-3,4,-4,3,-7,-8,-12
-8,-6,2,7,-5,-3,4,-3,4,-7,-7,-12
-9,-6,2,7,-5,-3,4,-3,4,-6,-7,-11
-9,-6,2,7,-6,-2,4,-3,5,-6,-7,-11
-9,-6,3,7,-6,-2,4,-3,5,-6,-7,-10
-8,-6,2,6,-5,-2,4,-3,5,-6,-7,-10
-7,-6,2,6,-4,-3,4,-3,5,-6,-7,-10
-7,-6,1,6,-4,-3,4,-3,5,-6,-7,-10
-7,-6,1,6,-3,-3,4,-3,5,-6,-7,-10
-6,-6,0,6,-2,-4,4,-3,5,-6,-7,-10
-5,-6,-2,5,-1,-4,4,-3,5,-6,-7,-10
-5,-6,-2,5,-1,-4,4,-3,5,-6,-7,-10
-5,-6,-1,5,-2,-4,4,-3,5,-6,-7,-10
-5,-6,0,5,-2,-3,4,-2,5,-6,-7,-10
-5,-5,0,5,-2,-3,4,-2,6,-6,-6,-9
-6,-6,1,5,-3,-3,4,-1,6,-5,-6,-9
-6,-6,1,6,-3,-3,5,-1,7,-4,-6,-8
-5,-5,0,5,-2,-3,5,-1,7,-4,-6,-8
-5,-5,0,5,-2,-3,5,-1,7,-4,-6,-8
-5,-5,0,5,-2,-3,5,-1,7,-4,-6,-8
-4,-5,-1,5,-1,-3,4,-1,7,-4,-6,-8
-3,-5,-2,4,0,-4,4,-1,6,-4,-6,-9
-2,-5,-3,3,0,-4,4,-1,6,-4,-6,-9
-2,-6,-3,3,1,-5,4,-1,6,-4,-6,-9
-3,-6,-2,4,0,-5,4,-1,7,-4,-6,-9
-4,-5,-1,4,0,-4,4,0,7,-3,-6,-8
-3,-5,-1,4,0,-4,4,0,7,-3,-5,-8
-3,-5,-1,4,0,-5,4,0,7,-3,-5,-8
-4,-5,-1,4,-1,-4,4,0,8,-3,-5,-8
-5,-6,0,5,-2,-4,4,0,8,-3,-5,-8
-6,-6,0,6,-2,-4,4,0,8,-3,-5,-8
-5,-6,0,5,-2,-4,4,0,8,-3,-4,-7
-3,-4,-1,3,-1,-3,4,1,9,-2,-4,-7
-1,-4,-2,2,0,-3,3,0,9,-2,-4,-7
1,-4,-4,2,2,-4,2,0,8,-2,-4,-7
1,-3,-4,1,3,-5,2,0,8,-2,-4,-7
0,-3,-3,1,2,-4,2,0,9,-1,-3,-6
0,-3,-2,2,1,-3,3,1,10,0,-3,-6
0,-3,-2,1,1,-3,3,1,11,0,-2,-5
0,-3,-2,1,1,-3,3,2,11,0,-2,-5
0,-3,-2,0,1,-3,3,2,11,0,-1,-5
0,-2,-2,0,1,-3,3,2,11,1,-1,-5
0,-2,-2,1,1,-3,3,2,11,1,-1,-5
0,-3,-2,1,1,-3,2,2,11,1,-1,-5
0,-3,-2,1,1,-3,2,2,11,1,-1,-5
0,-3,-2,1,0,-3,2,3,11,1,-1,-5
0,-3,-2,1,1,-3,2,4,11,2,-1,-5
1,-2,-2,0,2,-3,2,4,12,2,0,-4
1,-2,-3,0,2,-2,2,5,12,3,0,-4
1,-2,-2,0,2,-2,2,5,12,3,0,-4
1,-1,-2,0,1,-2,2,6,13,3,0,-3
1,-1,-2,0,1,-2,2,7,14,4,1,-2
1,-1,-2,0,1,-2,2,7,15,5,2,-1
2,0,-3,0,2,-2,1,8,15,5,3,-1
2,0,-3,-1,2,-1,1,8,16,6,3,0
3,0,-2,-1,2,-1,1,9,16,6,4,0
4,1,-2,-2,2,-1,1,9,17,7,4,0
5,1,-3,-3,4,-1,0,9,17,7,4,0
6,1,-4,-4,5,-1,0,9,18,8,5,1
6,2,-4,-5,5,-1,0,9,18,8,5,1
7,2,-4,-5,6,-1,0,9,19,9,6,1
8,3,-4,-6,6,-1,0,10,20,9,6,2
8,3,-5,-6,7,-1,-1,11,21,10,7,2
8,4,-5,-7,7,-1,-1,12,22,11,8,3
9,4,-5,-7,7,0,-1,13,23,12,9,4
9,5,-4,-8,7,0,-1,14,24,13,10,5
10,5,-5,-8,8,0,-1,14,25,13,11,5
13,6,-6,-10,10,0,-2,15,25,14,11,5
14,6,-7,-11,11,-1,-3,15,26,14,12,6
15,7,-7,-11,11,0,-3,16,26,15,13,7
15,7,-6,-12,10,0,-3,16,27,16,14,8
15,8,-6,-12,10,0,-3,17,27,16,14,9
15,8,-6,-13,11,0,-4,17,28,17,15,9
16,9,-6,-14,11,1,-4,17,28,18,16,10
16,10,-6,-14,12,1,-5,17,28,18,16,11
17,10,-7,-15,13,1,-5,17,28,18,17,11
18,10,-8,-15,13,1,-5,17,28,18,17,11
19,10,-8,-15,13,1,-5,18,29,18,18,12
19,11,-8,-16,13,1,-6,18,29,19,18,12
19,12,-7,-16,13,2,-6,19,29,19,19,13
19,12,-6,-16,13,2,-6,19,28,19,19,14
19,12,-6,-16,13,2,-6,19,28,19,19,14
19,12,-6,-16,13,2,-7,19,27,19,19,14
19,13,-6,-16,13,3,-7,19,26,20,20,14
20,13,-6,-17,13,3,-7,18,26,20,20,14
21,14,-6,-18,14,3,-7,18,25,20,20,14
21,14,-6,-18,14,3,-7,18,25,21,20,14
22,14,-7,-18,14,3,-8,17,24,21,20,14
22,14,-7,-18,14,2,-8,16,23,21,19,14
21,13,-7,-17,14,2,-8,16,22,21,19,14
19,13,-7,-16,13,2,-9,15,21,21,19,14
18,13,-6,-16,12,2,-9,15,20,20,18,14
17,13,-5,-16,11,3,-8,15,19,20,18,14
17,13,-4,-16,10,3,-7,15,18,20,18,14
17,13,-4,-16,10,3,-6,14,17,19,17,13
16,13,-3,-15,10,4,-6,13,15,18,16,12
16,13,-3,-15,9,4,-6,12,13,17,15,11
16,13,-3,-14,9,3,-5,11,11,15,14,10
15,12,-3,-13,9,3,-5,10,10,14,13,10
13,11,-3,-12,8,2,-4,9,8,13,12,9
11,9,-2,-10,7,2,-3,8,6,12,11,8
8,8,-1,-8,5,2,-3,7,5,11,9,7
6,6,0,-6,4,2,-2,6,3,10,8,6
5,5,0,-5,3,2,-2,5,2,9,7,5
4,5,0,-5,2,2,-1,4,0,8,6,4
3,5,1,-4,1,2,-1,3,-1,7,5,4
3,4,1,-4,1,1,0,2,-2,7,4,3
2,3,0,-3,1,1,0,1,-4,6,3,2
0,2,1,-1,0,1,0,0,-6,6,3,1
-2,1,2,0,-2,1,0,0,-7,5,2,0
-3,0,3,1,-3,0,0,-1,-8,4,0,0
-3,0,2,2,-3,0,0,-3,-10,3,-1,-2
-2,-1,1,1,-2,-1,0,-4,-11,2,-2,-3
-2,-1,2,1,-2,0,0,-4,-12,1,-3,-3
-2,-1,2,1,-2,0,0,-5,-13,0,-3,-3
-2,-1,2,1,-2,0,0,-5,-13,0,-4,-3
-3,-1,2,1,-2,0,0,-6,-14,0,-4,-4
-4,-2,2,2,-3,-1,0,-6,-15,0,-4,-4
-5,-2,2,3,-3,-1,1,-6,-15,0,-4,-4
-5,-3,2,3,-3,-1,1,-6,-16,-1,-5,-5
-5,-3,1,4,-3,-1,1,-7,-17,-1,-5,-5
-5,-4,1,4,-3,-2,1,-7,-18,-2,-6,-6
-5,-5,1,5,-3,-2,1,-8,-18,-2,-6,-6
-6,-5,2,5,-4,-2,1,-8,-19,-2,-7,-6
-7,-5,3,5,-4,-2,1,-8,-19,-2,-7,-6
-8,-5,3,5,-5,-2,1,-8,-19,-2,-7,-6
-8,-5,2,5,-4,-2,1,-9,-20,-2,-7,-6
-7,-5,1,5,-4,-2,1,-9,-20,-3,-7,-6
-7,-5,2,6,-4,-2,1,-9,-21,-3,-7,-6
-8,-5,2,6,-5,-2,1,-9,-21,-3,-8,-6
-8,-5,2,6,-4,-2,1,-9,-22,-3,-8,-6
-8,-6,1,6,-4,-3,0,-9,-22,-4,-9,-7
-8,-6,1,6,-4,-3,0,-9,-22,-4,-9,-7
-8,-6,1,6,-4,-3,0,-9,-22,-4,-9,-7
-8,-6,1,6,-4,-3,0,-9,-22,-4,-9,-7
-7,-6,1,6,-4,-3,0,-9,-22,-4,-9,-7
-7,-6,1,6,-4,-3,0,-10,-23,-4,-9,-7
-7,-6,1,6,-4,-3,0,-10,-23,-4,-9,-8
-8,-6,1,7,-5,-3,0,-10,-23,-5,-9,-8
-8,-6,1,7,-4,-3,0,-10,-23,-5,-9,-8
-7,-6,0,6,-3,-4,0,-10,-23,-5,-9,-8
-6,-6,-1,6,-2,-4,0,-11,-24,-5,-9,-8
-6,-6,0,6,-3,-4,0,-11,-24,-5,-9,-8
-7,-6,0,6,-4,-3,0,-11,-24,-5,-9,-8
-8,-6,1,7,-4,-3,0,-11,-24,-5,-9,-8
-9,-6,2,7,-6,-3,1,-11,-24,-5,-9,-8
-11,-6,4,8,-7,-2,1,-10,-24,-4,-9,-7
-11,-5,4,7,-7,-1,1,-10,-24,-4,-9,-7
-10,-5,3,7,-6,-2,1,-10,-24,-5,-9,-7
-9,-6,2,7,-5,-3,0,-11,-25,-5,-10,-8
-8,-6,1,7,-5,-3,0,-11,-25,-5,-10,-8
-9,-6,2,7,-5,-3,0,-11,-25,-5,-10,-8
-8,-6,2,7,-5,-3,0,-11,-25,-5,-10,-8
-7,-5,2,6,-5,-2,0,-11,-25,-5,-10,-8
-7,-5,3,6,-5,-2,0,-11,-25,-5,-10,-8
-8,-5,3,6,-6,-1,0,-11,-26,-5,-10,-8
-9,-5,4,7,-7,-1,0,-11,-26,-5,-10,-8
-10,-5,4,7,-7,-1,1,-10,-26,-4,-9,-8
-11,-6,4,8,-7,-1,1,-10,-25,-4,-9,-8
-10,-6,4,8,-7,-1,1,-10,-25,-4,-9,-8
-9,-5,3,7,-6,-1,1,-11,-25,-5,-9,-7
-8,-5,3,6,-5,-1,0,-11,-25,-5,-10,-7
-7,-5,3,6,-5,-1,0,-11,-25,-5,-10,-7
-7,-5,3,6,-5,-1,0,-11,-25,-5,-10,-7
-7,-5,2,6,-5,-1,0,-11,-25,-5,-10,-7
-7,-5,2,5,-4,-1,0,-11,-26,-5,-10,-7
-7,-4,2,5,-4,-1,0,-11,-26,-5,-10,-7
-8,-4,3,6,-5,-1,0,-11,-26,-5,-10,-7
-9,-4,4,7,-6,-1,0,-10,-25,-4,-10,-6
-9,-4,4,7,-7,-1,0,-10,-25,-4,-10,-6
-9,-4,4,7,-6,-1,0,-10,-25,-4,-10,-6
-8,-4,3,6,-6,-1,0,-10,-25,-4,-9,-6
-8,-4,4,6,-6,0,1,-9,-24,-4,-9,-5
-8,-4,4,5,-6,0,1,-9,-24,-3,-8,-5
-8,-4,4,5,-6,0,1,-9,-24,-3,-8,-5
-7,-4,3,5,-5,0,1,-9,-24,-3,-8,-5
-7,-4,2,5,-5,-1,1,-9,-25,-3,-9,-5
-7,-3,3,5,-5,-1,1,-8,-25,-3,-9,-5
-7,-3,3,5,-6,0,1,-8,-25,-3,-9,-5
-8,-3,4,5,-6,0,1,-8,-24,-3,-9,-5
-8,-3,4,5,-6,0,1,-8,-24,-3,-9,-5
-8,-4,4,5,-6,0,1,-8,-23,-3,-9,-5
-8,-4,4,5,-6,0,1,-8,-23,-3,-8,-5
-8,-3,5,5,-6,0,1,-8,-23,-2,-8,-5
-8,-2,5,5,-6,0,1,-8,-23,-2,-8,-5
-8,-3,5,5,-6,0,0,-8,-22,-2,-8,-5
-8,-3,5,6,-6,0,0,-8,-22,-2,-8,-4
-7,-2,4,5,-6,0,0,-7,-21,-2,-7,-4
-6,-2,4,4,-5,0,-1,-7,-21,-2,-7,-4
-6,-2,4,4,-5,0,-2,-7,-21,-2,-7,-4
-7,-2,4,4,-6,0,-3,-7,-21,-2,-7,-4
-7,-2,4,4,-6,0,-4,-7,-21,-2,-6,-3
-7,-2,4,5,-6,0,-4,-7,-21,-1,-6,-3
-7,-2,4,5,-6,0,-4,-6,-21,-1,-6,-3
-6,-2,4,4,-5,0,-5,-6,-21,-1,-7,-4
-5,-2,3,4,-4,0,-5,-7,-22,-2,-7,-4
-4,-2,2,3,-3,-1,-6,-8,-22,-2,-7,-4
-5,-2,2,3,-4,0,-6,-8,-22,-2,-7,-4
-7,-2,4,4,-5,0,-6,-7,-22,-2,-7,-4
-8,-2,5,5,-6,0,-6,-7,-21,-1,-7,-4
-8,-2,5,5,-7,1,-6,-7,-21,-1,-6,-3
-8,-2,6,5,-7,1,-6,-7,-21,-1,-6,-3
-8,-2,6,5,-7,1,-6,-7,-21,-1,-6,-2
-8,-2,6,5,-7,1,-6,-7,-21,-1,-6,-2
-8,-2,5,5,-6,1,-6,-7,-21,-1,-5,-2
-7,-2,5,5,-6,1,-7,-7,-21,-1,-5,-2
-7,-2,4,4,-5,0,-8,-8,-22,-1,-6,-2
-6,-2,2,4,-4,0,-8,-8,-22,-2,-7,-3
-5,-2,2,3,-3,0,-9,-8,-23,-2,-7,-3
-4,-2,2,3,-2,-1,-9,-8,-23,-2,-8,-3
-5,-2,2,4,-3,-1,-9,-9,-24,-2,-8,-3
-5,-3,3,4,-4,-1,-9,-9,-24,-2,-8,-3
-6,-3,2,5,-4,-1,-9,-9,-24,-2,-8,-3
-6,-3,2,5,-4,-2,-9,-9,-24,-2,-8,-3
-6,-3,2,5,-4,-1,-10,-9,-24,-2,-8,-3
-7,-3,3,5,-5,-1,-10,-9,-24,-2,-8,-3
-8,-3,4,5,-6,-1,-10,-9,-24,-2,-8,-3
-7,-3,4,5,-5,0,-10,-9,-24,-3,-9,-3
-6,-2,3,4,-5,-1,-10,-9,-24,-3,-9,-3
-6,-2,3,4,-5,0,-10,-9,-24,-3,-9,-3
-6,-2,4,4,-5,0,-10,-9,-24,-2,-9,-3
-6,-2,4,4,-5,0,-10,-9,-25,-2,-9,-3
-6,-3,3,4,-4,-1,-11,-10,-25,-2,-9,-4
-5,-3,1,4,-4,-1,-11,-10,-26,-3,-10,-4
-5,-3,1,4,-4,-2,-11,-10,-26,-3,-10,-4
-6,-3,1,4,-4,-2,-11,-10,-26,-3,-10,-4
-6,-3,2,5,-4,-1,-11,-10,-27,-3,-10,-4
-6,-3,2,5,-4,-1,-11,-10,-27,-3,-10,-4
-7,-3,3,5,-5,-1,-11,-10,-27,-3,-9,-3
-7,-4,3,6,-5,-1,-11,-10,-27,-3,-9,-3
-7,-4,2,6,-4,-1,-11,-10,-27,-3,-9,-3
-6,-4,1,5,-4,-1,-11,-10,-27,-3,-9,-3
-6,-4,1,5,-3,-2,-11,-10,-27,-3,-9,-3
-6,-4,1,5,-3,-2,-10,-10,-27,-3,-9,-3
-6,-4,2,5,-4,-2,-10,-10,-27,-3,-9,-3
-5,-3,2,4,-4,-2,-10,-10,-27,-3,-9,-3
-5,-3,2,4,-4,-2,-11,-10,-27,-4,-9,-3
-5,-4,1,4,-4,-2,-11,-10,-28,-4,-9,-3
-5,-4,0,4,-4,-2,-12,-10,-28,-4,-9,-3
-6,-5,0,4,-4,-2,-12,-10,-28,-4,-9,-3
-6,-4,1,4,-4,-2,-12,-10,-28,-4,-8,-2
-6,-4,1,4,-4,-1,-11,-10,-28,-3,-8,-2
-5,-3,1,4,-3,-2,-11,-10,-28,-4,-8,-2
-5,-3,0,4,-3,-2,-12,-10,-29,-4,-9,-3
-5,-4,0,4,-3,-2,-12,-11,-29,-5,-9,-3
-5,-4,0,5,-3,-3,-12,-11,-29,-5,-9,-3
-5,-4,0,5,-3,-2,-12,-10,-29,-5,-9,-3
-5,-4,0,5,-3,-2,-12,-10,-29,-5,-8,-3
-5,-4,1,4,-3,-1,-12,-10,-29,-5,-8,-3
-5,-4,1,4,-3,-1,-12,-10,-29,-5,-8,-3
-6,-4,1,5,-4,-2,-11,-10,-29,-5,-7,-2
-7,-4,2,6,-5,-1,-11,-9,-28,-4,-7,-2
-8,-4,3,6,-5,-1,-11,-9,-28,-4,-6,-2
-7,-4,2,5,-5,-2,-11,-9,-29,-4,-7,-2
-6,-4,1,5,-4,-2,-12,-9,-29,-4,-7,-2
-6,-4,1,5,-4,-2,-12,-9,-29,-4,-7,-3
-6,-4,0,5,-3,-2,-12,-10,-30,-4,-7,-3
-6,-5,0,5,-3,-2,-12,-10,-30,-5,-7,-4
-6,-5,1,5,-3,-2,-12,-10,-30,-5,-7,-4
-5,-5,0,5,-3,-3,-12,-11,-30,-5,-8,-4
-4,-5,0,4,-2,-3,-13,-11,-31,-6,-8,-4
-4,-5,-1,4,-1,-3,-13,-11,-31,-6,-8,-4
-6,-5,0,5,-3,-2,-13,-11,-31,-5,-8,-4
-7,-5,2,6,-5,-1,-12,-10,-31,-5,-7,-3
-8,-4,2,6,-5,-1,-12,-10,-31,-5,-6,-3
-8,-4,2,6,-5,-1,-12,-10,-31,-5,-6,-3
-6,-4,1,5,-3,-2,-12,-10,-31,-5,-7,-3
-5,-4,0,5,-2,-2,-12,-10,-31,-5,-7,-3
-6,-4,1,5,-3,-2,-12,-10,-31,-5,-7,-3
-6,-4,1,6,-3,-1,-12,-10,-31,-5,-7,-3
-6,-4,2,6,-4,-1,-12,-10,-31,-5,-7,-3
-6,-4,2,5,-4,-1,-12,-10,-31,-5,-7,-3
-6,-4,1,5,-3,-1,-12,-10,-31,-5,-7,-3
-5,-3,1,4,-3,-1,-12,-10,-31,-5,-7,-3
-6,-3,2,4,-4,-1,-12,-10,-31,-4,-7,-3
-5,-2,2,4,-3,0,-12,-10,-31,-4,-7,-3
-3,-2,1,3,-2,-1,-12,-10,-32,-5,-6,-3
-2,-2,0,2,0,-1,-12,-10,-32,-5,-6,-3
-2,-1,1,2,-1,0,-11,-9,-31,-4,-5,-2
-4,0,4,2,-3,1,-11,-7,-30,-4,-4,-1
-5,0,5,2,-5,2,-10,-6,-29,-3,-3,0
-4,1,5,1,-4,2,-9,-6,-29,-2,-3,0
-2,2,4,0,-3,2,-9,-6,-29,-2,-3,0
-1,2,3,0,-2,2,-9,-5,-28,-2,-2,0
-2,3,5,0,-3,3,-7,-4,-27,-1,-1,1
-3,3,6,0,-4,4,-6,-3,-26,0,-1,1
-3,2,5,0,-3,3,-7,-3,-27,-1,-1,1
-2,2,4,0,-3,2,-7,-3,-27,-2,-1,0
-2,2,4,0,-3,2,-8,-4,-28,-2,-1,0
-3,2,4,0,-4,2,-8,-4,-27,-2,-1,1
-3,2,5,0,-4,2,-8,-3,-27,-1,-1,1
-3,2,4,0,-4,2,-9,-3,-26,0,-1,2
-2,2,4,0,-3,2,-9,-3,-26,0,-1,2
-2,2,4,0,-3,3,-10,-3,-26,0,0,2
0,3,3,-1,-1,2,-12,-4,-26,0,0,2
1,3,1,-2,0,2,-13,-4,-26,0,0,2
2,3,1,-3,0,2,-14,-4,-26,1,1,3
3,3,1,-3,0,2,-14,-5,-26,1,1,3
3,3,0,-3,1,1,-15,-6,-27,0,0,3
2,2,1,-2,0,1,-15,-6,-27,0,0,3
0,2,2,-1,-1,1,-14,-6,-27,0,0,3
0,2,2,-1,-1,1,-13,-6,-27,0,0,3
0,2,1,-1,0,1,-13,-7,-28,0,0,2
0,2,0,-1,1,0,-13,-7,-28,-1,0,2
0,1,0,-1,0,0,-13,-7,-28,-1,0,2
0,1,0,0,0,0,-13,-7,-28,-2,0,2
0,1,0,0,0,0,-13,-7,-28,-2,0,2
0,1,0,-1,0,0,-14,-7,-28,-2,0,2
1,0,-2,-1,2,-1,-14,-8,-29,-2,0,1
1,-1,-4,-1,3,-3,-14,-8,-29,-3,0,0
1,-1,-3,0,2,-3,-14,-9,-30,-4,0,0
0,-2,-3,0,2,-3,-14,-9,-30,-4,0,0
0,-2,-3,0,1,-3,-15,-9,-31,-5,0,0
0,-3,-3,1,1,-3,-14,-9,-31,-5,0,0
-1,-3,-2,2,0,-3,-14,-10,-31,-5,0,-1
-3,-4,-1,3,-1,-3,-13,-10,-32,-6,0,-1
-5,-4,0,5,-3,-2,-12,-10,-32,-6,0,-1
-7,-5,1,6,-4,-2,-11,-10,-32,-6,0,-1
-8,-5,2,6,-5,-2,-10,-10,-32,-6,0,-1
-8,-5,3,6,-5,-2,-10,-10,-32,-6,0,-2
-8,-5,3,6,-6,-1,-10,-10,-32,-6,0,-2
-8,-5,4,7,-6,-1,-10,-10,-32,-6,0,-2
-9,-6,3,7,-6,-1,-10,-11,-33,-7,-1,-3
-8,-6,2,7,-5,-2,-11,-11,-33,-7,-1,-3
-6,-6,0,6,-3,-3,-11,-12,-34,-8,-2,-4
-4,-6,-2,5,-1,-4,-12,-13,-34,-9,-3,-5
-4,-6,-2,5,-1,-5,-12,-13,-34,-9,-3,-5
-5,-6,-1,6,-2,-5,-11,-13,-34,-9,-3,-5
-7,-6,0,6,-4,-4,-11,-12,-33,-8,-2,-4
-8,-6,1,7,-5,-3,-10,-12,-33,-8,-2,-4
-8,-6,2,7,-5,-3,-10,-11,-32,-7,-1,-4
-9,-6,3,7,-6,-2,-9,-11,-32,-7,-1,-3
-10,-6,4,7,-7,-1,-9,-10,-32,-6,0,-2
-10,-5,5,7,-7,-1,-8,-10,-32,-6,0,-2
-9,-5,4,7,-7,-1,-8,-10,-32,-6,-1,-3
-9,-5,3,7,-6,-1,-8,-10,-32,-6,-1,-3
-9,-6,3,7,-6,-2,-8,-10,-32,-7,-2,-4
-11,-7,5,9,-8,-1,-7,-9,-32,-7,-2,-4
-13,-7,5,9,-9,-1,-5,-7,-31,-8,-2,-5
-11,-7,3,8,-8,-2,-3,-4,-30,-8,-3,-6
-10,-7,2,7,-7,-2,0,0,-28,-8,-3,-6
-11,-6,4,8,-8,0,3,6,-24,-6,-2,-6
-12,-5,8,8,-11,1,7,14,-18,-2,1,-5
-12,-2,10,6,-12,3,11,21,-11,3,5,-3
-9,1,11,3,-11,6,13,29,-3,9,10,0
-3,6,10,-2,-7,8,14,38,7,17,17,4
4,11,7,-9,-1,9,15,49,19,26,25,9
13,16,3,-16,5,10,14,56,30,34,33,15
22,22,0,-23,11,11,10,58,38,42,42,23
31,28,-3,-30,17,12,4,58,47,51,53,32
39,34,-5,-37,22,14,-1,58,55,61,64,42
47,41,-5,-44,26,17,-9,53,62,70,76,54
53,50,-3,-52,28,22,-19,42,65,78,87,66
59,60,1,-59,29,29,-32,25,64,85,98,79
60,70,9,-65,26,38,-45,4,60,89,107,91
57,79,21,-68,18,49,-57,-20,50,91,112,101
50,85,34,-68,9,59,-67,-45,35,87,111,106
40,84,43,-63,-1,64,-74,-67,14,74,100,102
27,74,47,-51,-9,61,-77,-87,-13,51,76,87
14,59,46,-37,-15,52,-78,-105,-47,20,46,64
1,43,41,-22,-19,41,-77,-121,-80,-10,15,41
-7,29,36,-11,-21,32,-75,-131,-105,-34,-8,21
-13,18,31,-3,-22,23,-71,-132,-118,-49,-24,7
-16,10,26,2,-21,17,-66,-127,-120,-55,-32,-1
-17,3,21,6,-19,12,-60,-118,-116,-57,-36,-7
-18,-1,17,9,-18,7,-54,-106,-109,-56,-37,-11
-18,-5,14,10,-16,4,-47,-94,-101,-53,-36,-13
-17,-5,12,10,-15,3,-41,-82,-92,-48,-33,-14
-17,-4,12,10,-14,3,-36,-70,-83,-42,-29,-13
-15,-3,11,9,-13,3,-30,-58,-73,-36,-24,-12
-12,-2,9,7,-11,2,-25,-48,-64,-30,-20,-10
-10,-2,7,7,-9,1,-21,-39,-56,-25,-16,-9
-10,-2,7,6,-8,1,-16,-31,-50,-20,-12,-7
-11,-3,7,6,-9,1,-12,-25,-44,-16,-9,-5
-12,-4,7,7,-10,1,-9,-19,-40,-13,-7,-4
-11,-4,7,7,-9,0,-7,-14,-37,-11,-6,-3
-10,-4,5,7,-8,0,-5,-12,-35,-10,-5,-3
-9,-5,4,6,-6,-1,-5,-10,-34,-9,-4,-4
-9,-5,4,6,-6,-1,-4,-9,-33,-9,-4,-5
-9,-5,3,6,-6,-1,-4,-8,-32,-8,-4,-5
-9,-5,3,6,-6,-1,-3,-8,-31,-8,-4,-4
-9,-5,3,6,-6,-1,-2,-7,-30,-7,-4,-4
-8,-5,3,6,-6,-1,-2,-7,-30,-7,-4,-4
-7,-5,3,6,-6,-1,-1,-6,-30,-7,-4,-4
-6,-5,3,5,-5,-2,-1,-6,-29,-7,-4,-4
-6,-5,2,5,-4,-2,-1,-5,-29,-7,-4,-4
-7,-5,2,6,-4,-2,-1,-5,-28,-6,-3,-4
-8,-5,3,6,-5,-2,-1,-4,-28,-6,-3,-5
-8,-4,3,6,-5,-1,0,-4,-27,-5,-3,-5
-6,-4,2,4,-4,-2,0,-4,-27,-5,-3,-5
-5,-4,0,4,-3,-2,0,-4,-28,-5,-3,-5
-5,-5,0,4,-3,-3,0,-4,-28,-5,-3,-5
-5,-5,0,4,-2,-3,0,-4,-27,-5,-3,-5
-4,-5,0,4,-2,-3,0,-4,-27,-5,-3,-5
-5,-5,0,4,-2,-3,0,-3,-27,-5,-3,-5
-5,-4,0,4,-3,-3,0,-3,-26,-5,-3,-5
-5,-4,0,4,-2,-3,1,-2,-26,-5,-3,-5
-4,-4,0,3,-2,-3,1,-2,-26,-5,-2,-5
-4,-4,0,3,-2,-3,1,-2,-26,-5,-2,-5
-3,-4,0,3,-1,-3,1,-2,-26,-5,-2,-5
-3,-4,-1,3,-1,-3,1,-2,-26,-5,-2,-5
-3,-4,-2,3,-1,-3,1,-2,-26,-5,-2,-5
-3,-4,-1,4,-1,-3,1,-2,-26,-5,-2,-5
-4,-4,-1,4,-2,-3,1,-2,-25,-4,-2,-5
-3,-3,-2,3,-1,-3,1,-2,-25,-4,-2,-5
0,-3,-4,1,1,-4,1,-3,-25,-4,-2,-6
1,-3,-4,1,2,-4,1,-3,-25,-4,-2,-6
0,-3,-3,1,0,-3,1,-2,-24,-4,-2,-6
-2,-3,0,2,-1,-2,2,-2,-24,-3,-1,-5
-4,-3,0,3,-3,-1,2,-1,-24,-2,-1,-4
-4,-3,0,3,-3,-1,3,-1,-24,-2,-1,-4
-3,-2,0,3,-2,-1,3,-1,-23,-2,-1,-4
-3,-2,0,2,-2,-1,3,-1,-23,-2,-1,-4
-2,-2,0,2,-1,-2,3,-1,-23,-2,-1,-4
-2,-2,-1,1,-1,-2,3,0,-22,-2,-1,-4
-2,-2,-1,1,-1,-1,3,0,-22,-2,0,-4
-2,-2,0,1,-1,-1,4,0,-21,-2,0,-4
-2,-1,0,1,-1,-1,4,0,-21,-1,0,-4
-2,-1,0,1,-1,-1,4,0,-21,-1,0,-3
-1,-1,0,1,0,-1,4,0,-21,-1,0,-3
-1,-1,-1,1,0,-1,4,0,-21,-1,0,-3
-1,-1,-1,1,0,-1,4,0,-21,-1,0,-3
0,-1,-1,1,0,-2,4,0,-21,-1,0,-3
0,-1,-1,1,0,-2,4,0,-20,-1,0,-3
0,-1,-1,0,0,-2,4,0,-20,-1,0,-3
0,-1,-1,0,0,-2,4,1,-20,-1,0,-3
0,-1,-1,0,0,-2,4,1,-20,-1,0,-3
1,-1,-2,0,1,-2,4,1,-20,-1,0,-3
1,-1,-2,0,2,-2,4,1,-20,0,1,-3
1,-1,-3,0,2,-2,4,1,-19,0,1,-3
1,-1,-3,0,2,-2,4,1,-19,0,1,-3
2,-1,-4,-1,2,-2,4,1,-19,0,1,-3
2,0,-4,-1,2,-2,4,1,-19,0,1,-3
2,0,-3,-1,2,-2,4,2,-18,0,2,-3
1,0,-3,-1,1,-2,4,2,-18,0,2,-2
2,0,-3,-1,2,-2,5,3,-17,1,3,-2
3,0,-3,-2,2,-2,5,4,-17,1,3,-2
3,0,-3,-2,2,-1,6,4,-16,1,3,-1
2,0,-1,-1,1,0,6,5,-16,2,4,-1
1,0,0,-1,0,0,6,6,-15,2,4,0
1,1,0,-1,0,0,6,6,-15,2,4,0
2,1,-1,-2,1,0,7,7,-14,2,4,0
3,1,-1,-2,2,0,7,7,-14,3,5,0
3,2,-1,-3,2,0,7,7,-13,3,5,0
4,2,-1,-3,2,0,7,8,-13,3,5,0
4,2,-2,-4,3,0,7,9,-13,3,5,0
5,3,-1,-4,3,0,7,10,-13,4,6,1
5,3,-1,-4,3,0,7,11,-12,4,6,1
6,3,-2,-5,4,0,7,11,-11,5,7,1
7,4,-2,-5,4,0,7,12,-11,5,7,1
7,4,-3,-6,4,0,7,13,-10,6,8,1
8,4,-4,-6,5,0,6,13,-10,6,8,1
8,4,-4,-6,6,0,6,14,-9,7,8,2
9,6,-3,-7,6,1,6,15,-8,8,9,3
9,7,-3,-8,6,2,6,15,-7,8,10,3
10,7,-3,-8,6,2,6,16,-6,9,10,4
11,7,-3,-9,6,2,6,17,-5,9,11,4
11,7,-3,-9,6,1,6,18,-4,10,12,5
11,7,-4,-9,7,1,6,18,-3,10,12,5
12,7,-4,-9,7,1,5,19,-2,11,13,6
13,8,-4,-10,8,1,5,19,-2,11,14,6
14,9,-4,-11,9,2,5,20,-1,12,15,7
14,9,-4,-12,9,2,5,21,0,13,16,8
14,10,-4,-13,9,2,4,21,0,14,16,8
15,10,-4,-13,10,2,4,22,1,15,17,9
15,10,-5,-13,10,2,4,23,2,15,17,10
16,10,-5,-13,10,2,3,23,3,16,18,10
16,11,-5,-14,10,3,3,24,4,17,19,11
17,12,-5,-15,11,3,2,24,5,17,19,12
19,13,-6,-17,12,3,2,24,6,17,20,12
20,13,-7,-18,13,3,1,24,6,18,20,13
20,14,-6,-18,12,3,1,25,7,19,21,14
19,14,-5,-17,11,4,1,25,8,20,22,15
19,15,-4,-17,11,5,0,25,9,20,23,15
20,15,-4,-18,11,6,0,26,9,20,23,15
20,15,-5,-18,12,6,0,26,10,21,23,15
21,15,-5,-18,12,5,-1,26,10,21,23,15
21,15,-5,-18,12,5,-1,26,11,21,24,16
21,15,-5,-18,12,5,-1,26,11,21,24,16
21,16,-5,-19,12,5,-1,26,11,21,24,16
22,16,-5,-19,13,5,-2,26,11,21,24,16
24,17,-6,-20,14,5,-2,25,11,21,24,16
25,18,-6,-21,15,6,-3,25,11,21,24,17
24,18,-5,-22,14,7,-3,25,11,22,25,18
23,18,-3,-21,13,7,-2,25,11,22,25,19
22,18,-3,-21,12,7,-2,24,11,22,25,19
21,18,-2,-20,12,7,-2,24,11,21,25,19
21,18,-2,-20,11,8,-1,23,10,21,24,19
20,18,-1,-19,10,8,-1,23,10,21,24,19
18,17,-1,-18,9,8,-1,22,9,20,23,19
17,16,0,-17,8,8,-1,21,9,20,23,19
17,16,-1,-17,8,8,-1,20,8,19,22,18
17,15,-1,-16,9,7,-1,18,6,17,20,17
15,14,0,-15,7,7,0,17,4,16,19,16
13,13,1,-14,6,7,0,16,3,15,18,15
12,13,1,-13,5,6,1,14,2,14,17,14
11,11,1,-12,4,5,1,13,0,13,16,13
10,10,0,-11,4,5,1,12,-1,12,15,11
9,9,0,-10,4,4,1,11,-2,11,13,10
8,8,0,-9,3,4,1,10,-3,10,12,9
6,7,1,-8,1,5,2,8,-5,9,11,9
3,6,2,-6,0,5,2,7,-6,7,10,8
2,5,3,-5,-1,4,2,6,-7,6,9,7
0,4,3,-3,-2,4,3,5,-8,5,8,6
0,3,3,-2,-2,3,3,5,-9,4,7,5
0,2,2,-1,-2,2,3,4,-10,3,5,4
0,1,2,-1,-2,1,3,3,-11,2,4,3
-2,1,2,0,-3,1,3,2,-12,1,3,2
-3,0,3,1,-3,1,3,1,-12,1,3,2
-3,0,2,1,-3,0,3,0,-13,0,2,1
-2,-1,1,1,-1,0,3,-1,-15,-1,1,0
-1,-1,-1,1,0,-1,2,-2,-16,-2,0,0
-1,-2,-1,1,-1,-2,3,-2,-16,-2,0,0
-4,-2,1,2,-3,-1,4,-2,-16,-2,0,0
-4,-2,2,3,-4,0,4,-2,-16,-2,-1,0
-3,-3,1,2,-3,-1,4,-3,-17,-3,-2,-1
-3,-3,0,2,-2,-2,4,-4,-18,-3,-2,-2
-3,-4,0,2,-2,-2,4,-4,-18,-4,-2,-2
-3,-4,0,2,-2,-2,4,-4,-19,-4,-2,-3
-4,-4,0,2,-2,-2,4,-4,-19,-4,-2,-3
-4,-4,0,3,-3,-1,4,-4,-19,-4,-3,-3
-5,-3,1,3,-3,-1,4,-5,-20,-4,-3,-3
-5,-4,1,3,-3,-2,4,-5,-20,-4,-3,-3
-6,-4,1,4,-4,-2,4,-5,-20,-4,-3,-3
-7,-5,2,5,-5,-1,4,-5,-19,-4,-3,-3
-8,-5,3,6,-6,-1,4,-5,-19,-4,-3,-2
-8,-5,2,6,-5,-1,4,-5,-19,-4,-3,-2
-8,-6,2,6,-5,-2,4,-5,-19,-5,-3,-2
-8,-6,1,6,-5,-2,4,-5,-19,-5,-3,-3
-7,-6,0,5,-4,-3,4,-5,-19,-5,-3,-3
-6,-5,0,5,-4,-3,4,-5,-19,-5,-3,-3
-4,-5,-1,4,-3,-3,4,-5,-19,-5,-4,-3
-3,-5,-2,4,-2,-4,3,-6,-20,-6,-4,-3
-4,-6,-1,4,-3,-4,3,-6,-20,-6,-4,-4
-6,-6,0,5,-4,-3,4,-5,-19,-6,-4,-3
-7,-6,1,5,-5,-2,4,-5,-19,-5,-3,-3
-8,-6,1,5,-6,-2,4,-5,-19,-5,-3,-3
-8,-5,2,5,-6,-1,4,-5,-19,-5,-3,-2
-8,-5,3,5,-6,-1,4,-5,-18,-4,-3,-1
-7,-5,2,5,-5,-1,4,-5,-18,-4,-3,-2
-6,-5,1,5,-4,-2,4,-6,-18,-5,-3,-2
-6,-5,0,5,-4,-2,3,-6,-19,-5,-4,-2
-5,-5,0,4,-3,-2,3,-6,-19,-6,-4,-2
-3,-5,-1,3,-2,-2,2,-6,-19,-6,-4,-3
-3,-4,-1,2,-2,-2,2,-6,-19,-7,-4,-3
-4,-5,0,3,-3,-2,3,-6,-19,-6,-4,-3
-7,-5,1,5,-5,-2,3,-5,-18,-6,-4,-2
-8,-6,2,6,-6,-2,4,-5,-17,-5,-4,-2
-8,-6,2,7,-6,-2,4,-5,-17,-5,-4,-2
-7,-6,1,6,-5,-2,4,-5,-17,-5,-4,-2
-7,-6,1,6,-5,-2,4,-5,-17,-5,-4,-2
-7,-5,2,5,-6,0,5,-4,-16,-5,-3,-2
-7,-5,3,5,-6,0,6,-3,-16,-4,-2,-1
-7,-5,2,4,-5,0,5,-4,-16,-5,-2,-2
-6,-5,1,4,-4,-1,5,-5,-16,-5,-3,-2
-6,-5,1,5,-5,-2,4,-6,-16,-5,-3,-2
-6,-5,1,5,-5,-2,4,-6,-16,-5,-3,-2
-6,-4,1,5,-6,-1,4,-6,-16,-5,-3,-2
-6,-4,2,4,-6,0,4,-5,-16,-5,-3,-2
-6,-4,1,4,-5,-1,4,-5,-16,-5,-3,-2
-5,-5,0,4,-4,-1,4,-5,-16,-5,-3,-2
-4,-4,0,3,-3,-2,4,-5,-16,-6,-3,-2
-4,-4,0,3,-2,-2,4,-5,-16,-6,-3,-2
-4,-5,0,3,-3,-2,4,-5,-16,-6,-3,-2
-5,-5,0,4,-3,-2,3,-5,-16,-6,-3,-3
-5,-5,0,4,-3,-2,3,-5,-16,-6,-3,-3
-5,-5,0,4,-3,-1,3,-4,-15,-6,-3,-3
-5,-4,1,4,-4,-1,3,-4,-15,-5,-3,-2
-6,-5,1,5,-4,-1,3,-4,-14,-5,-3,-2
-6,-5,1,5,-5,-1,4,-4,-14,-5,-3,-2
-6,-4,1,4,-5,-1,4,-4,-14,-5,-3,-2
-5,-4,0,4,-4,-1,4,-4,-14,-5,-3,-2
-5,-4,0,3,-3,-1,4,-4,-14,-5,-3,-2
-5,-4,1,4,-4,-1,4,-4,-13,-4,-2,-1
-5,-4,1,4,-5,0,4,-4,-13,-4,-2,-1
-5,-4,1,4,-4,0,4,-4,-13,-4,-2,-2
-5,-4,1,4,-4,0,4,-4,-13,-4,-2,-2
-6,-4,1,4,-4,0,4,-4,-13,-4,-2,-1
-6,-4,1,4,-4,-1,4,-4,-13,-4,-2,-1
-5,-4,1,4,-4,-1,4,-4,-13,-4,-2,-1
-5,-3,1,4,-5,-1,4,-4,-12,-4,-2,-1
-5,-3,2,4,-5,-1,5,-4,-12,-4,-1,-1
-6,-3,2,4,-5,0,5,-4,-12,-3,-1,-1
-5,-3,2,3,-5,0,5,-4,-12,-3,-1,-2
-4,-3,1,3,-4,0,5,-4,-12,-4,-2,-2
-4,-3,0,2,-3,0,5,-4,-12,-4,-2,-2
-5,-3,1,3,-5,0,5,-4,-11,-3,-1,-2
-6,-3,2,3,-6,0,5,-3,-11,-3,-1,-2
-6,-3,2,3,-6,0,5,-3,-11,-3,-1,-2
-6,-3,2,3,-5,0,5,-3,-11,-3,-1,-2
-5,-3,2,3,-5,0,5,-3,-11,-3,-1,-2
-5,-3,1,3,-4,0,5,-4,-11,-3,-2,-3
-4,-3,1,3,-4,0,5,-4,-11,-3,-2,-3
-5,-3,1,3,-4,0,5,-4,-11,-3,-2,-3
-6,-3,2,3,-5,0,5,-4,-11,-3,-2,-3
-5,-2,2,3,-5,0,5,-4,-11,-3,-2,-3
-5,-2,1,3,-5,0,5,-4,-11,-3,-2,-3
-5,-2,2,3,-5,0,6,-4,-10,-3,-1,-2
-5,-2,2,2,-5,0,6,-4,-10,-2,-1,-2
-4,-1,1,2,-4,0,6,-4,-10,-2,-1,-2
-3,-1,1,2,-4,0,6,-4,-10,-2,-1,-2
-3,-2,1,2,-4,0,5,-4,-10,-2,-1,-2
-2,-2,0,1,-3,0,5,-5,-10,-3,-2,-3
-2,-2,-1,1,-2,-1,5,-5,-10,-3,-2,-3
-2,-2,-1,1,-2,-1,5,-5,-10,-3,-2,-3
-2,-2,-1,1,-2,-1,5,-5,-10,-4,-2,-4
-2,-2,-1,1,-2,-1,5,-5,-10,-4,-2,-4
-3,-3,0,1,-2,-1,5,-5,-10,-4,-2,-4
-3,-3,0,2,-3,-1,5,-5,-10,-4,-2,-4
-3,-3,0,2,-3,-1,5,-5,-10,-4,-2,-4
-4,-4,0,2,-3,-2,5,-5,-11,-4,-2,-4
-4,-4,-1,2,-2,-2,5,-6,-11,-4,-2,-4
-3,-4,-2,2,-2,-2,5,-6,-11,-3,-2,-4
-3,-4,-1,2,-2,-2,5,-6,-11,-3,-2,-4
-4,-3,0,2,-3,-1,5,-6,-11,-3,-2,-4
-4,-4,0,3,-3,-1,5,-6,-11,-3,-2,-4
-5,-4,0,3,-3,-2,5,-6,-12,-4,-2,-4
-5,-4,0,3,-3,-2,5,-6,-12,-4,-2,-4
-4,-4,0,3,-3,-1,5,-6,-11,-4,-2,-4
-4,-4,-1,3,-2,-2,5,-7,-11,-4,-2,-4
-4,-5,-1,3,-2,-2,4,-7,-12,-5,-3,-4
-3,-5,-2,3,-1,-3,4,-7,-12,-5,-3,-5
-2,-4,-2,2,0,-3,4,-7,-12,-5,-3,-5
-2,-4,-2,2,-1,-3,4,-7,-12,-5,-3,-5
-4,-4,-1,3,-2,-3,4,-7,-12,-5,-3,-5
-5,-5,0,3,-3,-3,5,-7,-12,-5,-3,-5
-5,-5,0,3,-3,-3,5,-7,-12,-5,-3,-5
-6,-5,0,4,-5,-2,5,-7,-12,-5,-3,-5
-7,-5,1,4,-6,-1,6,-7,-12,-4,-3,-5
-6,-5,0,4,-5,-1,5,-7,-12,-4,-3,-5
-5,-5,0,4,-4,-1,5,-7,-12,-4,-3,-5
-6,-5,1,4,-5,-1,5,-6,-11,-4,-2,-5
-7,-4,2,4,-6,-1,5,-6,-11,-4,-2,-4
-6,-4,0,3,-4,-1,5,-7,-12,-4,-3,-5
-4,-4,-1,3,-3,-2,4,-7,-12,-5,-3,-5
-4,-4,-2,3,-2,-2,4,-7,-12,-6,-3,-6
-4,-4,-1,3,-3,-2,5,-7,-12,-6,-3,-6
-5,-4,-1,3,-3,-1,5,-7,-12,-6,-3,-5
-5,-5,-1,3,-3,-2,5,-7,-12,-6,-3,-5
-5,-5,-1,3,-3,-2,5,-7,-12,-6,-4,-5
-5,-5,-1,3,-3,-2,5,-7,-12,-6,-4,-5
-5,-5,-1,3,-3,-2,5,-7,-12,-6,-4,-5
-5,-5,0,3,-3,-2,5,-7,-12,-5,-4,-5
-6,-5,0,4,-4,-2,6,-7,-11,-5,-3,-5
-6,-4,0,4,-3,-2,5,-7,-11,-5,-3,-5
-5,-4,-1,4,-3,-2,5,-8,-12,-6,-4,-6
-5,-5,-1,3,-2,-2,4,-8,-12,-6,-4,-6
-3,-5,-2,3,-1,-3,4,-8,-12,-7,-4,-6
-3,-6,-3,3,0,-3,3,-8,-13,-7,-5,-7
-3,-6,-3,3,-1,-3,3,-8,-13,-7,-5,-7
-4,-6,-3,3,-1,-3,4,-8,-12,-7,-5,-7
-4,-6,-2,3,-2,-3,4,-8,-12,-7,-5,-7
-4,-6,-2,3,-2,-3,4,-8,-12,-7,-5,-7
-4,-6,-2,3,-2,-3,4,-8,-12,-7,-5,-7
-4,-5,-2,3,-2,-3,4,-8,-12,-7,-5,-7
-4,-5,-1,3,-2,-2,4,-8,-11,-7,-5,-7
-4,-5,-1,3,-2,-2,4,-8,-11,-7,-5,-7
-4,-5,-1,3,-2,-2,4,-8,-11,-7,-5,-7
-4,-5,-1,3,-2,-3,3,-8,-11,-7,-5,-7
-4,-5,-2,3,-1,-3,3,-9,-11,-7,-6,-7
-3,-5,-2,3,-1,-3,3,-9,-11,-7,-6,-7
-4,-5,-2,3,-1,-3,3,-9,-11,-7,-5,-7
-5,-5,-2,3,-2,-3,4,-8,-10,-6,-5,-6
-5,-5,-1,3,-2,-2,4,-8,-9,-6,-5,-5
-4,-5,-1,3,-2,-2,4,-8,-9,-6,-5,-5
-4,-5,-2,2,-1,-3,4,-8,-9,-6,-5,-5
-3,-5,-2,2,-1,-3,4,-8,-9,-6,-5,-5
-3,-5,-2,2,-1,-2,4,-9,-9,-6,-5,-6
-4,-4,-1,2,-2,-1,4,-8,-9,-7,-5,-6
-4,-4,-1,2,-2,-1,4,-8,-8,-7,-5,-6
-5,-5,-1,3,-2,-1,4,-7,-8,-7,-5,-6
-4,-5,-2,2,-1,-2,3,-7,-9,-8,-5,-7
-3,-5,-3,2,-1,-3,3,-7,-9,-8,-5,-7
-4,-5,-1,3,-2,-2,3,-6,-8,-7,-5,-6
-7,-5,1,4,-4,-1,4,-5,-7,-6,-4,-5
-8,-5,2,4,-5,-1,5,-4,-6,-5,-4,-5
-7,-3,2,3,-5,0,5,-4,-6,-5,-3,-5
-5,-2,2,1,-4,0,5,-4,-6,-5,-3,-5
-5,-1,1,1,-4,0,5,-3,-5,-4,-2,-4
-3,-1,1,0,-3,1,5,-3,-4,-4,-2,-4
-3,0,2,-1,-3,2,5,-2,-3,-3,-1,-3
-3,1,3,-1,-4,3,6,0,-2,-2,0,-2
-4,1,3,-1,-5,3,7,0,-1,-2,0,-2
-3,1,3,-2,-4,3,7,0,-1,-2,0,-3
-2,1,2,-2,-3,2,7,0,-1,-2,0,-3
-1,1,1,-2,-2,2,8,0,-1,-2,0,-3
-1,1,0,-2,-2,1,8,0,-1,-2,0,-3
-3,0,1,-1,-3,2,9,1,0,-2,0,-3
-3,0,2,0,-3,2,9,1,0,-2,-1,-3
-3,0,1,0,-3,1,8,0,0,-2,-1,-3
-3,0,1,0,-3,1,8,0,0,-2,0,-3
-4,0,2,0,-4,1,8,1,1,-1,0,-2
-3,0,1,-1,-3,1,7,1,1,-1,0,-2
-1,1,0,-2,-1,1,6,0,1,0,1,-1
1,1,-2,-3,0,0,4,0,1,0,1,-1
2,1,-3,-4,2,0,2,0,2,0,1,-1
3,1,-3,-5,2,0,1,-1,2,0,1,0
2,2,-2,-4,1,1,0,-1,2,0,2,0
2,2,-2,-4,1,1,0,-2,2,0,2,0
2,1,-2,-4,1,0,0,-2,2,-1,1,-1
2,1,-2,-4,1,0,0,-3,1,-1,1,-1
1,1,-2,-3,1,0,0,-3,1,-1,1,0
1,0,-3,-3,1,0,0,-4,1,-1,0,0
2,-1,-4,-3,2,-1,0,-4,1,-2,0,-1
2,-2,-5,-3,3,-2,0,-5,0,-3,-1,-2
3,-2,-6,-3,3,-2,0,-5,0,-3,-1,-2
2,-3,-6,-2,3,-3,0,-5,0,-3,-1,-2
1,-3,-5,-1,2,-3,0,-5,0,-3,-1,-2
0,-3,-5,0,2,-4,0,-5,0,-3,-1,-2
0,-4,-5,0,1,-4,0,-5,0,-3,-1,-2
-1,-4,-5,0,1,-4,1,-5,0,-3,-1,-2
-1,-4,-5,0,1,-4,1,-6,0,-3,-2,-2
-1,-4,-5,1,0,-4,1,-6,0,-4,-2,-3
-2,-5,-4,1,0,-4,1,-7,0,-4,-3,-3
-3,-6,-4,2,0,-4,1,-7,0,-5,-3,-4
-4,-7,-4,3,-1,-4,1,-7,-1,-6,-4,-5
-5,-8,-4,4,-1,-5,1,-7,-1,-7,-4,-5
-6,-8,-4,4,-1,-5,1,-7,-2,-7,-5,-6
-6,-8,-4,4,-1,-5,2,-8,-2,-7,-5,-6
-7,-8,-3,5,-3,-4,3,-8,-2,-7,-5,-5
-8,-9,-2,6,-4,-4,4,-8,-2,-7,-5,-5
-8,-9,-2,6,-4,-4,4,-8,-2,-7,-5,-6
-7,-9,-2,5,-4,-5,4,-8,-2,-8,-6,-6
-6,-9,-3,4,-3,-5,3,-9,-3,-8,-6,-7
-6,-9,-2,5,-3,-5,3,-9,-3,-8,-6,-7
-8,-9,-1,6,-5,-4,3,-8,-3,-8,-6,-6
-9,-9,-1,7,-5,-4,3,-9,-3,-8,-6,-7
-9,-10,-2,7,-4,-5,3,-9,-3,-9,-6,-7
-9,-10,-3,7,-4,-6,3,-9,-3,-9,-7,-7
-9,-10,-2,7,-4,-5,3,-9,-3,-9,-7,-7
-9,-10,-2,7,-4,-5,3,-9,-2,-9,-7,-6
-9,-10,-2,7,-4,-5,3,-9,-2,-8,-7,-6
-8,-10,-2,6,-4,-5,3,-9,-2,-8,-7,-6
-8,-10,-3,6,-3,-5,3,-9,-3,-8,-7,-6
-8,-9,-2,6,-4,-5,3,-9,-3,-8,-7,-6
-9,-9,-1,7,-5,-4,4,-8,-2,-8,-7,-6
-10,-10,-1,7,-6,-4,4,-8,-2,-8,-7,-6
-11,-11,-1,8,-6,-5,5,-7,-2,-8,-7,-7
-11,-11,-1,8,-6,-5,6,-6,-2,-9,-8,-8
-12,-11,0,8,-7,-5,9,-4,-1,-8,-8,-9
-13,-11,0,9,-8,-4,12,0,0,-7,-8,-9
-13,-11,1,9,-8,-4,15,6,3,-6,-7,-9
-12,-9,1,8,-8,-3,18,12,7,-4,-6,-9
-11,-7,3,6,-8,-1,21,19,13,0,-4,-8
-10,-4,4,4,-8,0,23,26,20,5,0,-5
-7,0,5,1,-7,3,25,35,29,12,7,-1
-2,4,4,-4,-4,5,27,46,41,21,15,4
6,10,2,-11,1,6,28,57,53,31,24,10
16,15,-1,-18,7,8,26,61,62,39,33,17
26,21,-5,-26,14,9,21,62,71,47,42,25
36,28,-9,-34,22,9,15,61,79,56,53,34
45,34,-12,-42,28,11,8,58,87,64,63,44
52,42,-11,-49,31,15,0,50,91,73,75,56
57,51,-8,-57,32,21,-12,36,93,80,86,69
61,60,-3,-63,31,29,-25,16,91,85,95,81
59,69,7,-67,25,39,-38,-7,84,89,102,92
54,76,21,-68,15,50,-48,-32,72,88,105,100
45,80,33,-66,5,57,-57,-55,55,80,99,101
34,74,39,-57,-3,57,-62,-77,29,61,81,90
21,61,40,-44,-10,51,-64,-97,-3,33,53,70
7,44,36,-28,-15,40,-64,-114,-37,2,22,47
-5,28,32,-14,-19,30,-62,-128,-66,-25,-4,26
-14,15,27,-3,-21,22,-60,-133,-84,-44,-23,10
-18,5,21,3,-20,14,-56,-131,-90,-54,-34,0
-19,-2,15,7,-18,7,-51,-123,-89,-57,-40,-7
-19,-7,10,10,-16,2,-45,-112,-83,-57,-42,-12
-19,-10,8,11,-15,0,-38,-100,-76,-55,-41,-15
-18,-11,6,11,-13,-2,-32,-87,-67,-50,-39,-16
-16,-10,4,10,-11,-2,-26,-75,-59,-45,-35,-15
-14,-9,3,9,-9,-2,-21,-64,-50,-39,-31,-13
-13,-9,3,8,-9,-2,-16,-53,-39,-33,-25,-11
-13,-8,3,8,-9,-1,-11,-42,-29,-26,-20,-9
-12,-8,2,7,-8,-2,-7,-34,-22,-21,-16,-8
-10,-7,0,6,-7,-2,-3,-28,-16,-17,-13,-7
-9,-7,0,5,-5,-3,0,-22,-11,-14,-11,-6
-8,-7,-1,4,-5,-3,2,-17,-8,-12,-10,-5
-8,-7,-1,5,-5,-4,3,-14,-5,-11,-9,-5
-9,-8,-1,6,-5,-5,4,-11,-4,-10,-8,-5
-9,-9,-2,6,-4,-6,5,-10,-3,-9,-8,-5
-8,-10,-3,6,-3,-6,5,-9,-2,-9,-8,-5
-8,-10,-3,6,-4,-6,6,-9,-1,-8,-7,-5
-8,-9,-2,6,-5,-5,6,-8,0,-8,-7,-5
-8,-9,-2,5,-5,-5,7,-7,1,-7,-7,-4
-8,-9,-2,5,-5,-5,7,-7,1,-7,-7,-4
-8,-9,-2,5,-4,-6,8,-6,1,-7,-7,-4
-8,-10,-3,6,-4,-6,8,-6,1,-7,-6,-4
-8,-10,-4,6,-3,-7,8,-6,2,-7,-6,-4
-7,-10,-4,6,-2,-7,8,-6,2,-7,-6,-4
-7,-10,-4,6,-2,-6,8,-6,3,-7,-6,-4
-8,-10,-3,6,-3,-5,9,-5,4,-6,-5,-4
-8,-9,-2,6,-3,-5,9,-5,5,-6,-5,-4
-7,-9,-3,5,-3,-5,9,-5,5,-6,-5,-4
-6,-9,-4,4,-2,-5,9,-5,5,-6,-5,-4
-6,-9,-4,4,-1,-6,9,-5,5,-6,-5,-4
-6,-9,-5,4,-1,-6,9,-5,5,-6,-5,-4
-6,-9,-5,4,-1,-7,9,-5,5,-6,-5,-5
-7,-9,-5,4,-1,-7,9,-5,6,-6,-5,-5
-8,-9,-3,5,-3,-6,9,-4,7,-5,-4,-4
-7,-9,-3,5,-3,-6,9,-4,7,-5,-5,-5
-5,-10,-5,4,-1,-7,8,-5,7,-6,-5,-5
-4,-10,-7,3,0,-8,8,-5,7,-6,-6,-6
-4,-10,-7,3,0,-8,8,-5,7,-6,-5,-6
-5,-9,-5,4,0,-7,9,-4,7,-5,-5,-5
-6,-9,-4,4,-2,-6,9,-4,8,-5,-4,-4
-6,-8,-3,4,-2,-5,9,-3,8,-4,-3,-4
-6,-7,-3,3,-2,-5,9,-3,8,-4,-3,-4
-6,-7,-3,3,-2,-5,9,-3,9,-4,-3,-4
-6,-7,-4,3,-2,-5,9,-3,9,-4,-3,-4
-6,-8,-4,3,-2,-5,9,-3,9,-4,-3,-4
-6,-8,-4,3,-2,-5,9,-3,10,-4,-3,-3
-6,-7,-4,3,-2,-5,9,-2,10,-4,-3,-3
-5,-7,-4,3,-2,-5,9,-2,10,-4,-3,-3
-5,-8,-5,3,-1,-5,8,-2,10,-4,-3,-3
-4,-8,-5,3,-1,-5,8,-1,10,-4,-3,-3
-4,-8,-5,3,-1,-5,8,-1,11,-3,-2,-3
-4,-8,-5,2,0,-5,8,-1,11,-3,-2,-3
-4,-8,-6,2,0,-6,8,-1,11,-3,-2,-3
-3,-8,-7,2,1,-6,8,-1,11,-3,-2,-3
-2,-7,-7,1,2,-7,8,-1,11,-4,-2,-3
-1,-7,-8,1,2,-7,8,-1,11,-4,-2,-3
-1,-8,-8,1,2,-7,7,-1,11,-4,-2,-3
-2,-8,-7,1,2,-7,7,0,11,-3,-2,-3
-2,-8,-7,1,1,-7,7,0,11,-3,-2,-3
-2,-7,-7,1,1,-6,7,0,12,-3,-2,-3
-3,-7,-7,1,1,-6,7,0,12,-3,-2,-3
-4,-7,-6,2,0,-6,8,0,13,-3,-1,-2
-5,-7,-5,3,-1,-6,8,1,13,-2,-1,-2
-4,-7,-5,3,-1,-6,8,1,14,-2,0,-2
-4,-7,-5,2,-1,-5,8,1,14,-2,0,-1
-4,-6,-4,2,-2,-4,8,2,15,-1,0,-1
-4,-7,-5,2,-1,-5,8,2,15,-1,0,-1
-2,-7,-6,1,0,-5,8,2,15,-1,0,-1
-1,-6,-6,0,1,-5,8,2,15,-1,0,0
-1,-5,-6,0,1,-5,8,3,16,0,1,0
0,-5,-6,-1,2,-5,8,3,16,0,2,0
0,-4,-6,-1,2,-5,8,3,16,0,2,0
0,-4,-6,-1,2,-5,8,3,16,0,2,0
0,-4,-6,-1,1,-5,8,4,17,0,2,0
-1,-4,-5,0,1,-5,7,4,17,1,2,0
-1,-5,-5,0,0,-5,7,5,18,1,2,0
-1,-5,-6,0,0,-5,7,5,18,1,2,0
-1,-5,-6,0,1,-5,7,5,19,1,2,0
-1,-5,-5,0,0,-5,7,6,19,2,3,1
-2,-5,-4,0,0,-4,7,6,20,2,3,1
-3,-5,-4,0,-1,-4,7,7,21,3,4,2
-3,-6,-4,0,-1,-4,7,9,22,3,4,2
-1,-5,-5,0,0,-5,7,10,22,3,4,2
1,-4,-6,-1,2,-5,7,11,23,4,5,3
2,-3,-7,-2,2,-5,8,12,24,4,5,3
2,-3,-7,-3,3,-5,8,13,25,5,6,4
2,-2,-6,-3,3,-4,8,13,25,5,6,4
2,-2,-6,-4,2,-4,8,14,26,6,7,5
2,-1,-5,-4,2,-3,8,15,26,6,7,5
3,-1,-6,-5,3,-3,8,15,27,7,7,5
4,-1,-7,-5,4,-4,7,16,28,7,8,5
5,-1,-8,-6,5,-4,7,16,29,8,9,6
5,-1,-8,-6,5,-4,7,17,30,8,10,7
6,0,-8,-6,5,-4,7,18,31,9,10,7
7,0,-8,-8,6,-4,6,18,32,9,11,8
7,0,-8,-9,7,-4,6,19,32,10,12,8
8,1,-8,-9,7,-3,6,19,33,11,12,9
9,1,-9,-9,7,-3,5,20,33,12,13,9
10,2,-9,-10,7,-3,5,21,34,13,13,10
10,3,-9,-10,7,-2,5,21,35,14,14,11
11,3,-9,-10,8,-2,5,22,36,14,15,12
12,4,-10,-11,8,-2,5,22,37,15,16,13
12,4,-10,-12,9,-2,5,22,37,15,17,13
12,4,-10,-13,10,-2,5,23,38,16,17,14
13,5,-10,-14,10,-2,4,23,38,16,18,14
15,6,-11,-15,11,-2,3,23,38,17,18,14
16,6,-12,-15,12,-2,2,23,39,17,18,15
16,7,-11,-15,12,-2,2,24,40,18,20,15
15,7,-9,-15,11,-1,2,24,41,19,21,16
15,8,-8,-15,10,0,2,24,42,20,22,17
14,8,-8,-15,9,0,3,25,43,21,23,17
14,8,-8,-15,9,0,3,25,43,21,23,17
15,8,-8,-16,10,0,2,25,43,21,23,17
16,9,-9,-16,10,0,2,25,43,21,23,18
17,10,-9,-17,11,0,1,25,43,21,23,18
19,10,-11,-18,13,0,1,25,43,21,23,18
20,10,-11,-19,14,0,0,25,43,21,23,18
20,10,-11,-20,14,0,0,24,43,21,23,18
20,10,-10,-20,14,0,0,24,43,21,24,18
19,10,-9,-19,13,1,0,24,43,21,24,19
18,10,-9,-19,12,1,0,24,44,22,24,19
17,11,-8,-18,11,1,0,24,44,22,24,19
17,11,-8,-18,10,1,0,24,43,22,24,19
16,11,-8,-18,10,2,0,24,42,22,24,19
15,10,-7,-17,9,2,0,24,41,21,23,19
13,10,-5,-15,7,2,1,24,41,21,23,19
12,9,-4,-15,6,3,1,24,40,21,22,18
12,9,-5,-15,7,2,1,23,38,20,21,17
13,9,-6,-15,8,2,1,23,37,19,20,16
12,8,-6,-15,7,2,1,22,36,18,19,15
10,8,-5,-13,5,2,2,22,34,17,18,14
8,7,-4,-12,4,2,3,21,33,16,17,14
6,6,-3,-10,3,2,3,20,31,15,16,13
5,5,-3,-9,2,2,3,18,30,14,15,12
5,4,-2,-9,2,2,3,17,28,13,14,11
5,4,-3,-9,2,1,3,15,26,11,12,9
4,3,-3,-9,2,1,3,13,24,10,11,8
4,2,-3,-8,2,0,3,12,22,8,9,6
2,1,-3,-7,0,0,4,12,21,7,8,5
0,0,-2,-5,0,0,4,11,19,7,8,4
-1,-1,-2,-3,-1,-1,4,10,18,6,7,4
-3,-1,-1,-2,-2,-1,5,9,17,6,7,3
-4,-2,-1,-2,-3,-1,5,8,16,5,6,3
-5,-3,-1,-1,-3,-1,5,7,15,4,5,2
-5,-4,-1,-1,-3,-2,5,6,14,3,3,1
-4,-4,-2,-1,-3,-3,5,6,13,1,2,0
-4,-5,-3,0,-3,-3,5,5,12,0,1,-1
-6,-5,-2,0,-4,-3,6,5,11,0,1,-2
-6,-6,-1,1,-5,-3,6,5,10,0,1,-2
-6,-6,-2,1,-4,-4,6,4,10,0,1,-2
-6,-7,-3,1,-4,-4,6,4,9,-1,0,-2
-7,-8,-2,2,-4,-4,6,4,8,-1,0,-2
-9,-8,-1,3,-5,-4,6,4,8,-1,0,-2
-10,-9,-1,4,-6,-4,6,4,7,-2,-1,-2
-10,-9,-1,4,-6,-4,6,4,7,-2,-1,-2
-9,-8,-1,4,-6,-4,6,4,7,-3,-1,-2
-7,-8,-2,4,-5,-5,6,4,6,-3,-1,-2
-7,-9,-3,4,-4,-5,6,4,6,-3,-1,-2
-8,-9,-3,4,-4,-6,6,4,6,-3,-2,-2
-7,-9,-4,3,-3,-6,6,3,5,-4,-3,-3
-5,-9,-6,2,-1,-7,5,3,4,-5,-3,-3
-6,-9,-5,2,-2,-6,5,3,4,-5,-3,-3
-9,-9,-2,3,-5,-5,6,4,4,-4,-3,-3
-11,-9,-1,4,-7,-5,6,4,4,-4,-3,-3
-10,-10,-2,5,-6,-6,6,4,4,-4,-3,-3
-10,-10,-2,5,-6,-6,6,4,4,-4,-3,-3
-10,-10,-2,5,-6,-5,6,4,4,-4,-3,-3
-10,-10,-2,5,-6,-5,6,4,4,-4,-3,-2
-10,-10,-2,4,-6,-5,6,4,4,-4,-3,-2
-9,-10,-3,4,-5,-6,6,4,3,-4,-3,-3
-9,-11,-4,4,-4,-6,5,3,3,-4,-4,-3
-9,-11,-4,4,-5,-7,5,3,2,-5,-4,-4
-9,-11,-3,4,-5,-7,5,3,2,-5,-4,-4
-9,-10,-3,4,-6,-6,5,3,3,-4,-3,-4
-10,-10,-3,4,-6,-6,5,3,3,-4,-3,-4
-11,-10,-2,5,-6,-6,5,3,3,-4,-3,-3
-11,-11,-2,5,-6,-6,5,3,3,-4,-4,-3
-10,-10,-2,4,-6,-6,5,4,3,-4,-4,-3
-9,-10,-3,3,-5,-6,5,5,3,-4,-4,-3
-9,-10,-3,4,-5,-6,5,6,3,-4,-4,-3
-10,-10,-3,5,-6,-6,5,6,3,-4,-4,-3
-11,-11,-2,6,-7,-6,5,7,3,-4,-4,-3
-11,-11,-1,6,-8,-6,5,7,3,-4,-4,-3
-10,-10,-2,5,-7,-6,5,7,3,-4,-4,-3
-9,-10,-3,4,-5,-6,5,7,3,-5,-4,-4
-8,-10,-4,4,-4,-7,5,7,2,-5,-4,-4
-9,-10,-3,4,-5,-6,5,7,2,-5,-4,-3
-11,-10,-2,5,-7,-6,5,8,2,-4,-3,-3
-11,-10,-1,5,-7,-6,5,8,2,-4,-3,-3
-11,-11,-1,6,-7,-6,5,8,2,-4,-3,-3
-10,-11,-3,5,-6,-7,4,7,2,-5,-4,-4
-9,-12,-5,5,-4,-8,4,7,2,-5,-4,-4
-8,-12,-6,4,-3,-9,4,6,1,-5,-4,-5
-9,-12,-6,5,-4,-8,5,6,2,-5,-4,-4
-10,-12,-4,5,-5,-7,5,7,2,-4,-4,-4
-11,-11,-3,5,-6,-7,5,7,2,-4,-4,-3
-11,-11,-3,5,-6,-7,5,7,2,-4,-4,-3
-11,-11,-3,5,-6,-7,5,7,2,-5,-4,-3
-11,-12,-3,5,-6,-7,5,8,2,-5,-4,-4
-11,-12,-3,5,-6,-7,5,9,2,-4,-3,-4
-11,-12,-3,5,-6,-7,5,9,2,-4,-3,-4
-11,-11,-2,5,-7,-6,5,10,2,-4,-3,-3
-11,-11,-2,5,-7,-6,5,10,2,-4,-3,-3
-11,-11,-3,5,-6,-7,5,10,2,-4,-3,-3
-10,-11,-3,4,-6,-7,5,10,2,-4,-3,-3
-10,-10,-3,5,-6,-6,6,10,2,-4,-3,-3
-11,-10,-2,5,-7,-6,6,11,3,-4,-3,-3
-12,-10,-1,5,-8,-6,6,11,3,-4,-3,-3
-11,-10,-1,5,-7,-6,6,11,3,-4,-3,-3
-10,-10,-3,4,-6,-6,6,11,2,-5,-4,-3
-9,-10,-4,3,-5,-7,5,10,2,-5,-4,-4
-9,-11,-4,3,-5,-7,5,10,2,-5,-4,-4
-9,-11,-4,3,-5,-7,5,10,2,-5,-4,-4
-9,-10,-4,2,-5,-6,5,10,2,-5,-4,-4
-9,-9,-3,2,-5,-6,5,10,2,-5,-4,-3
-10,-9,-2,3,-7,-5,6,11,3,-4,-3,-3
-11,-9,-1,4,-8,-5,6,11,3,-4,-3,-2
-11,-10,-1,4,-8,-6,6,11,4,-3,-3,-2
-11,-10,-1,4,-8,-6,6,12,4,-3,-2,-2
-12,-10,0,4,-8,-5,6,12,4,-2,-2,-2
-12,-10,-1,4,-8,-5,6,12,5,-2,-2,-2
-11,-10,-1,4,-8,-5,6,12,5,-2,-2,-2
-11,-9,-1,4,-7,-5,6,12,5,-2,-2,-2
-11,-9,-1,4,-7,-6,6,13,5,-2,-2,-2
-11,-10,-2,4,-7,-6,6,13,5,-2,-2,-2
-11,-10,-2,4,-7,-6,6,13,5,-2,-2,-2
-11,-10,-2,4,-7,-6,6,13,5,-3,-2,-2
-10,-10,-2,3,-7,-6,6,13,5,-3,-2,-2
-10,-10,-2,3,-7,-6,6,13,5,-3,-2,-2
-10,-9,-2,3,-7,-6,6,13,5,-3,-2,-2
-9,-9,-3,3,-6,-6,5,12,4,-3,-3,-3
-8,-9,-4,3,-4,-7,5,12,4,-4,-3,-3
-8,-9,-4,3,-5,-7,5,12,4,-4,-3,-3
-10,-9,-2,3,-7,-6,5,12,5,-3,-2,-2
-11,-9,0,3,-8,-5,5,12,5,-3,-2,-2
-12,-9,0,4,-9,-5,5,12,4,-3,-2,-2
-11,-10,-1,4,-8,-5,5,12,4,-3,-2,-2
-11,-10,-2,4,-7,-6,5,12,4,-3,-2,-2
-10,-10,-2,4,-7,-6,5,12,4,-3,-2,-2
-11,-10,-2,4,-7,-6,5,12,4,-3,-2,-3
-11,-10,-1,4,-8,-6,5,12,5,-3,-2,-3
-10,-10,-2,3,-7,-6,4,12,5,-3,-3,-3
-9,-10,-3,2,-5,-7,4,11,5,-3,-3,-4
-8,-10,-4,2,-5,-7,4,11,5,-3,-3,-3
-8,-10,-4,2,-5,-7,4,11,5,-3,-3,-3
-9,-10,-3,2,-6,-6,4,11,5,-3,-3,-3
-10,-10,-3,3,-7,-6,4,10,4,-3,-3,-3
-10,-10,-3,3,-7,-7,4,10,4,-3,-3,-3
-10,-10,-3,3,-6,-7,4,10,4,-3,-3,-3
-10,-10,-3,3,-6,-8,4,10,4,-4,-3,-4
-11,-11,-3,4,-6,-8,4,10,4,-4,-3,-4
-10,-11,-3,3,-6,-8,4,9,4,-4,-3,-4
-9,-10,-4,2,-5,-8,4,9,4,-4,-3,-4
-8,-10,-5,2,-5,-8,3,8,3,-4,-4,-4
-9,-10,-5,3,-5,-8,3,8,3,-4,-4,-4
-10,-10,-4,3,-6,-8,3,8,3,-4,-4,-4
-10,-10,-5,3,-5,-8,3,8,3,-4,-4,-4
-9,-10,-6,3,-5,-9,3,7,3,-5,-5,-5
-8,-11,-6,3,-4,-9,3,7,3,-5,-5,-5
-8,-11,-6,2,-4,-9,3,7,2,-5,-5,-5
-8,-11,-6,2,-4,-8,3,7,2,-5,-5,-5
-8,-11,-5,1,-5,-8,3,7,2,-5,-5,-5
-9,-11,-4,2,-6,-8,4,7,2,-5,-5,-5
-10,-11,-4,3,-6,-8,4,7,2,-5,-5,-5
-10,-11,-4,3,-6,-8,4,7,2,-5,-5,-5
-9,-10,-5,3,-5,-8,4,7,2,-5,-5,-5
-9,-10,-5,2,-5,-8,4,7,2,-5,-5,-5
-10,-10,-4,2,-6,-8,4,7,2,-5,-5,-5
-11,-10,-3,2,-7,-7,4,7,2,-4,-4,-4
-11,-10,-3,2,-7,-7,4,6,2,-4,-4,-4
-10,-10,-3,2,-7,-7,4,6,1,-4,-4,-4
-10,-10,-4,2,-7,-7,4,5,1,-4,-4,-5
-10,-10,-4,2,-6,-8,4,5,1,-5,-5,-5
-10,-10,-5,2,-6,-8,4,5,0,-5,-5,-6
-10,-11,-5,3,-6,-8,4,5,0,-5,-6,-6
-10,-11,-5,4,-6,-8,4,5,0,-5,-6,-6
-10,-11,-5,3,-6,-8,4,4,0,-6,-6,-6
-10,-10,-5,3,-7,-8,4,4,0,-6,-6,-6
-10,-10,-4,3,-7,-8,4,4,0,-6,-6,-6
-9,-10,-5,2,-6,-9,4,4,0,-6,-6,-6
-9,-10,-6,2,-5,-9,4,4,0,-6,-6,-6
-9,-10,-6,2,-5,-9,4,4,0,-6,-6,-6
-9,-10,-6,2,-5,-9,4,4,-1,-6,-6,-7
-8,-11,-6,2,-4,-9,3,3,-1,-7,-7,-7
-9,-11,-6,2,-4,-9,3,3,-2,-7,-7,-7
-9,-12,-6,3,-5,-9,3,3,-2,-7,-7,-7
-10,-12,-6,3,-6,-10,3,3,-2,-7,-7,-7
-12,-13,-5,4,-7,-10,3,3,-2,-6,-7,-7
-12,-12,-5,4,-8,-9,4,4,-1,-6,-7,-7
-10,-12,-6,3,-6,-9,3,4,-1,-7,-7,-8
-9,-12,-7,2,-5,-10,3,3,-2,-7,-7,-8
-10,-12,-6,3,-6,-9,3,3,-2,-6,-6,-8
-11,-12,-4,4,-7,-9,3,4,-1,-6,-6,-8
-12,-12,-4,4,-7,-9,4,4,-1,-5,-6,-7
-11,-12,-5,4,-7,-10,3,4,-1,-5,-6,-7
-11,-12,-6,3,-6,-10,3,3,-2,-6,-6,-7
-10,-12,-7,3,-5,-10,3,3,-2,-6,-6,-7
-10,-12,-6,3,-6,-9,3,3,-2,-6,-6,-7
-11,-12,-5,3,-7,-9,3,4,-2,-6,-6,-6
-11,-12,-5,3,-7,-9,3,4,-2,-5,-6,-6
-10,-12,-5,2,-6,-9,3,3,-2,-5,-6,-6
-8,-11,-7,1,-5,-9,3,3,-2,-6,-6,-6
-7,-10,-8,0,-4,-9,3,2,-3,-6,-7,-6
-8,-11,-8,1,-4,-10,2,2,-3,-7,-7,-6
-9,-11,-7,2,-5,-10,2,2,-3,-7,-7,-6
-10,-12,-7,2,-6,-10,2,2,-3,-7,-7,-6
-11,-12,-6,3,-7,-10,2,2,-3,-7,-7,-6
-12,-12,-5,3,-7,-10,2,2,-3,-7,-7,-6
-11,-12,-5,3,-7,-10,2,2,-3,-7,-7,-6
-10,-12,-5,2,-6,-10,2,2,-3,-7,-7,-6
-10,-12,-6,2,-6,-10,2,2,-3,-7,-7,-6
-10,-12,-6,2,-6,-10,2,2,-3,-7,-7,-6
-10,-12,-7,2,-6,-10,2,2,-3,-7,-7,-6
-10,-13,-7,3,-6,-10,2,2,-4,-7,-7,-6
-11,-13,-7,3,-6,-11,2,2,-4,-8,-7,-6
-11,-12,-7,3,-6,-10,2,2,-5,-8,-7,-6
-11,-12,-6,2,-6,-10,2,2,-5,-7,-7,-5
-9,-11,-7,0,-5,-10,2,2,-4,-7,-7,-5
-8,-10,-7,0,-5,-9,2,3,-4,-7,-7,-4
-7,-10,-7,-1,-5,-9,2,3,-3,-6,-6,-4
-6,-9,-7,-1,-5,-9,3,4,-2,-5,-6,-3
-6,-8,-6,-2,-5,-8,3,5,-2,-5,-5,-3
-6,-7,-6,-2,-5,-8,4,6,-1,-4,-5,-3
-6,-7,-7,-2,-5,-8,4,7,-1,-4,-5,-3
-5,-7,-7,-2,-4,-8,4,7,-1,-4,-4,-3
-4,-7,-7,-3,-4,-8,4,7,-1,-4,-4,-4
-4,-8,-8,-3,-4,-8,4,7,-1,-4,-4,-4
-6,-8,-7,-2,-5,-8,4,7,-1,-4,-4,-4
-7,-9,-6,-1,-6,-8,4,7,-1,-4,-4,-4
-8,-9,-6,-1,-6,-8,4,7,-1,-4,-4,-4
-8,-9,-6,-1,-5,-8,4,7,-1,-4,-4,-4
-7,-8,-6,-2,-5,-8,4,8,0,-3,-3,-3
-6,-7,-6,-3,-5,-7,3,8,0,-3,-3,-2
-6,-6,-6,-3,-5,-6,2,7,0,-2,-2,-1
-4,-6,-7,-4,-4,-7,1,7,1,-2,-2,-1
-3,-6,-8,-5,-3,-7,0,7,1,-1,-1,-1
-2,-5,-8,-6,-2,-7,-1,7,1,-1,-1,-1
-1,-5,-9,-7,-1,-7,-1,6,1,-1,-2,-1
0,-5,-10,-7,0,-8,-2,5,0,-2,-2,-2
0,-5,-10,-7,0,-8,-2,5,0,-2,-2,-2
0,-6,-11,-7,0,-9,-2,5,0,-2,-2,-2
0,-6,-11,-7,0,-9,-2,4,-1,-3,-3,-2
-1,-7,-11,-6,0,-9,-2,3,-1,-3,-3,-2
-1,-8,-12,-6,0,-10,-2,3,-2,-4,-3,-3
-1,-8,-12,-5,0,-10,-2,2,-2,-5,-4,-3
-3,-9,-12,-4,-1,-10,-2,2,-3,-5,-4,-3
-4,-9,-11,-3,-2,-10,-1,2,-3,-5,-4,-3
-5,-10,-11,-3,-2,-11,-1,2,-3,-5,-4,-3
-6,-10,-11,-2,-3,-11,-1,2,-3,-5,-4,-3
-5,-11,-11,-2,-2,-12,-1,2,-3,-5,-5,-3
-4,-12,-13,-2,0,-13,-1,2,-3,-6,-5,-4
-4,-13,-14,-2,0,-14,-1,2,-4,-7,-6,-5
-4,-14,-14,-1,0,-14,-1,1,-4,-7,-6,-5
-5,-14,-13,-1,-1,-14,0,1,-5,-7,-6,-6
-6,-14,-12,-1,-2,-13,0,1,-5,-7,-7,-6
-8,-14,-10,0,-4,-13,1,1,-6,-7,-7,-6
-9,-14,-10,0,-5,-13,1,1,-6,-8,-8,-6
-10,-14,-10,1,-5,-13,2,0,-6,-8,-8,-6
-10,-15,-11,1,-5,-14,2,0,-7,-9,-9,-7
-11,-15,-11,2,-6,-14,2,0,-7,-9,-9,-7
-12,-15,-10,2,-6,-13,3,0,-7,-10,-9,-7
-12,-16,-9,2,-7,-13,3,0,-8,-10,-10,-7
-12,-16,-9,2,-7,-14,2,0,-8,-11,-10,-8
-13,-17,-9,3,-8,-14,2,-1,-8,-11,-10,-8
-14,-17,-9,4,-8,-14,2,-1,-8,-11,-10,-8
-13,-17,-10,3,-7,-14,2,-2,-9,-11,-10,-8
-12,-16,-11,2,-6,-14,1,-2,-9,-10,-10,-8
-12,-16,-10,3,-6,-14,2,-1,-8,-10,-10,-8
-13,-16,-10,3,-7,-13,2,-1,-8,-10,-10,-8
-14,-17,-9,4,-7,-13,3,-1,-8,-10,-10,-9
-14,-17,-9,4,-7,-14,3,-1,-8,-10,-10,-9
-14,-17,-9,4,-7,-14,3,-1,-8,-10,-10,-9
-14,-17,-9,4,-7,-14,3,-1,-8,-10,-10,-9
-13,-17,-10,4,-7,-15,3,-1,-8,-10,-10,-9
-12,-17,-11,4,-6,-15,3,-1,-8,-10,-10,-9
-12,-17,-11,4,-7,-15,3,0,-8,-10,-10,-9
-14,-18,-9,4,-8,-14,4,0,-7,-10,-10,-9
-15,-18,-9,5,-9,-14,5,1,-7,-10,-10,-9
-16,-19,-9,5,-9,-15,6,2,-7,-10,-10,-10
-16,-19,-9,6,-9,-16,8,5,-6,-10,-11,-12
-16,-20,-10,6,-9,-16,11,10,-4,-10,-11,-13
-16,-20,-10,6,-9,-16,14,15,0,-8,-10,-13
-16,-19,-9,5,-9,-15,17,21,4,-5,-8,-12
-15,-17,-8,4,-9,-13,20,28,10,0,-5,-10
-12,-13,-7,1,-8,-11,22,35,18,6,0,-7
-6,-9,-9,-4,-4,-9,24,43,27,13,6,-3
0,-5,-10,-10,0,-8,25,53,38,22,14,2
7,0,-12,-16,3,-6,25,63,50,31,23,8
14,5,-14,-22,8,-5,23,68,60,39,33,17
23,11,-17,-30,13,-3,17,68,68,48,43,26
31,17,-20,-37,19,-1,11,67,76,56,54,37
37,24,-19,-43,22,2,4,63,82,65,65,48
43,33,-16,-51,24,8,-4,54,86,73,77,61
49,43,-12,-58,24,15,-16,39,86,80,88,74
51,53,-4,-65,22,24,-28,20,82,85,97,87
48,64,9,-69,13,36,-38,-2,74,88,103,98
42,71,24,-69,3,47,-47,-25,60,84,103,104
32,72,34,-65,-7,52,-53,-47,38,70,90,98
19,64,39,-54,-16,51,-57,-68,8,46,66,82
4,51,40,-40,-24,45,-58,-89,-26,16,37,60
-8,35,37,-26,-29,36,-59,-106,-59,-12,7,38
-18,22,33,-14,-32,27,-57,-115,-82,-35,-15,19
-24,11,28,-7,-32,19,-54,-117,-94,-49,-30,6
-26,3,22,-1,-31,11,-50,-112,-97,-56,-38,-3
-27,-4,16,2,-29,5,-45,-105,-95,-59,-43,-10
-28,-10,11,5,-27,0,-41,-96,-90,-59,-45,-15
-29,-14,7,8,-25,-4,-36,-86,-83,-57,-45,-18
-28,-17,4,9,-23,-7,-32,-75,-74,-54,-43,-20
-27,-18,1,9,-21,-9,-27,-64,-64,-48,-40,-20
-25,-18,0,8,-19,-10,-23,-53,-55,-42,-35,-19
-22,-18,-2,7,-16,-11,-18,-43,-46,-36,-31,-17
-21,-18,-4,6,-15,-12,-14,-34,-38,-31,-27,-16
-20,-18,-5,5,-14,-12,-10,-26,-31,-26,-23,-14
-18,-18,-7,4,-13,-13,-7,-19,-25,-22,-20,-13
-17,-18,-8,3,-11,-13,-4,-13,-20,-19,-18,-12
-16,-18,-9,3,-10,-14,-2,-9,-16,-16,-16,-11
-15,-18,-10,2,-9,-14,-1,-5,-13,-15,-15,-10
-14,-18,-10,2,-9,-14,0,-3,-11,-14,-14,-10
-14,-18,-10,2,-9,-14,1,-1,-9,-13,-13,-10
-14,-18,-10,2,-9,-15,1,0,-8,-12,-13,-10
-14,-18,-12,2,-8,-16,1,0,-8,-12,-13,-10
-13,-18,-13,1,-7,-17,2,0,-8,-12,-13,-10
-13,-18,-13,1,-7,-16,2,1,-7,-11,-12,-10
-14,-18,-12,1,-8,-16,3,2,-6,-11,-12,-9
-15,-18,-11,2,-9,-15,3,3,-6,-11,-11,-9
-16,-19,-11,3,-10,-15,3,3,-5,-11,-11,-9
-17,-20,-11,4,-10,-16,3,4,-5,-11,-11,-10
-16,-20,-11,4,-9,-16,3,4,-5,-10,-11,-10
-15,-20,-13,3,-8,-17,3,4,-5,-10,-11,-10
-14,-20,-13,2,-7,-17,3,4,-5,-10,-11,-11
-14,-20,-13,2,-7,-17,3,4,-5,-10,-11,-11
-13,-20,-13,1,-7,-17,3,4,-4,-10,-11,-11
-12,-20,-14,1,-7,-17,3,4,-4,-10,-11,-11
-12,-20,-15,1,-6,-18,3,4,-4,-10,-11,-11
-12,-20,-15,1,-6,-18,3,4,-4,-10,-11,-11
-13,-20,-14,1,-7,-17,3,5,-4,-10,-10,-10
-14,-20,-13,2,-8,-17,3,5,-3,-10,-10,-10
-14,-20,-13,2,-8,-17,3,5,-3,-9,-10,-10
-13,-20,-13,2,-8,-17,3,5,-3,-9,-9,-10
-13,-20,-13,2,-8,-17,3,5,-3,-8,-9,-10
-14,-20,-13,2,-9,-16,4,6,-3,-8,-9,-10
-13,-20,-13,1,-8,-16,4,6,-3,-8,-9,-10
-12,-19,-14,0,-7,-17,3,6,-3,-8,-9,-9
-13,-19,-14,0,-7,-17,3,7,-2,-8,-8,-9
-14,-19,-13,1,-8,-16,3,7,-2,-7,-8,-8
-14,-19,-13,1,-8,-16,3,7,-2,-7,-8,-9
-14,-19,-13,0,-8,-16,2,7,-2,-8,-8,-9
-13,-19,-13,0,-8,-16,2,7,-2,-8,-8,-9
-13,-19,-13,0,-8,-16,2,7,-2,-8,-8,-9
-14,-19,-13,1,-9,-16,3,8,-2,-8,-8,-9
-14,-19,-12,1,-9,-16,3,8,-2,-8,-8,-9
-14,-19,-13,1,-9,-16,3,8,-2,-8,-8,-9
-14,-19,-13,0,-8,-16,3,8,-2,-8,-8,-9
-14,-20,-14,1,-8,-17,3,8,-2,-8,-8,-9
-14,-22,-16,1,-7,-19,3,8,-2,-8,-8,-9
-13,-23,-17,1,-6,-20,3,9,-1,-8,-7,-9
-13,-23,-18,1,-6,-20,3,9,-1,-7,-7,-8
-13,-23,-19,1,-5,-21,3,9,0,-7,-6,-8
-13,-24,-19,2,-5,-21,3,10,0,-6,-6,-7
-13,-24,-19,2,-5,-22,4,11,1,-5,-5,-7
-13,-24,-19,1,-5,-22,4,11,1,-5,-5,-6
-12,-24,-20,1,-4,-23,3,11,1,-4,-4,-6
-12,-24,-21,1,-4,-23,3,11,1,-4,-4,-6
-11,-24,-21,0,-3,-23,3,11,1,-5,-4,-6
-10,-23,-21,0,-3,-23,3,11,2,-5,-4,-6
-11,-23,-21,0,-3,-23,3,11,2,-5,-4,-6
-12,-24,-20,0,-4,-22,3,11,2,-5,-4,-6
-12,-24,-21,0,-4,-22,3,11,2,-5,-4,-6
-11,-23,-21,0,-3,-22,3,11,2,-5,-4,-6
-11,-23,-21,0,-4,-22,3,11,3,-4,-4,-6
-12,-24,-20,0,-5,-22,4,12,3,-4,-3,-5
-12,-24,-21,0,-5,-23,4,12,3,-4,-3,-6
-11,-24,-21,0,-4,-23,3,12,3,-4,-4,-6
-11,-24,-22,0,-3,-23,3,12,3,-4,-4,-6
-11,-24,-22,0,-3,-23,3,13,3,-5,-3,-6
-10,-24,-23,-1,-3,-23,3,13,4,-6,-3,-6
-9,-24,-24,-1,-2,-24,3,13,4,-6,-3,-6
-8,-24,-24,-2,-1,-24,3,13,4,-6,-3,-6
-8,-23,-25,-2,0,-24,3,14,5,-6,-2,-6
-8,-23,-24,-2,-1,-24,3,14,5,-6,-1,-5
-9,-23,-22,-2,-3,-23,3,15,6,-5,-1,-5
-10,-23,-22,-1,-4,-23,3,16,7,-5,0,-4
-10,-24,-22,-1,-3,-23,3,16,7,-5,0,-4
-9,-24,-23,-2,-2,-24,3,16,8,-5,0,-4
-8,-23,-24,-3,-1,-24,3,16,8,-5,0,-4
-7,-23,-25,-3,-1,-24,2,16,8,-5,0,-4
-7,-22,-25,-4,-1,-23,2,17,9,-4,0,-4
-6,-21,-25,-5,0,-23,2,17,9,-4,1,-4
